#! FIELDS refcv hh dhh_refcv
#! SET normalisation  500.000000
#! SET min_refcv -0.5
#! SET max_refcv 3
#! SET nbins_refcv  2000
#! SET periodic_refcv false
 -0.500000 0.000000 0.000000
 -0.498250 0.000000 0.000000
 -0.496500 0.000000 0.000000
 -0.494750 0.000000 0.000000
 -0.493000 0.000000 0.000000
 -0.491250 0.000000 0.000000
 -0.489500 0.000000 0.000000
 -0.487750 0.000000 0.000000
 -0.486000 0.000000 0.000000
 -0.484250 0.000000 0.000000
 -0.482500 0.000000 0.000000
 -0.480750 0.000000 0.000000
 -0.479000 0.000000 0.000000
 -0.477250 0.000000 0.000000
 -0.475500 0.000000 0.000000
 -0.473750 0.000000 0.000000
 -0.472000 0.000000 0.000000
 -0.470250 0.000000 0.000000
 -0.468500 0.000000 0.000000
 -0.466750 0.000000 0.000000
 -0.465000 0.000000 0.000000
 -0.463250 0.000000 0.000000
 -0.461500 0.000000 0.000000
 -0.459750 0.000000 0.000000
 -0.458000 0.000000 0.000000
 -0.456250 0.000000 0.000000
 -0.454500 0.000000 0.000000
 -0.452750 0.000000 0.000000
 -0.451000 0.000000 0.000000
 -0.449250 0.000000 0.000000
 -0.447500 0.000000 0.000000
 -0.445750 0.000000 0.000000
 -0.444000 0.000000 0.000000
 -0.442250 0.000000 0.000000
 -0.440500 0.000000 0.000000
 -0.438750 0.000000 0.000000
 -0.437000 0.000000 0.000000
 -0.435250 0.000000 0.000000
 -0.433500 0.000000 0.000000
 -0.431750 0.000000 0.000000
 -0.430000 0.000000 0.000000
 -0.428250 0.000000 0.000000
 -0.426500 0.000000 0.000000
 -0.424750 0.000000 0.000000
 -0.423000 0.000000 0.000000
 -0.421250 0.000000 0.000000
 -0.419500 0.000000 0.000000
 -0.417750 0.000000 0.000000
 -0.416000 0.000000 0.000000
 -0.414250 0.000000 0.000000
 -0.412500 0.000000 0.000000
 -0.410750 0.000000 0.000000
 -0.409000 0.000000 0.000000
 -0.407250 0.000000 0.000000
 -0.405500 0.000000 0.000000
 -0.403750 0.000000 0.000000
 -0.402000 0.000000 0.000000
 -0.400250 0.000000 0.000000
 -0.398500 0.000000 0.000000
 -0.396750 0.000000 0.000000
 -0.395000 0.000000 0.000000
 -0.393250 0.000000 0.000000
 -0.391500 0.000000 0.000000
 -0.389750 0.000000 0.000000
 -0.388000 0.000000 0.000000
 -0.386250 0.000000 0.000000
 -0.384500 0.000000 0.000000
 -0.382750 0.000000 0.000000
 -0.381000 0.000000 0.000000
 -0.379250 0.000000 0.000000
 -0.377500 0.000000 0.000000
 -0.375750 0.000000 0.000000
 -0.374000 0.000000 0.000000
 -0.372250 0.000000 0.000000
 -0.370500 0.000000 0.000000
 -0.368750 0.000000 0.000000
 -0.367000 0.000000 0.000000
 -0.365250 0.000000 0.000000
 -0.363500 0.000000 0.000000
 -0.361750 0.000000 0.000000
 -0.360000 0.000000 0.000000
 -0.358250 0.000000 0.000000
 -0.356500 0.000000 0.000000
 -0.354750 0.000000 0.000000
 -0.353000 0.000000 0.000000
 -0.351250 0.000000 0.000000
 -0.349500 0.000000 0.000000
 -0.347750 0.000000 0.000000
 -0.346000 0.000000 0.000000
 -0.344250 0.000000 0.000000
 -0.342500 0.000000 0.000000
 -0.340750 0.000000 0.000000
 -0.339000 0.000000 0.000000
 -0.337250 0.000000 0.000000
 -0.335500 0.000000 0.000000
 -0.333750 0.000000 0.000000
 -0.332000 0.000000 0.000000
 -0.330250 0.000000 0.000000
 -0.328500 0.000000 0.000000
 -0.326750 0.000000 0.000000
 -0.325000 0.000000 0.000000
 -0.323250 0.000000 0.000000
 -0.321500 0.000000 0.000000
 -0.319750 0.000000 0.000000
 -0.318000 0.000000 0.000000
 -0.316250 0.000000 0.000000
 -0.314500 0.000000 0.000000
 -0.312750 0.000000 0.000000
 -0.311000 0.000000 0.000000
 -0.309250 0.000000 0.000000
 -0.307500 0.000000 0.000000
 -0.305750 0.000000 0.000000
 -0.304000 0.000000 0.000000
 -0.302250 0.000000 0.000000
 -0.300500 0.000000 0.000000
 -0.298750 0.000000 0.000000
 -0.297000 0.000000 0.000000
 -0.295250 0.000000 0.000000
 -0.293500 0.000000 0.000000
 -0.291750 0.000000 0.000000
 -0.290000 0.000000 0.000000
 -0.288250 0.000000 0.000000
 -0.286500 0.000000 0.000000
 -0.284750 0.000000 0.000000
 -0.283000 0.000000 0.000000
 -0.281250 0.000000 0.000000
 -0.279500 0.000000 0.000000
 -0.277750 0.000000 0.000000
 -0.276000 0.000000 0.000000
 -0.274250 0.000000 0.000000
 -0.272500 0.000000 0.000000
 -0.270750 0.000000 0.000000
 -0.269000 0.000000 0.000000
 -0.267250 0.000000 0.000000
 -0.265500 0.000000 0.000000
 -0.263750 0.000000 0.000000
 -0.262000 0.000000 0.000000
 -0.260250 0.000000 0.000000
 -0.258500 0.000000 0.000000
 -0.256750 0.000000 0.000000
 -0.255000 0.000000 0.000000
 -0.253250 0.000000 0.000000
 -0.251500 0.000000 0.000000
 -0.249750 0.000000 0.000000
 -0.248000 0.000000 0.000000
 -0.246250 0.000000 0.000000
 -0.244500 0.000000 0.000000
 -0.242750 0.000000 0.000000
 -0.241000 0.000000 0.000000
 -0.239250 0.000000 0.000000
 -0.237500 0.000000 0.000000
 -0.235750 0.000000 0.000000
 -0.234000 0.000000 0.000000
 -0.232250 0.000000 0.000000
 -0.230500 0.000000 0.000000
 -0.228750 0.000000 0.000000
 -0.227000 0.000000 0.000000
 -0.225250 0.000000 0.000000
 -0.223500 0.000000 0.000000
 -0.221750 0.000000 0.000000
 -0.220000 0.000000 0.000000
 -0.218250 0.000000 0.000000
 -0.216500 0.000000 0.000000
 -0.214750 0.000000 0.000000
 -0.213000 0.000000 0.000000
 -0.211250 0.000000 0.000000
 -0.209500 0.000000 0.000000
 -0.207750 0.000000 0.000000
 -0.206000 0.000000 0.000000
 -0.204250 0.000000 0.000000
 -0.202500 0.000000 0.000000
 -0.200750 0.000000 0.000000
 -0.199000 0.000000 0.000000
 -0.197250 0.000000 0.000000
 -0.195500 0.000000 0.000000
 -0.193750 0.000000 0.000000
 -0.192000 0.000000 0.000000
 -0.190250 0.000000 0.000000
 -0.188500 0.000000 0.000000
 -0.186750 0.000000 0.000000
 -0.185000 0.000000 0.000000
 -0.183250 0.000000 0.000000
 -0.181500 0.000000 0.000000
 -0.179750 0.000000 0.000000
 -0.178000 0.000000 0.000000
 -0.176250 0.000000 0.000000
 -0.174500 0.000000 0.000000
 -0.172750 0.000000 0.000000
 -0.171000 0.000000 0.000000
 -0.169250 0.000000 0.000000
 -0.167500 0.000000 0.000000
 -0.165750 0.000000 0.000000
 -0.164000 0.000000 0.000000
 -0.162250 0.000000 0.000000
 -0.160500 0.000000 0.000000
 -0.158750 0.000000 0.000000
 -0.157000 0.000000 0.000000
 -0.155250 0.000000 0.000000
 -0.153500 0.000000 0.000000
 -0.151750 0.000000 0.000000
 -0.150000 0.000000 0.000000
 -0.148250 0.000000 0.000000
 -0.146500 0.000000 0.000000
 -0.144750 0.000000 0.000000
 -0.143000 0.000000 0.000000
 -0.141250 0.000000 0.000000
 -0.139500 0.000000 0.000000
 -0.137750 0.000000 0.000000
 -0.136000 0.000000 0.000000
 -0.134250 0.000000 0.000000
 -0.132500 0.000000 0.000000
 -0.130750 0.000000 0.000000
 -0.129000 0.000000 0.000000
 -0.127250 0.000000 0.000000
 -0.125500 0.000000 0.000000
 -0.123750 0.000000 0.000000
 -0.122000 0.000000 0.000000
 -0.120250 0.000000 0.000000
 -0.118500 0.000000 0.000000
 -0.116750 0.000000 0.000000
 -0.115000 0.000000 0.000000
 -0.113250 0.000000 0.000000
 -0.111500 0.000000 0.000000
 -0.109750 0.000000 0.000000
 -0.108000 0.000000 0.000000
 -0.106250 0.000000 0.000000
 -0.104500 0.000000 0.000000
 -0.102750 0.000000 0.000000
 -0.101000 0.000000 0.000000
 -0.099250 0.000000 0.000000
 -0.097500 0.000000 0.000000
 -0.095750 0.000000 0.000000
 -0.094000 0.000000 0.000000
 -0.092250 0.000000 0.000000
 -0.090500 0.000000 0.000000
 -0.088750 0.000000 0.000000
 -0.087000 0.000000 0.000000
 -0.085250 0.000000 0.000000
 -0.083500 0.000000 0.000000
 -0.081750 0.000000 0.000000
 -0.080000 0.000000 0.000000
 -0.078250 0.000000 0.000000
 -0.076500 0.000000 0.000000
 -0.074750 0.000000 0.000000
 -0.073000 0.000000 0.000000
 -0.071250 0.000000 0.000000
 -0.069500 0.000000 0.000000
 -0.067750 0.000000 0.000000
 -0.066000 0.000000 0.000000
 -0.064250 0.000000 0.000000
 -0.062500 0.000000 0.000000
 -0.060750 0.000000 0.000000
 -0.059000 0.000000 0.000000
 -0.057250 0.000000 0.000000
 -0.055500 0.000000 0.000000
 -0.053750 0.000000 0.000000
 -0.052000 0.000000 0.000000
 -0.050250 0.000000 0.000000
 -0.048500 0.000000 0.000000
 -0.046750 0.000000 0.000000
 -0.045000 0.000000 0.000000
 -0.043250 0.000000 0.000000
 -0.041500 0.000000 0.000000
 -0.039750 0.000000 0.000000
 -0.038000 0.000000 0.000000
 -0.036250 0.000000 0.000000
 -0.034500 0.000000 0.000000
 -0.032750 0.000000 0.000000
 -0.031000 0.000000 0.000000
 -0.029250 0.000000 0.000000
 -0.027500 0.000000 0.000000
 -0.025750 0.000000 0.000000
 -0.024000 0.000000 0.000000
 -0.022250 0.000000 0.000000
 -0.020500 0.000000 0.000000
 -0.018750 0.000000 0.000000
 -0.017000 0.000000 0.000000
 -0.015250 0.000000 0.000000
 -0.013500 0.000000 0.000000
 -0.011750 0.000000 0.000000
 -0.010000 0.000000 0.000000
 -0.008250 0.000000 0.000000
 -0.006500 0.000000 0.000000
 -0.004750 0.000000 0.000000
 -0.003000 0.000000 0.000000
 -0.001250 0.000000 0.000000
 0.000500 0.000000 0.000000
 0.002250 0.000000 0.000000
 0.004000 0.000000 0.000000
 0.005750 0.000000 0.000000
 0.007500 0.000000 0.000000
 0.009250 0.000000 0.000000
 0.011000 0.000000 0.000000
 0.012750 0.000000 0.000000
 0.014500 0.000000 0.000000
 0.016250 0.000000 0.000000
 0.018000 0.000000 0.000000
 0.019750 0.000000 0.000000
 0.021500 0.000000 0.000000
 0.023250 0.000000 0.000000
 0.025000 0.000000 0.000000
 0.026750 0.000000 0.000000
 0.028500 0.000000 0.000000
 0.030250 0.000000 0.000000
 0.032000 0.000000 0.000000
 0.033750 0.000000 0.000000
 0.035500 0.000000 0.000000
 0.037250 0.000000 0.000000
 0.039000 0.000000 0.000000
 0.040750 0.000000 0.000000
 0.042500 0.000000 0.000000
 0.044250 0.000000 0.000000
 0.046000 0.000000 0.000000
 0.047750 0.000000 0.000000
 0.049500 0.000000 0.000000
 0.051250 0.000000 0.000000
 0.053000 0.000000 0.000000
 0.054750 0.000000 0.000000
 0.056500 0.000000 0.000000
 0.058250 0.000000 0.000000
 0.060000 0.000000 0.000000
 0.061750 0.000000 0.000000
 0.063500 0.000000 0.000000
 0.065250 0.000000 0.000000
 0.067000 0.000000 0.000000
 0.068750 0.000000 0.000000
 0.070500 0.000000 0.000000
 0.072250 0.000000 0.000000
 0.074000 0.000000 0.000000
 0.075750 0.000000 0.000000
 0.077500 0.000000 0.000000
 0.079250 0.000000 0.000000
 0.081000 0.000000 0.000000
 0.082750 0.000000 0.000000
 0.084500 0.000000 0.000000
 0.086250 0.000000 0.000000
 0.088000 0.000000 0.000000
 0.089750 0.000000 0.000000
 0.091500 0.000000 0.000000
 0.093250 0.000000 0.000000
 0.095000 0.000000 0.000000
 0.096750 0.000000 0.000000
 0.098500 0.000000 0.000000
 0.100250 0.000000 0.000000
 0.102000 0.000000 0.000000
 0.103750 0.000000 0.000000
 0.105500 0.000000 0.000000
 0.107250 0.000000 0.000000
 0.109000 0.000000 0.000000
 0.110750 0.000000 0.000000
 0.112500 0.000000 0.000000
 0.114250 0.000000 0.000000
 0.116000 0.000000 0.000000
 0.117750 0.000000 0.000000
 0.119500 0.000000 0.000000
 0.121250 0.000000 0.000000
 0.123000 0.000000 0.000000
 0.124750 0.000000 0.000000
 0.126500 0.000000 0.000000
 0.128250 0.000000 0.000000
 0.130000 0.000000 0.000000
 0.131750 0.000000 0.000000
 0.133500 0.000000 0.000000
 0.135250 0.000000 0.000000
 0.137000 0.000000 0.000000
 0.138750 0.000000 0.000000
 0.140500 0.000000 0.000000
 0.142250 0.000000 0.000000
 0.144000 0.000000 0.000000
 0.145750 0.000000 0.000000
 0.147500 0.000000 0.000000
 0.149250 0.000000 0.000000
 0.151000 0.000000 0.000000
 0.152750 0.000000 0.000000
 0.154500 0.000000 0.000000
 0.156250 0.000000 0.000000
 0.158000 0.000000 0.000000
 0.159750 0.000000 0.000000
 0.161500 0.000000 0.000000
 0.163250 0.000000 0.000000
 0.165000 0.000000 0.000000
 0.166750 0.000000 0.000000
 0.168500 0.000000 0.000000
 0.170250 0.000000 0.000000
 0.172000 0.000000 0.000000
 0.173750 0.000000 0.000000
 0.175500 0.000000 0.000000
 0.177250 0.000000 0.000000
 0.179000 0.000000 0.000000
 0.180750 0.000000 0.000000
 0.182500 0.000000 0.000000
 0.184250 0.000000 0.000000
 0.186000 0.000000 0.000000
 0.187750 0.000000 0.000000
 0.189500 0.000000 0.000000
 0.191250 0.000000 0.000000
 0.193000 0.000000 0.000000
 0.194750 0.000000 0.000000
 0.196500 0.000000 0.000000
 0.198250 0.000000 0.000000
 0.200000 0.000000 0.000000
 0.201750 0.000000 0.000000
 0.203500 0.000000 0.000000
 0.205250 0.000000 0.000000
 0.207000 0.000000 0.000000
 0.208750 0.000000 0.000000
 0.210500 0.000000 0.000000
 0.212250 0.000000 0.000000
 0.214000 0.000000 0.000000
 0.215750 0.000000 0.000000
 0.217500 0.000000 0.000000
 0.219250 0.000000 0.000000
 0.221000 0.000000 0.000000
 0.222750 0.000000 0.000000
 0.224500 0.000000 0.000000
 0.226250 0.000000 0.000000
 0.228000 0.000000 0.000000
 0.229750 0.000000 0.000000
 0.231500 0.000000 0.000000
 0.233250 0.000000 0.000000
 0.235000 0.000000 0.000000
 0.236750 0.000000 0.000000
 0.238500 0.000000 0.000000
 0.240250 0.000000 0.000000
 0.242000 0.000000 0.000000
 0.243750 0.000000 0.000000
 0.245500 0.000000 0.000000
 0.247250 0.000000 0.000000
 0.249000 0.000000 0.000000
 0.250750 0.000000 0.000000
 0.252500 0.000000 0.000000
 0.254250 0.000000 0.000000
 0.256000 0.000000 0.000000
 0.257750 0.000000 0.000000
 0.259500 0.000000 0.000000
 0.261250 0.000000 0.000000
 0.263000 0.000000 0.000000
 0.264750 0.000000 0.000000
 0.266500 0.000000 0.000000
 0.268250 0.000000 0.000000
 0.270000 0.000000 0.000000
 0.271750 0.000000 0.000000
 0.273500 0.000000 0.000000
 0.275250 0.000000 0.000000
 0.277000 0.000000 0.000000
 0.278750 0.000000 0.000000
 0.280500 0.000000 0.000000
 0.282250 0.000000 0.000000
 0.284000 0.000000 0.000000
 0.285750 0.000000 0.000000
 0.287500 0.000000 0.000000
 0.289250 0.000000 0.000000
 0.291000 0.000000 0.000000
 0.292750 0.000000 0.000000
 0.294500 0.000000 0.000000
 0.296250 0.000000 0.000000
 0.298000 0.000000 0.000000
 0.299750 0.000000 0.000000
 0.301500 0.000000 0.000000
 0.303250 0.000000 0.000000
 0.305000 0.000000 0.000000
 0.306750 0.000000 0.000000
 0.308500 0.000000 0.000000
 0.310250 0.000000 0.000000
 0.312000 0.000000 0.000000
 0.313750 0.000000 0.000000
 0.315500 0.000000 0.000000
 0.317250 0.000000 0.000000
 0.319000 0.000000 0.000000
 0.320750 0.000000 0.000000
 0.322500 0.000000 0.000000
 0.324250 0.000000 0.000000
 0.326000 0.000000 0.000000
 0.327750 0.000000 0.000000
 0.329500 0.000000 0.000000
 0.331250 0.000000 0.000000
 0.333000 0.000000 0.000000
 0.334750 0.000000 0.000000
 0.336500 0.000000 0.000000
 0.338250 0.000000 0.000000
 0.340000 0.000000 0.000000
 0.341750 0.000000 0.000000
 0.343500 0.000000 0.000000
 0.345250 0.000000 0.000000
 0.347000 0.000000 0.000000
 0.348750 0.000000 0.000000
 0.350500 0.000000 0.000000
 0.352250 0.000000 0.000000
 0.354000 0.000000 0.000000
 0.355750 0.000000 0.000000
 0.357500 0.000000 0.000000
 0.359250 0.000000 0.000000
 0.361000 0.000000 0.000000
 0.362750 0.000000 0.000000
 0.364500 0.000000 0.000000
 0.366250 0.000000 0.000000
 0.368000 0.000000 0.000000
 0.369750 0.000000 0.000000
 0.371500 0.000000 0.000000
 0.373250 0.000000 0.000000
 0.375000 0.000000 0.000000
 0.376750 0.000000 0.000000
 0.378500 0.000000 0.000000
 0.380250 0.000000 0.000000
 0.382000 0.000000 0.000000
 0.383750 0.000000 0.000000
 0.385500 0.000000 0.000000
 0.387250 0.000000 0.000000
 0.389000 0.000000 0.000000
 0.390750 0.000000 0.000000
 0.392500 0.000000 0.000000
 0.394250 0.000000 0.000000
 0.396000 0.000000 0.000000
 0.397750 0.000000 0.000000
 0.399500 0.000000 0.000000
 0.401250 0.000000 0.000000
 0.403000 0.000000 0.000000
 0.404750 0.000000 0.000000
 0.406500 0.000000 0.000000
 0.408250 0.000000 0.000000
 0.410000 0.000000 0.000000
 0.411750 0.000000 0.000000
 0.413500 0.000000 0.000000
 0.415250 0.000000 0.000000
 0.417000 0.000000 0.000000
 0.418750 0.000000 0.000000
 0.420500 0.000000 0.000000
 0.422250 0.000000 0.000000
 0.424000 0.000000 0.000000
 0.425750 0.000000 0.000000
 0.427500 0.000000 0.000000
 0.429250 0.000000 0.000000
 0.431000 0.000000 0.000000
 0.432750 0.000000 0.000000
 0.434500 0.000000 0.000000
 0.436250 0.000000 0.000000
 0.438000 0.000000 0.000000
 0.439750 0.000000 0.000000
 0.441500 0.000000 0.000000
 0.443250 0.000000 0.000000
 0.445000 0.000000 0.000000
 0.446750 0.000000 0.000000
 0.448500 0.000000 0.000000
 0.450250 0.000000 0.000000
 0.452000 0.000000 0.000000
 0.453750 0.000000 0.000000
 0.455500 0.000000 0.000000
 0.457250 0.000000 0.000000
 0.459000 0.000000 0.000000
 0.460750 0.000000 0.000000
 0.462500 0.000000 0.000000
 0.464250 0.000000 0.000000
 0.466000 0.000000 0.000000
 0.467750 0.000000 0.000000
 0.469500 0.000000 0.000000
 0.471250 0.000000 0.000000
 0.473000 0.000000 0.000000
 0.474750 0.000000 0.000000
 0.476500 0.000000 0.000000
 0.478250 0.000000 0.000000
 0.480000 0.000000 0.000000
 0.481750 0.000000 0.000000
 0.483500 0.000000 0.000000
 0.485250 0.000000 0.000000
 0.487000 0.000000 0.000000
 0.488750 0.000000 0.000000
 0.490500 0.000000 0.000000
 0.492250 0.000000 0.000000
 0.494000 0.000000 0.000000
 0.495750 0.000000 0.000000
 0.497500 0.000000 0.000000
 0.499250 0.000000 0.000000
 0.501000 0.000000 0.000000
 0.502750 0.000000 0.000000
 0.504500 0.000000 0.000000
 0.506250 0.000000 0.000000
 0.508000 0.000000 0.000000
 0.509750 0.000000 0.000000
 0.511500 0.000000 0.000000
 0.513250 0.000000 0.000000
 0.515000 0.000000 0.000000
 0.516750 0.000000 0.000000
 0.518500 0.000000 0.000000
 0.520250 0.000000 0.000000
 0.522000 0.000000 0.000000
 0.523750 0.000000 0.000000
 0.525500 0.000000 0.000000
 0.527250 0.000000 0.000000
 0.529000 0.000000 0.000000
 0.530750 0.000000 0.000000
 0.532500 0.000000 0.000000
 0.534250 0.000000 0.000000
 0.536000 0.000000 0.000000
 0.537750 0.000000 0.000000
 0.539500 0.000000 0.000000
 0.541250 0.000000 0.000000
 0.543000 0.000000 0.000000
 0.544750 0.000000 0.000000
 0.546500 0.000000 0.000000
 0.548250 0.000000 0.000000
 0.550000 0.000000 0.000000
 0.551750 0.000000 0.000000
 0.553500 0.000000 0.000000
 0.555250 0.000000 0.000000
 0.557000 0.000000 0.000000
 0.558750 0.000000 0.000000
 0.560500 0.000000 0.000000
 0.562250 0.000000 0.000000
 0.564000 0.000000 0.000000
 0.565750 0.000000 0.000000
 0.567500 0.000000 0.000000
 0.569250 0.000000 0.000000
 0.571000 0.000000 0.000000
 0.572750 0.000000 0.000000
 0.574500 0.000000 0.000000
 0.576250 0.000000 0.000000
 0.578000 0.000000 0.000000
 0.579750 0.000000 0.000000
 0.581500 0.000000 0.000000
 0.583250 0.000000 0.000000
 0.585000 0.000000 0.000000
 0.586750 0.000000 0.000000
 0.588500 0.000000 0.000000
 0.590250 0.000000 0.000000
 0.592000 0.000000 0.000000
 0.593750 0.000000 0.000000
 0.595500 0.000000 0.000000
 0.597250 0.000000 0.000000
 0.599000 0.000000 0.000000
 0.600750 0.000000 0.000000
 0.602500 0.000000 0.000000
 0.604250 0.000000 0.000000
 0.606000 0.000000 0.000000
 0.607750 0.000000 0.000000
 0.609500 0.000000 0.000000
 0.611250 0.000000 0.000000
 0.613000 0.000000 0.000000
 0.614750 0.000000 0.000000
 0.616500 0.000000 0.000000
 0.618250 0.000000 0.000000
 0.620000 0.000000 0.000000
 0.621750 0.000000 0.000000
 0.623500 0.000000 0.000000
 0.625250 0.000000 0.000000
 0.627000 0.000000 0.000000
 0.628750 0.000000 0.000000
 0.630500 0.000000 0.000000
 0.632250 0.000000 0.000000
 0.634000 0.000000 0.000000
 0.635750 0.000000 0.000000
 0.637500 0.000000 0.000000
 0.639250 0.000000 0.000000
 0.641000 0.000000 0.000000
 0.642750 0.000000 0.000000
 0.644500 0.000000 0.000000
 0.646250 0.000000 0.000000
 0.648000 0.000000 0.000000
 0.649750 0.000000 0.000000
 0.651500 0.000000 0.000000
 0.653250 0.000000 0.000000
 0.655000 0.000000 0.000000
 0.656750 0.000000 0.000000
 0.658500 0.000000 0.000000
 0.660250 0.000000 0.000000
 0.662000 0.000000 0.000000
 0.663750 0.000000 0.000000
 0.665500 0.000000 0.000000
 0.667250 0.000000 0.000000
 0.669000 0.000000 0.000000
 0.670750 0.000000 0.000000
 0.672500 0.000000 0.000000
 0.674250 0.000000 0.000000
 0.676000 0.000000 0.000000
 0.677750 0.000000 0.000000
 0.679500 0.000000 0.000000
 0.681250 0.000000 0.000000
 0.683000 0.000000 0.000000
 0.684750 0.000000 0.000000
 0.686500 0.000000 0.000000
 0.688250 0.000000 0.000000
 0.690000 0.000000 0.000000
 0.691750 0.000000 0.000000
 0.693500 0.000000 0.000000
 0.695250 0.000000 0.000000
 0.697000 0.000000 0.000000
 0.698750 0.000000 0.000000
 0.700500 0.000000 0.000000
 0.702250 0.000000 0.000000
 0.704000 0.000000 0.000000
 0.705750 0.000000 0.000000
 0.707500 0.000000 0.000000
 0.709250 0.000000 0.000000
 0.711000 0.000000 0.000000
 0.712750 0.000000 0.000000
 0.714500 0.000000 0.000000
 0.716250 0.000000 0.000000
 0.718000 0.000000 0.000000
 0.719750 0.000000 0.000000
 0.721500 0.000000 0.000000
 0.723250 0.000000 0.000000
 0.725000 0.000000 0.000000
 0.726750 0.000000 0.000000
 0.728500 0.000000 0.000000
 0.730250 0.000000 0.000000
 0.732000 0.000000 0.000000
 0.733750 0.000000 0.000000
 0.735500 0.000000 0.000000
 0.737250 0.000000 0.000000
 0.739000 0.000000 0.000000
 0.740750 0.000000 0.000000
 0.742500 0.000000 0.000000
 0.744250 0.000000 0.000000
 0.746000 0.000000 0.000000
 0.747750 0.000000 0.000000
 0.749500 0.000000 0.000000
 0.751250 0.000000 0.000000
 0.753000 0.000000 0.000000
 0.754750 0.000000 0.000000
 0.756500 0.000000 0.000000
 0.758250 0.000000 0.000000
 0.760000 0.000000 0.000000
 0.761750 0.000000 0.000000
 0.763500 0.000000 0.000000
 0.765250 0.000000 0.000000
 0.767000 0.000000 0.000000
 0.768750 0.000000 0.000000
 0.770500 0.000000 0.000000
 0.772250 0.000000 0.000000
 0.774000 0.000000 0.000000
 0.775750 0.000000 0.000000
 0.777500 0.000000 0.000000
 0.779250 0.000000 0.000000
 0.781000 0.000000 0.000000
 0.782750 0.000000 0.000000
 0.784500 0.000000 0.000000
 0.786250 0.000000 0.000000
 0.788000 0.000000 0.000000
 0.789750 0.000000 0.000000
 0.791500 0.000000 0.000000
 0.793250 0.000000 0.000000
 0.795000 0.000000 0.000000
 0.796750 0.000000 0.000000
 0.798500 0.000000 0.000000
 0.800250 0.000000 0.000000
 0.802000 0.000000 0.000000
 0.803750 0.000000 0.000000
 0.805500 0.000000 0.000000
 0.807250 0.000000 0.000000
 0.809000 0.000000 0.000000
 0.810750 0.000000 0.000000
 0.812500 0.000000 0.000000
 0.814250 0.000000 0.000000
 0.816000 0.000000 0.000000
 0.817750 0.000000 0.000000
 0.819500 0.000000 0.000000
 0.821250 0.000000 0.000000
 0.823000 0.000000 0.000000
 0.824750 0.000000 0.000000
 0.826500 0.000000 0.000000
 0.828250 0.000000 0.000000
 0.830000 0.000000 0.000000
 0.831750 0.000000 0.000000
 0.833500 0.000000 0.000000
 0.835250 0.000000 0.000000
 0.837000 0.000000 0.000000
 0.838750 0.000000 0.000000
 0.840500 0.000000 0.000000
 0.842250 0.000000 0.000000
 0.844000 0.000000 0.000000
 0.845750 0.000000 0.000000
 0.847500 0.000000 0.000000
 0.849250 0.000000 0.000000
 0.851000 0.000000 0.000000
 0.852750 0.000000 0.000000
 0.854500 0.000000 0.000000
 0.856250 0.000000 0.000000
 0.858000 0.000000 0.000000
 0.859750 0.000000 0.000000
 0.861500 0.000000 0.000000
 0.863250 0.000000 0.000000
 0.865000 0.000000 0.000000
 0.866750 0.000000 0.000000
 0.868500 0.000000 0.000000
 0.870250 0.000000 0.000000
 0.872000 0.000000 0.000000
 0.873750 0.000000 0.000000
 0.875500 0.000000 0.000000
 0.877250 0.000000 0.000000
 0.879000 0.000000 0.000000
 0.880750 0.000000 0.000000
 0.882500 0.000000 0.000000
 0.884250 0.000000 0.000000
 0.886000 0.000000 0.000000
 0.887750 0.000000 0.000000
 0.889500 0.000000 0.000000
 0.891250 0.000000 0.000000
 0.893000 0.000000 0.000000
 0.894750 0.000000 0.000000
 0.896500 0.000000 0.000000
 0.898250 0.000000 0.000000
 0.900000 0.000000 0.000000
 0.901750 0.000000 0.000000
 0.903500 0.000000 0.000000
 0.905250 0.000000 0.000000
 0.907000 0.000000 0.000000
 0.908750 0.000000 0.000000
 0.910500 0.000000 0.000000
 0.912250 0.000000 0.000000
 0.914000 0.000000 0.000000
 0.915750 0.000000 0.000000
 0.917500 0.000000 0.000000
 0.919250 0.000000 0.000000
 0.921000 0.000000 0.000000
 0.922750 0.000000 0.000000
 0.924500 0.000000 0.000000
 0.926250 0.000000 0.000000
 0.928000 0.000000 0.000000
 0.929750 0.000000 0.000000
 0.931500 0.000000 0.000000
 0.933250 0.000000 0.000000
 0.935000 0.000000 0.000000
 0.936750 0.000000 0.000000
 0.938500 0.000000 0.000000
 0.940250 0.000000 0.000000
 0.942000 0.000000 0.000000
 0.943750 0.000000 0.000000
 0.945500 0.000000 0.000000
 0.947250 0.000000 0.000000
 0.949000 0.000000 0.000000
 0.950750 0.000000 0.000000
 0.952500 0.000000 0.000000
 0.954250 0.000000 0.000000
 0.956000 0.000000 0.000000
 0.957750 0.000000 0.000000
 0.959500 0.000000 0.000000
 0.961250 0.000000 0.000000
 0.963000 0.000000 0.000000
 0.964750 0.000000 0.000000
 0.966500 0.000000 0.000000
 0.968250 0.000000 0.000000
 0.970000 0.000000 0.000000
 0.971750 0.000000 0.000000
 0.973500 0.000000 0.000000
 0.975250 0.000000 0.000000
 0.977000 0.000000 0.000000
 0.978750 0.000000 0.000000
 0.980500 0.000000 0.000000
 0.982250 0.000000 0.000000
 0.984000 0.000000 0.000000
 0.985750 0.000000 0.000000
 0.987500 0.000000 0.000000
 0.989250 0.000000 0.000000
 0.991000 0.000000 0.000000
 0.992750 0.000000 0.000000
 0.994500 0.000000 0.000000
 0.996250 0.000000 0.000000
 0.998000 0.000000 0.000000
 0.999750 0.000000 0.000000
 1.001500 0.000000 0.000000
 1.003250 0.000000 0.000000
 1.005000 0.000000 0.000000
 1.006750 0.000000 0.000000
 1.008500 0.000000 0.000000
 1.010250 0.000000 0.000000
 1.012000 0.000000 0.000000
 1.013750 0.000000 0.000000
 1.015500 0.000000 0.000000
 1.017250 0.000000 0.000000
 1.019000 0.000000 0.000000
 1.020750 0.000000 0.000000
 1.022500 0.000000 0.000000
 1.024250 0.000000 0.000000
 1.026000 0.000000 0.000000
 1.027750 0.000000 0.000000
 1.029500 0.000000 0.000000
 1.031250 0.000000 0.000000
 1.033000 0.000000 0.000000
 1.034750 0.000000 0.000000
 1.036500 0.000000 0.000000
 1.038250 0.000000 0.000000
 1.040000 0.000000 0.000000
 1.041750 0.000000 0.000000
 1.043500 0.000000 0.000000
 1.045250 0.000000 0.000000
 1.047000 0.000000 0.000000
 1.048750 0.000000 0.000000
 1.050500 0.000000 0.000000
 1.052250 0.000000 0.000000
 1.054000 0.000000 0.000000
 1.055750 0.000000 0.000000
 1.057500 0.000000 0.000000
 1.059250 0.000000 0.000000
 1.061000 0.000000 0.000000
 1.062750 0.000000 0.000000
 1.064500 0.000000 0.000000
 1.066250 0.000000 0.000000
 1.068000 0.000000 0.000000
 1.069750 0.000000 0.000000
 1.071500 0.000000 0.000000
 1.073250 0.000000 0.000000
 1.075000 0.000000 0.000000
 1.076750 0.000000 0.000000
 1.078500 0.000000 0.000000
 1.080250 0.000000 0.000000
 1.082000 0.000000 0.000000
 1.083750 0.000000 0.000000
 1.085500 0.000000 0.000000
 1.087250 0.000000 0.000000
 1.089000 0.000000 0.000000
 1.090750 0.000000 0.000000
 1.092500 0.000000 0.000000
 1.094250 0.000000 0.000000
 1.096000 0.000000 0.000000
 1.097750 0.000000 0.000000
 1.099500 0.000000 0.000000
 1.101250 0.000000 0.000000
 1.103000 0.000000 0.000000
 1.104750 0.000000 0.000000
 1.106500 0.000000 0.000000
 1.108250 0.000000 0.000000
 1.110000 0.000000 0.000000
 1.111750 0.000000 0.000000
 1.113500 0.000000 0.000000
 1.115250 0.000000 0.000000
 1.117000 0.000000 0.000000
 1.118750 0.000000 0.000000
 1.120500 0.000000 0.000000
 1.122250 0.000000 0.000000
 1.124000 0.000000 0.000000
 1.125750 0.000000 0.000000
 1.127500 0.000000 0.000000
 1.129250 0.000000 0.000000
 1.131000 0.000000 0.000000
 1.132750 0.000000 0.000000
 1.134500 0.000000 0.000000
 1.136250 0.000000 0.000000
 1.138000 0.000000 0.000000
 1.139750 0.000000 0.000000
 1.141500 0.000000 0.000000
 1.143250 0.000000 0.000000
 1.145000 0.000000 0.000000
 1.146750 0.000000 0.000000
 1.148500 0.000000 0.000000
 1.150250 0.000000 0.000000
 1.152000 0.000000 0.000000
 1.153750 0.000000 0.000000
 1.155500 0.000000 0.000000
 1.157250 0.000000 0.000000
 1.159000 0.000000 0.000000
 1.160750 0.000000 0.000000
 1.162500 0.000000 0.000000
 1.164250 0.000000 0.000000
 1.166000 0.000000 0.000000
 1.167750 0.000000 0.000000
 1.169500 0.000000 0.000000
 1.171250 0.000000 0.000000
 1.173000 0.000000 0.000000
 1.174750 0.000000 0.000000
 1.176500 0.000000 0.000000
 1.178250 0.000000 0.000000
 1.180000 0.000000 0.000000
 1.181750 0.000000 0.000000
 1.183500 0.000000 0.000000
 1.185250 0.000000 0.000000
 1.187000 0.000000 0.000000
 1.188750 0.000000 0.000000
 1.190500 0.000000 0.000000
 1.192250 0.000000 0.000079
 1.194000 0.000000 0.000141
 1.195750 0.000001 0.000243
 1.197500 0.000001 0.000406
 1.199250 0.000002 0.000655
 1.201000 0.000004 0.001022
 1.202750 0.000006 0.001541
 1.204500 0.000009 0.002242
 1.206250 0.000014 0.003150
 1.208000 0.000020 0.004265
 1.209750 0.000029 0.005562
 1.211500 0.000040 0.006976
 1.213250 0.000053 0.008402
 1.215000 0.000069 0.009694
 1.216750 0.000087 0.010677
 1.218500 0.000106 0.011173
 1.220250 0.000126 0.011026
 1.222000 0.000144 0.010132
 1.223750 0.000161 0.008467
 1.225500 0.000174 0.006105
 1.227250 0.000182 0.003212
 1.229000 0.000185 0.000136
 1.230750 0.000182 -0.002961
 1.232500 0.000175 -0.005715
 1.234250 0.000163 -0.007849
 1.236000 0.000148 -0.009149
 1.237750 0.000131 -0.009487
 1.239500 0.000115 -0.008752
 1.241250 0.000101 -0.007058
 1.243000 0.000091 -0.004454
 1.244750 0.000086 -0.001066
 1.246500 0.000088 0.002989
 1.248250 0.000097 0.007538
 1.250000 0.000115 0.012299
 1.251750 0.000140 0.017065
 1.253500 0.000175 0.021686
 1.255250 0.000217 0.025970
 1.257000 0.000265 0.029476
 1.258750 0.000320 0.032193
 1.260500 0.000378 0.034272
 1.262250 0.000440 0.035895
 1.264000 0.000505 0.037332
 1.265750 0.000572 0.039302
 1.267500 0.000643 0.042538
 1.269250 0.000723 0.047883
 1.271000 0.000813 0.055942
 1.272750 0.000921 0.067713
 1.274500 0.001053 0.083041
 1.276250 0.001215 0.102282
 1.278000 0.001414 0.124924
 1.279750 0.001655 0.150292
 1.281500 0.001941 0.176841
 1.283250 0.002274 0.203149
 1.285000 0.002653 0.227952
 1.286750 0.003072 0.249633
 1.288500 0.003526 0.266612
 1.290250 0.004004 0.278025
 1.292000 0.004497 0.283853
 1.293750 0.004997 0.284654
 1.295500 0.005495 0.281895
 1.297250 0.005985 0.277159
 1.299000 0.006468 0.273487
 1.300750 0.006948 0.273782
 1.302500 0.007435 0.281106
 1.304250 0.007941 0.297779
 1.306000 0.008488 0.326477
 1.307750 0.009095 0.367976
 1.309500 0.009789 0.423691
 1.311250 0.010593 0.492921
 1.313000 0.011530 0.574757
 1.314750 0.012618 0.667270
 1.316500 0.013877 0.768244
 1.318250 0.015319 0.876115
 1.320000 0.016954 0.988380
 1.321750 0.018789 1.104012
 1.323500 0.020830 1.222182
 1.325250 0.023081 1.342906
 1.327000 0.025545 1.466295
 1.328750 0.028228 1.593620
 1.330500 0.031141 1.727128
 1.332250 0.034293 1.868029
 1.334000 0.037704 2.020314
 1.335750 0.041392 2.185377
 1.337500 0.045381 2.365563
 1.339250 0.049704 2.564060
 1.341000 0.054393 2.783108
 1.342750 0.059484 3.024447
 1.344500 0.065021 3.291190
 1.346250 0.071046 3.584122
 1.348000 0.077613 3.907507
 1.349750 0.084775 4.261714
 1.351500 0.092583 4.646970
 1.353250 0.101097 5.064980
 1.355000 0.110373 5.514120
 1.356750 0.120464 5.991632
 1.358500 0.131413 6.493835
 1.360250 0.143257 7.015942
 1.362000 0.156034 7.555683
 1.363750 0.169769 8.109164
 1.365500 0.184489 8.677057
 1.367250 0.200225 9.263450
 1.369000 0.217007 9.873418
 1.370750 0.234889 10.517923
 1.372500 0.253939 11.208886
 1.374250 0.274253 11.961757
 1.376000 0.295950 12.791710
 1.377750 0.319176 13.711166
 1.379500 0.344111 14.733708
 1.381250 0.370927 15.863742
 1.383000 0.399820 17.101398
 1.384750 0.430979 18.445614
 1.386500 0.464566 19.881237
 1.388250 0.500747 21.400172
 1.390000 0.539651 22.984725
 1.391750 0.581371 24.615249
 1.393500 0.625976 26.273973
 1.395250 0.673503 27.940603
 1.397000 0.723941 29.592778
 1.398750 0.777240 31.205721
 1.400500 0.833320 32.762114
 1.402250 0.892068 34.244698
 1.404000 0.953338 35.641402
 1.405750 1.016974 36.952790
 1.407500 1.082840 38.186597
 1.409250 1.150812 39.364132
 1.411000 1.220830 40.513186
 1.412750 1.292851 41.662301
 1.414500 1.366908 42.847429
 1.416250 1.443087 44.092770
 1.418000 1.521543 45.428267
 1.419750 1.602402 46.852636
 1.421500 1.685838 48.362306
 1.423250 1.771983 49.938820
 1.425000 1.860913 51.540754
 1.426750 1.952638 53.119048
 1.428500 2.047066 54.623432
 1.430250 2.144026 56.002713
 1.432000 2.243261 57.212015
 1.433750 2.344438 58.221524
 1.435500 2.447203 59.017581
 1.437250 2.551177 59.610194
 1.439000 2.656032 60.025134
 1.440750 2.761475 60.298312
 1.442500 2.867293 60.472051
 1.444250 2.973353 60.586258
 1.446000 3.079600 60.685013
 1.447750 3.186014 60.789506
 1.449500 3.292624 60.909633
 1.451250 3.399491 61.060359
 1.453000 3.506628 61.220369
 1.454750 3.614005 61.364164
 1.456500 3.721607 61.464981
 1.458250 3.829338 61.495309
 1.460000 3.937027 61.425466
 1.461750 4.044500 61.228132
 1.463500 4.151488 60.897608
 1.465250 4.257779 60.438896
 1.467000 4.363176 59.872139
 1.468750 4.467511 59.234876
 1.470500 4.570691 58.575252
 1.472250 4.672710 57.935807
 1.474000 4.773655 57.355063
 1.475750 4.873654 56.871344
 1.477500 4.972879 56.485211
 1.479250 5.071501 56.181200
 1.481000 5.169646 55.929817
 1.482750 5.267355 55.679359
 1.484500 5.364579 55.373112
 1.486250 5.461141 54.949689
 1.488000 5.556821 54.343494
 1.489750 5.651244 53.516988
 1.491500 5.744004 52.432668
 1.493250 5.834596 51.090205
 1.495000 5.922609 49.465355
 1.496750 6.007533 47.578511
 1.498500 6.088927 45.449335
 1.500250 6.166384 43.094391
 1.502000 6.239562 40.570080
 1.503750 6.308194 37.911715
 1.505500 6.372068 35.172044
 1.507250 6.431082 32.394606
 1.509000 6.485239 29.626266
 1.510750 6.534578 26.903365
 1.512500 6.579209 24.249495
 1.514250 6.619237 21.671583
 1.516000 6.654804 19.162353
 1.517750 6.686024 16.696516
 1.519500 6.712920 14.237755
 1.521250 6.735478 11.753509
 1.523000 6.753614 9.179030
 1.524750 6.767119 6.466714
 1.526500 6.775701 3.591470
 1.528250 6.779053 0.487839
 1.530000 6.776782 -2.864577
 1.531750 6.768414 -6.453213
 1.533500 6.753518 -10.275835
 1.535250 6.731751 -14.297170
 1.537000 6.702788 -18.471179
 1.538750 6.666437 -22.729512
 1.540500 6.622597 -26.994302
 1.542250 6.571339 -31.177622
 1.544000 6.512872 -35.209205
 1.545750 6.447519 -39.019884
 1.547500 6.375741 -42.553971
 1.549250 6.298018 -45.783096
 1.551000 6.214937 -48.676310
 1.552750 6.127062 -51.249493
 1.554500 6.034942 -53.523073
 1.556250 5.939087 -55.524627
 1.558000 5.839912 -57.306050
 1.559750 5.737754 -58.917330
 1.561500 5.632885 -60.413263
 1.563250 5.525476 -61.825560
 1.565000 5.415621 -63.198373
 1.566750 5.303398 -64.541155
 1.568500 5.188842 -65.863264
 1.570250 5.071975 -67.153286
 1.572000 4.952878 -68.411846
 1.573750 4.831619 -69.618203
 1.575500 4.708308 -70.765283
 1.577250 4.583038 -71.826318
 1.579000 4.455995 -72.803763
 1.580750 4.327334 -73.686576
 1.582500 4.197231 -74.461907
 1.584250 4.065876 -75.096877
 1.586000 3.933547 -75.573324
 1.587750 3.800528 -75.872974
 1.589500 3.667174 -75.973906
 1.591250 3.533843 -75.847540
 1.593000 3.400954 -75.474623
 1.594750 3.268947 -74.860557
 1.596500 3.138220 -74.003041
 1.598250 3.009191 -72.935269
 1.600000 2.882215 -71.684330
 1.601750 2.757550 -70.283816
 1.603500 2.635453 -68.779692
 1.605250 2.516051 -67.200622
 1.607000 2.399450 -65.579785
 1.608750 2.285736 -63.942709
 1.610500 2.174895 -62.285377
 1.612250 2.066979 -60.623089
 1.614000 1.961983 -58.946628
 1.615750 1.859951 -57.259681
 1.617500 1.760893 -55.545993
 1.619250 1.664863 -53.808956
 1.621000 1.571910 -52.049197
 1.622750 1.482055 -50.261969
 1.624500 1.395368 -48.471890
 1.626250 1.311804 -46.670648
 1.628000 1.231403 -44.888096
 1.629750 1.154119 -43.135631
 1.631500 1.079870 -41.414547
 1.633250 1.008608 -39.739408
 1.635000 0.940259 -38.113682
 1.636750 0.874730 -36.524086
 1.638500 0.811951 -34.955799
 1.640250 0.751928 -33.412383
 1.642000 0.694603 -31.862719
 1.643750 0.640008 -30.302575
 1.645500 0.588166 -28.724166
 1.647250 0.539120 -27.129251
 1.649000 0.492881 -25.517944
 1.650750 0.449477 -23.906501
 1.652500 0.408888 -22.307749
 1.654250 0.371080 -20.740287
 1.656000 0.335984 -19.222761
 1.657750 0.303506 -17.771219
 1.659500 0.273509 -16.390349
 1.661250 0.245855 -15.085647
 1.663000 0.220424 -13.868194
 1.664750 0.197063 -12.732237
 1.666500 0.175636 -11.672706
 1.668250 0.156001 -10.678037
 1.670000 0.138056 -9.746294
 1.671750 0.121697 -8.870591
 1.673500 0.106833 -8.047703
 1.675250 0.093365 -7.269208
 1.677000 0.081230 -6.540468
 1.678750 0.070332 -5.854305
 1.680500 0.060602 -5.213997
 1.682250 0.051964 -4.621246
 1.684000 0.044323 -4.070276
 1.685750 0.037610 -3.564576
 1.687500 0.031746 -3.103055
 1.689250 0.026657 -2.685454
 1.691000 0.022266 -2.310038
 1.692750 0.018499 -1.973173
 1.694500 0.015291 -1.674498
 1.696250 0.012577 -1.410890
 1.698000 0.010294 -1.179761
 1.699750 0.008391 -0.979953
 1.701500 0.006816 -0.809146
 1.703250 0.005517 -0.663129
 1.705000 0.004456 -0.540956
 1.706750 0.003592 -0.439580
 1.708500 0.002890 -0.355518
 1.710250 0.002323 -0.287251
 1.712000 0.001864 -0.231526
 1.713750 0.001493 -0.186579
 1.715500 0.001194 -0.151223
 1.717250 0.000953 -0.122900
 1.719000 0.000755 -0.099496
 1.720750 0.000595 -0.080985
 1.722500 0.000464 -0.065598
 1.724250 0.000359 -0.053120
 1.726000 0.000274 -0.042625
 1.727750 0.000206 -0.033918
 1.729500 0.000152 -0.026609
 1.731250 0.000111 -0.020608
 1.733000 0.000079 -0.015539
 1.734750 0.000055 -0.011516
 1.736500 0.000037 -0.008342
 1.738250 0.000025 -0.005884
 1.740000 0.000016 -0.004005
 1.741750 0.000010 -0.002520
 1.743500 0.000006 -0.001668
 1.745250 0.000004 -0.001068
 1.747000 0.000002 -0.000662
 1.748750 0.000001 -0.000325
 1.750500 0.000001 -0.000192
 1.752250 0.000000 -0.000110
 1.754000 0.000000 0.000000
 1.755750 0.000000 0.000000
 1.757500 0.000000 0.000000
 1.759250 0.000000 0.000000
 1.761000 0.000000 0.000000
 1.762750 0.000000 0.000000
 1.764500 0.000000 0.000000
 1.766250 0.000000 0.000000
 1.768000 0.000000 0.000000
 1.769750 0.000000 0.000000
 1.771500 0.000000 0.000000
 1.773250 0.000000 0.000000
 1.775000 0.000000 0.000000
 1.776750 0.000000 0.000000
 1.778500 0.000000 0.000000
 1.780250 0.000000 0.000000
 1.782000 0.000000 0.000000
 1.783750 0.000000 0.000000
 1.785500 0.000000 0.000000
 1.787250 0.000000 0.000000
 1.789000 0.000000 0.000000
 1.790750 0.000000 0.000000
 1.792500 0.000000 0.000000
 1.794250 0.000000 0.000000
 1.796000 0.000000 0.000000
 1.797750 0.000000 0.000000
 1.799500 0.000000 0.000000
 1.801250 0.000000 0.000000
 1.803000 0.000000 0.000000
 1.804750 0.000000 0.000000
 1.806500 0.000000 0.000000
 1.808250 0.000000 0.000000
 1.810000 0.000000 0.000000
 1.811750 0.000000 0.000000
 1.813500 0.000000 0.000000
 1.815250 0.000000 0.000000
 1.817000 0.000000 0.000000
 1.818750 0.000000 0.000000
 1.820500 0.000000 0.000000
 1.822250 0.000000 0.000000
 1.824000 0.000000 0.000000
 1.825750 0.000000 0.000000
 1.827500 0.000000 0.000000
 1.829250 0.000000 0.000000
 1.831000 0.000000 0.000000
 1.832750 0.000000 0.000000
 1.834500 0.000000 0.000000
 1.836250 0.000000 0.000000
 1.838000 0.000000 0.000000
 1.839750 0.000000 0.000000
 1.841500 0.000000 0.000000
 1.843250 0.000000 0.000000
 1.845000 0.000000 0.000000
 1.846750 0.000000 0.000000
 1.848500 0.000000 0.000000
 1.850250 0.000000 0.000000
 1.852000 0.000000 0.000000
 1.853750 0.000000 0.000000
 1.855500 0.000000 0.000000
 1.857250 0.000000 0.000000
 1.859000 0.000000 0.000000
 1.860750 0.000000 0.000000
 1.862500 0.000000 0.000000
 1.864250 0.000000 0.000000
 1.866000 0.000000 0.000000
 1.867750 0.000000 0.000000
 1.869500 0.000000 0.000000
 1.871250 0.000000 0.000000
 1.873000 0.000000 0.000000
 1.874750 0.000000 0.000000
 1.876500 0.000000 0.000000
 1.878250 0.000000 0.000000
 1.880000 0.000000 0.000000
 1.881750 0.000000 0.000000
 1.883500 0.000000 0.000000
 1.885250 0.000000 0.000000
 1.887000 0.000000 0.000000
 1.888750 0.000000 0.000000
 1.890500 0.000000 0.000000
 1.892250 0.000000 0.000000
 1.894000 0.000000 0.000000
 1.895750 0.000000 0.000000
 1.897500 0.000000 0.000000
 1.899250 0.000000 0.000000
 1.901000 0.000000 0.000000
 1.902750 0.000000 0.000000
 1.904500 0.000000 0.000000
 1.906250 0.000000 0.000000
 1.908000 0.000000 0.000000
 1.909750 0.000000 0.000000
 1.911500 0.000000 0.000000
 1.913250 0.000000 0.000000
 1.915000 0.000000 0.000000
 1.916750 0.000000 0.000000
 1.918500 0.000000 0.000000
 1.920250 0.000000 0.000000
 1.922000 0.000000 0.000000
 1.923750 0.000000 0.000000
 1.925500 0.000000 0.000000
 1.927250 0.000000 0.000000
 1.929000 0.000000 0.000000
 1.930750 0.000000 0.000000
 1.932500 0.000000 0.000000
 1.934250 0.000000 0.000000
 1.936000 0.000000 0.000000
 1.937750 0.000000 0.000000
 1.939500 0.000000 0.000000
 1.941250 0.000000 0.000000
 1.943000 0.000000 0.000000
 1.944750 0.000000 0.000000
 1.946500 0.000000 0.000000
 1.948250 0.000000 0.000000
 1.950000 0.000000 0.000000
 1.951750 0.000000 0.000000
 1.953500 0.000000 0.000000
 1.955250 0.000000 0.000000
 1.957000 0.000000 0.000000
 1.958750 0.000000 0.000000
 1.960500 0.000000 0.000000
 1.962250 0.000000 0.000000
 1.964000 0.000000 0.000000
 1.965750 0.000000 0.000000
 1.967500 0.000000 0.000000
 1.969250 0.000000 0.000000
 1.971000 0.000000 0.000000
 1.972750 0.000000 0.000000
 1.974500 0.000000 0.000000
 1.976250 0.000000 0.000000
 1.978000 0.000000 0.000000
 1.979750 0.000000 0.000000
 1.981500 0.000000 0.000000
 1.983250 0.000000 0.000000
 1.985000 0.000000 0.000000
 1.986750 0.000000 0.000000
 1.988500 0.000000 0.000000
 1.990250 0.000000 0.000000
 1.992000 0.000000 0.000000
 1.993750 0.000000 0.000000
 1.995500 0.000000 0.000000
 1.997250 0.000000 0.000000
 1.999000 0.000000 0.000000
 2.000750 0.000000 0.000000
 2.002500 0.000000 0.000000
 2.004250 0.000000 0.000000
 2.006000 0.000000 0.000000
 2.007750 0.000000 0.000000
 2.009500 0.000000 0.000000
 2.011250 0.000000 0.000000
 2.013000 0.000000 0.000000
 2.014750 0.000000 0.000000
 2.016500 0.000000 0.000000
 2.018250 0.000000 0.000000
 2.020000 0.000000 0.000000
 2.021750 0.000000 0.000000
 2.023500 0.000000 0.000000
 2.025250 0.000000 0.000000
 2.027000 0.000000 0.000000
 2.028750 0.000000 0.000000
 2.030500 0.000000 0.000000
 2.032250 0.000000 0.000000
 2.034000 0.000000 0.000000
 2.035750 0.000000 0.000000
 2.037500 0.000000 0.000000
 2.039250 0.000000 0.000000
 2.041000 0.000000 0.000000
 2.042750 0.000000 0.000000
 2.044500 0.000000 0.000000
 2.046250 0.000000 0.000000
 2.048000 0.000000 0.000000
 2.049750 0.000000 0.000000
 2.051500 0.000000 0.000000
 2.053250 0.000000 0.000000
 2.055000 0.000000 0.000000
 2.056750 0.000000 0.000000
 2.058500 0.000000 0.000000
 2.060250 0.000000 0.000000
 2.062000 0.000000 0.000000
 2.063750 0.000000 0.000000
 2.065500 0.000000 0.000000
 2.067250 0.000000 0.000000
 2.069000 0.000000 0.000000
 2.070750 0.000000 0.000000
 2.072500 0.000000 0.000000
 2.074250 0.000000 0.000000
 2.076000 0.000000 0.000000
 2.077750 0.000000 0.000000
 2.079500 0.000000 0.000000
 2.081250 0.000000 0.000000
 2.083000 0.000000 0.000000
 2.084750 0.000000 0.000000
 2.086500 0.000000 0.000000
 2.088250 0.000000 0.000000
 2.090000 0.000000 0.000000
 2.091750 0.000000 0.000000
 2.093500 0.000000 0.000000
 2.095250 0.000000 0.000000
 2.097000 0.000000 0.000000
 2.098750 0.000000 0.000000
 2.100500 0.000000 0.000000
 2.102250 0.000000 0.000000
 2.104000 0.000000 0.000000
 2.105750 0.000000 0.000000
 2.107500 0.000000 0.000000
 2.109250 0.000000 0.000000
 2.111000 0.000000 0.000000
 2.112750 0.000000 0.000000
 2.114500 0.000000 0.000000
 2.116250 0.000000 0.000000
 2.118000 0.000000 0.000000
 2.119750 0.000000 0.000000
 2.121500 0.000000 0.000000
 2.123250 0.000000 0.000000
 2.125000 0.000000 0.000000
 2.126750 0.000000 0.000000
 2.128500 0.000000 0.000000
 2.130250 0.000000 0.000000
 2.132000 0.000000 0.000000
 2.133750 0.000000 0.000000
 2.135500 0.000000 0.000000
 2.137250 0.000000 0.000000
 2.139000 0.000000 0.000000
 2.140750 0.000000 0.000000
 2.142500 0.000000 0.000000
 2.144250 0.000000 0.000000
 2.146000 0.000000 0.000000
 2.147750 0.000000 0.000000
 2.149500 0.000000 0.000000
 2.151250 0.000000 0.000000
 2.153000 0.000000 0.000000
 2.154750 0.000000 0.000000
 2.156500 0.000000 0.000000
 2.158250 0.000000 0.000000
 2.160000 0.000000 0.000000
 2.161750 0.000000 0.000000
 2.163500 0.000000 0.000000
 2.165250 0.000000 0.000000
 2.167000 0.000000 0.000000
 2.168750 0.000000 0.000000
 2.170500 0.000000 0.000000
 2.172250 0.000000 0.000000
 2.174000 0.000000 0.000000
 2.175750 0.000000 0.000000
 2.177500 0.000000 0.000000
 2.179250 0.000000 0.000000
 2.181000 0.000000 0.000000
 2.182750 0.000000 0.000000
 2.184500 0.000000 0.000000
 2.186250 0.000000 0.000000
 2.188000 0.000000 0.000000
 2.189750 0.000000 0.000000
 2.191500 0.000000 0.000000
 2.193250 0.000000 0.000000
 2.195000 0.000000 0.000000
 2.196750 0.000000 0.000000
 2.198500 0.000000 0.000000
 2.200250 0.000000 0.000000
 2.202000 0.000000 0.000000
 2.203750 0.000000 0.000000
 2.205500 0.000000 0.000000
 2.207250 0.000000 0.000000
 2.209000 0.000000 0.000000
 2.210750 0.000000 0.000000
 2.212500 0.000000 0.000000
 2.214250 0.000000 0.000000
 2.216000 0.000000 0.000000
 2.217750 0.000000 0.000000
 2.219500 0.000000 0.000000
 2.221250 0.000000 0.000000
 2.223000 0.000000 0.000000
 2.224750 0.000000 0.000000
 2.226500 0.000000 0.000000
 2.228250 0.000000 0.000000
 2.230000 0.000000 0.000000
 2.231750 0.000000 0.000000
 2.233500 0.000000 0.000000
 2.235250 0.000000 0.000000
 2.237000 0.000000 0.000000
 2.238750 0.000000 0.000000
 2.240500 0.000000 0.000000
 2.242250 0.000000 0.000000
 2.244000 0.000000 0.000000
 2.245750 0.000000 0.000000
 2.247500 0.000000 0.000000
 2.249250 0.000000 0.000000
 2.251000 0.000000 0.000000
 2.252750 0.000000 0.000000
 2.254500 0.000000 0.000000
 2.256250 0.000000 0.000000
 2.258000 0.000000 0.000000
 2.259750 0.000000 0.000000
 2.261500 0.000000 0.000000
 2.263250 0.000000 0.000000
 2.265000 0.000000 0.000000
 2.266750 0.000000 0.000000
 2.268500 0.000000 0.000000
 2.270250 0.000000 0.000000
 2.272000 0.000000 0.000000
 2.273750 0.000000 0.000000
 2.275500 0.000000 0.000000
 2.277250 0.000000 0.000000
 2.279000 0.000000 0.000000
 2.280750 0.000000 0.000000
 2.282500 0.000000 0.000000
 2.284250 0.000000 0.000000
 2.286000 0.000000 0.000000
 2.287750 0.000000 0.000000
 2.289500 0.000000 0.000000
 2.291250 0.000000 0.000000
 2.293000 0.000000 0.000000
 2.294750 0.000000 0.000000
 2.296500 0.000000 0.000000
 2.298250 0.000000 0.000000
 2.300000 0.000000 0.000000
 2.301750 0.000000 0.000000
 2.303500 0.000000 0.000000
 2.305250 0.000000 0.000000
 2.307000 0.000000 0.000000
 2.308750 0.000000 0.000000
 2.310500 0.000000 0.000000
 2.312250 0.000000 0.000000
 2.314000 0.000000 0.000000
 2.315750 0.000000 0.000000
 2.317500 0.000000 0.000000
 2.319250 0.000000 0.000000
 2.321000 0.000000 0.000000
 2.322750 0.000000 0.000000
 2.324500 0.000000 0.000000
 2.326250 0.000000 0.000000
 2.328000 0.000000 0.000000
 2.329750 0.000000 0.000000
 2.331500 0.000000 0.000000
 2.333250 0.000000 0.000000
 2.335000 0.000000 0.000000
 2.336750 0.000000 0.000000
 2.338500 0.000000 0.000000
 2.340250 0.000000 0.000000
 2.342000 0.000000 0.000000
 2.343750 0.000000 0.000000
 2.345500 0.000000 0.000000
 2.347250 0.000000 0.000000
 2.349000 0.000000 0.000000
 2.350750 0.000000 0.000000
 2.352500 0.000000 0.000000
 2.354250 0.000000 0.000000
 2.356000 0.000000 0.000000
 2.357750 0.000000 0.000000
 2.359500 0.000000 0.000000
 2.361250 0.000000 0.000000
 2.363000 0.000000 0.000000
 2.364750 0.000000 0.000000
 2.366500 0.000000 0.000000
 2.368250 0.000000 0.000000
 2.370000 0.000000 0.000000
 2.371750 0.000000 0.000000
 2.373500 0.000000 0.000000
 2.375250 0.000000 0.000000
 2.377000 0.000000 0.000000
 2.378750 0.000000 0.000000
 2.380500 0.000000 0.000000
 2.382250 0.000000 0.000000
 2.384000 0.000000 0.000000
 2.385750 0.000000 0.000000
 2.387500 0.000000 0.000000
 2.389250 0.000000 0.000000
 2.391000 0.000000 0.000000
 2.392750 0.000000 0.000000
 2.394500 0.000000 0.000000
 2.396250 0.000000 0.000000
 2.398000 0.000000 0.000000
 2.399750 0.000000 0.000000
 2.401500 0.000000 0.000000
 2.403250 0.000000 0.000000
 2.405000 0.000000 0.000000
 2.406750 0.000000 0.000000
 2.408500 0.000000 0.000000
 2.410250 0.000000 0.000000
 2.412000 0.000000 0.000000
 2.413750 0.000000 0.000000
 2.415500 0.000000 0.000000
 2.417250 0.000000 0.000000
 2.419000 0.000000 0.000000
 2.420750 0.000000 0.000000
 2.422500 0.000000 0.000000
 2.424250 0.000000 0.000000
 2.426000 0.000000 0.000000
 2.427750 0.000000 0.000000
 2.429500 0.000000 0.000000
 2.431250 0.000000 0.000000
 2.433000 0.000000 0.000000
 2.434750 0.000000 0.000000
 2.436500 0.000000 0.000000
 2.438250 0.000000 0.000000
 2.440000 0.000000 0.000000
 2.441750 0.000000 0.000000
 2.443500 0.000000 0.000000
 2.445250 0.000000 0.000000
 2.447000 0.000000 0.000000
 2.448750 0.000000 0.000000
 2.450500 0.000000 0.000000
 2.452250 0.000000 0.000000
 2.454000 0.000000 0.000000
 2.455750 0.000000 0.000000
 2.457500 0.000000 0.000000
 2.459250 0.000000 0.000000
 2.461000 0.000000 0.000000
 2.462750 0.000000 0.000000
 2.464500 0.000000 0.000000
 2.466250 0.000000 0.000000
 2.468000 0.000000 0.000000
 2.469750 0.000000 0.000000
 2.471500 0.000000 0.000000
 2.473250 0.000000 0.000000
 2.475000 0.000000 0.000000
 2.476750 0.000000 0.000000
 2.478500 0.000000 0.000000
 2.480250 0.000000 0.000000
 2.482000 0.000000 0.000000
 2.483750 0.000000 0.000000
 2.485500 0.000000 0.000000
 2.487250 0.000000 0.000000
 2.489000 0.000000 0.000000
 2.490750 0.000000 0.000000
 2.492500 0.000000 0.000000
 2.494250 0.000000 0.000000
 2.496000 0.000000 0.000000
 2.497750 0.000000 0.000000
 2.499500 0.000000 0.000000
 2.501250 0.000000 0.000000
 2.503000 0.000000 0.000000
 2.504750 0.000000 0.000000
 2.506500 0.000000 0.000000
 2.508250 0.000000 0.000000
 2.510000 0.000000 0.000000
 2.511750 0.000000 0.000000
 2.513500 0.000000 0.000000
 2.515250 0.000000 0.000000
 2.517000 0.000000 0.000000
 2.518750 0.000000 0.000000
 2.520500 0.000000 0.000000
 2.522250 0.000000 0.000000
 2.524000 0.000000 0.000000
 2.525750 0.000000 0.000000
 2.527500 0.000000 0.000000
 2.529250 0.000000 0.000000
 2.531000 0.000000 0.000000
 2.532750 0.000000 0.000000
 2.534500 0.000000 0.000000
 2.536250 0.000000 0.000000
 2.538000 0.000000 0.000000
 2.539750 0.000000 0.000000
 2.541500 0.000000 0.000000
 2.543250 0.000000 0.000000
 2.545000 0.000000 0.000000
 2.546750 0.000000 0.000000
 2.548500 0.000000 0.000000
 2.550250 0.000000 0.000000
 2.552000 0.000000 0.000000
 2.553750 0.000000 0.000000
 2.555500 0.000000 0.000000
 2.557250 0.000000 0.000000
 2.559000 0.000000 0.000000
 2.560750 0.000000 0.000000
 2.562500 0.000000 0.000000
 2.564250 0.000000 0.000000
 2.566000 0.000000 0.000000
 2.567750 0.000000 0.000000
 2.569500 0.000000 0.000000
 2.571250 0.000000 0.000000
 2.573000 0.000000 0.000000
 2.574750 0.000000 0.000000
 2.576500 0.000000 0.000000
 2.578250 0.000000 0.000000
 2.580000 0.000000 0.000000
 2.581750 0.000000 0.000000
 2.583500 0.000000 0.000000
 2.585250 0.000000 0.000000
 2.587000 0.000000 0.000000
 2.588750 0.000000 0.000000
 2.590500 0.000000 0.000000
 2.592250 0.000000 0.000000
 2.594000 0.000000 0.000000
 2.595750 0.000000 0.000000
 2.597500 0.000000 0.000000
 2.599250 0.000000 0.000000
 2.601000 0.000000 0.000000
 2.602750 0.000000 0.000000
 2.604500 0.000000 0.000000
 2.606250 0.000000 0.000000
 2.608000 0.000000 0.000000
 2.609750 0.000000 0.000000
 2.611500 0.000000 0.000000
 2.613250 0.000000 0.000000
 2.615000 0.000000 0.000000
 2.616750 0.000000 0.000000
 2.618500 0.000000 0.000000
 2.620250 0.000000 0.000000
 2.622000 0.000000 0.000000
 2.623750 0.000000 0.000000
 2.625500 0.000000 0.000000
 2.627250 0.000000 0.000000
 2.629000 0.000000 0.000000
 2.630750 0.000000 0.000000
 2.632500 0.000000 0.000000
 2.634250 0.000000 0.000000
 2.636000 0.000000 0.000000
 2.637750 0.000000 0.000000
 2.639500 0.000000 0.000000
 2.641250 0.000000 0.000000
 2.643000 0.000000 0.000000
 2.644750 0.000000 0.000000
 2.646500 0.000000 0.000000
 2.648250 0.000000 0.000000
 2.650000 0.000000 0.000000
 2.651750 0.000000 0.000000
 2.653500 0.000000 0.000000
 2.655250 0.000000 0.000000
 2.657000 0.000000 0.000000
 2.658750 0.000000 0.000000
 2.660500 0.000000 0.000000
 2.662250 0.000000 0.000000
 2.664000 0.000000 0.000000
 2.665750 0.000000 0.000000
 2.667500 0.000000 0.000000
 2.669250 0.000000 0.000000
 2.671000 0.000000 0.000000
 2.672750 0.000000 0.000000
 2.674500 0.000000 0.000000
 2.676250 0.000000 0.000000
 2.678000 0.000000 0.000000
 2.679750 0.000000 0.000000
 2.681500 0.000000 0.000000
 2.683250 0.000000 0.000000
 2.685000 0.000000 0.000000
 2.686750 0.000000 0.000000
 2.688500 0.000000 0.000000
 2.690250 0.000000 0.000000
 2.692000 0.000000 0.000000
 2.693750 0.000000 0.000000
 2.695500 0.000000 0.000000
 2.697250 0.000000 0.000000
 2.699000 0.000000 0.000000
 2.700750 0.000000 0.000000
 2.702500 0.000000 0.000000
 2.704250 0.000000 0.000000
 2.706000 0.000000 0.000000
 2.707750 0.000000 0.000000
 2.709500 0.000000 0.000000
 2.711250 0.000000 0.000000
 2.713000 0.000000 0.000000
 2.714750 0.000000 0.000000
 2.716500 0.000000 0.000000
 2.718250 0.000000 0.000000
 2.720000 0.000000 0.000000
 2.721750 0.000000 0.000000
 2.723500 0.000000 0.000000
 2.725250 0.000000 0.000000
 2.727000 0.000000 0.000000
 2.728750 0.000000 0.000000
 2.730500 0.000000 0.000000
 2.732250 0.000000 0.000000
 2.734000 0.000000 0.000000
 2.735750 0.000000 0.000000
 2.737500 0.000000 0.000000
 2.739250 0.000000 0.000000
 2.741000 0.000000 0.000000
 2.742750 0.000000 0.000000
 2.744500 0.000000 0.000000
 2.746250 0.000000 0.000000
 2.748000 0.000000 0.000000
 2.749750 0.000000 0.000000
 2.751500 0.000000 0.000000
 2.753250 0.000000 0.000000
 2.755000 0.000000 0.000000
 2.756750 0.000000 0.000000
 2.758500 0.000000 0.000000
 2.760250 0.000000 0.000000
 2.762000 0.000000 0.000000
 2.763750 0.000000 0.000000
 2.765500 0.000000 0.000000
 2.767250 0.000000 0.000000
 2.769000 0.000000 0.000000
 2.770750 0.000000 0.000000
 2.772500 0.000000 0.000000
 2.774250 0.000000 0.000000
 2.776000 0.000000 0.000000
 2.777750 0.000000 0.000000
 2.779500 0.000000 0.000000
 2.781250 0.000000 0.000000
 2.783000 0.000000 0.000000
 2.784750 0.000000 0.000000
 2.786500 0.000000 0.000000
 2.788250 0.000000 0.000000
 2.790000 0.000000 0.000000
 2.791750 0.000000 0.000000
 2.793500 0.000000 0.000000
 2.795250 0.000000 0.000000
 2.797000 0.000000 0.000000
 2.798750 0.000000 0.000000
 2.800500 0.000000 0.000000
 2.802250 0.000000 0.000000
 2.804000 0.000000 0.000000
 2.805750 0.000000 0.000000
 2.807500 0.000000 0.000000
 2.809250 0.000000 0.000000
 2.811000 0.000000 0.000000
 2.812750 0.000000 0.000000
 2.814500 0.000000 0.000000
 2.816250 0.000000 0.000000
 2.818000 0.000000 0.000000
 2.819750 0.000000 0.000000
 2.821500 0.000000 0.000000
 2.823250 0.000000 0.000000
 2.825000 0.000000 0.000000
 2.826750 0.000000 0.000000
 2.828500 0.000000 0.000000
 2.830250 0.000000 0.000000
 2.832000 0.000000 0.000000
 2.833750 0.000000 0.000000
 2.835500 0.000000 0.000000
 2.837250 0.000000 0.000000
 2.839000 0.000000 0.000000
 2.840750 0.000000 0.000000
 2.842500 0.000000 0.000000
 2.844250 0.000000 0.000000
 2.846000 0.000000 0.000000
 2.847750 0.000000 0.000000
 2.849500 0.000000 0.000000
 2.851250 0.000000 0.000000
 2.853000 0.000000 0.000000
 2.854750 0.000000 0.000000
 2.856500 0.000000 0.000000
 2.858250 0.000000 0.000000
 2.860000 0.000000 0.000000
 2.861750 0.000000 0.000000
 2.863500 0.000000 0.000000
 2.865250 0.000000 0.000000
 2.867000 0.000000 0.000000
 2.868750 0.000000 0.000000
 2.870500 0.000000 0.000000
 2.872250 0.000000 0.000000
 2.874000 0.000000 0.000000
 2.875750 0.000000 0.000000
 2.877500 0.000000 0.000000
 2.879250 0.000000 0.000000
 2.881000 0.000000 0.000000
 2.882750 0.000000 0.000000
 2.884500 0.000000 0.000000
 2.886250 0.000000 0.000000
 2.888000 0.000000 0.000000
 2.889750 0.000000 0.000000
 2.891500 0.000000 0.000000
 2.893250 0.000000 0.000000
 2.895000 0.000000 0.000000
 2.896750 0.000000 0.000000
 2.898500 0.000000 0.000000
 2.900250 0.000000 0.000000
 2.902000 0.000000 0.000000
 2.903750 0.000000 0.000000
 2.905500 0.000000 0.000000
 2.907250 0.000000 0.000000
 2.909000 0.000000 0.000000
 2.910750 0.000000 0.000000
 2.912500 0.000000 0.000000
 2.914250 0.000000 0.000000
 2.916000 0.000000 0.000000
 2.917750 0.000000 0.000000
 2.919500 0.000000 0.000000
 2.921250 0.000000 0.000000
 2.923000 0.000000 0.000000
 2.924750 0.000000 0.000000
 2.926500 0.000000 0.000000
 2.928250 0.000000 0.000000
 2.930000 0.000000 0.000000
 2.931750 0.000000 0.000000
 2.933500 0.000000 0.000000
 2.935250 0.000000 0.000000
 2.937000 0.000000 0.000000
 2.938750 0.000000 0.000000
 2.940500 0.000000 0.000000
 2.942250 0.000000 0.000000
 2.944000 0.000000 0.000000
 2.945750 0.000000 0.000000
 2.947500 0.000000 0.000000
 2.949250 0.000000 0.000000
 2.951000 0.000000 0.000000
 2.952750 0.000000 0.000000
 2.954500 0.000000 0.000000
 2.956250 0.000000 0.000000
 2.958000 0.000000 0.000000
 2.959750 0.000000 0.000000
 2.961500 0.000000 0.000000
 2.963250 0.000000 0.000000
 2.965000 0.000000 0.000000
 2.966750 0.000000 0.000000
 2.968500 0.000000 0.000000
 2.970250 0.000000 0.000000
 2.972000 0.000000 0.000000
 2.973750 0.000000 0.000000
 2.975500 0.000000 0.000000
 2.977250 0.000000 0.000000
 2.979000 0.000000 0.000000
 2.980750 0.000000 0.000000
 2.982500 0.000000 0.000000
 2.984250 0.000000 0.000000
 2.986000 0.000000 0.000000
 2.987750 0.000000 0.000000
 2.989500 0.000000 0.000000
 2.991250 0.000000 0.000000
 2.993000 0.000000 0.000000
 2.994750 0.000000 0.000000
 2.996500 0.000000 0.000000
 2.998250 0.000000 0.000000
 3.000000 0.000000 0.000000
