#! FIELDS time refcv.mean refcv.morethan-1 refcv.morethan-2
 4800.000000 2.378734 0.000000 0.000000
 4802.000000 2.419463 0.000000 0.000000
 4804.000000 2.401865 0.000000 0.000000
 4806.000000 2.385791 0.000000 0.000000
 4808.000000 2.368235 0.000000 0.000000
 4810.000000 2.412993 0.000000 0.000000
 4812.000000 2.412697 0.000000 0.000000
 4814.000000 2.429432 0.000000 0.000000
 4816.000000 2.421434 0.000000 0.000000
 4818.000000 2.402070 0.000000 0.000000
 4820.000000 2.406693 0.000000 0.000000
 4822.000000 2.367030 0.000000 0.000000
 4824.000000 2.380071 0.000000 0.000000
 4826.000000 2.407485 0.000000 0.000000
 4828.000000 2.425166 0.000000 0.000000
 4830.000000 2.425711 0.000000 0.000000
 4832.000000 2.414558 0.000000 0.000000
 4834.000000 2.387044 0.000000 0.000000
 4836.000000 2.427193 0.000000 0.000000
 4838.000000 2.419294 0.000000 0.000000
 4840.000000 2.410301 0.000000 0.000000
 4842.000000 2.414966 0.000000 0.000000
 4844.000000 2.448495 0.000000 0.000000
 4846.000000 2.440171 0.000000 0.000000
 4848.000000 2.426628 0.000000 0.000000
 4850.000000 2.384703 0.000000 0.000000
 4852.000000 2.429071 0.000000 0.000000
 4854.000000 2.386704 0.000000 0.000000
 4856.000000 2.434355 0.000000 0.000000
 4858.000000 2.422135 0.000000 0.000000
 4860.000000 2.428214 0.000000 0.000000
 4862.000000 2.412822 0.000000 0.000000
 4864.000000 2.411144 0.000000 0.000000
 4866.000000 2.415284 0.000000 0.000000
 4868.000000 2.391892 0.000000 0.000000
 4870.000000 2.388866 0.000000 0.000000
 4872.000000 2.384679 0.000000 0.000000
 4874.000000 2.383858 0.000000 0.000000
 4876.000000 2.400354 0.000000 0.000000
 4878.000000 2.421481 0.000000 0.000000
 4880.000000 2.397698 0.000000 0.000000
 4882.000000 2.413873 0.000000 0.000000
 4884.000000 2.369599 0.000000 0.000000
 4886.000000 2.398891 0.000000 0.000000
 4888.000000 2.393138 0.000000 0.000000
 4890.000000 2.382360 0.000000 0.000000
 4892.000000 2.358801 0.000000 0.000000
 4894.000000 2.389137 0.000000 0.000000
 4896.000000 2.386372 0.000000 0.000000
 4898.000000 2.368205 0.000000 0.000000
 4900.000000 2.365897 0.000000 0.000000
 4902.000000 2.398640 0.000000 0.000000
 4904.000000 2.397682 0.000000 0.000000
 4906.000000 2.382073 0.000000 0.000000
 4908.000000 2.421304 0.000000 0.000000
 4910.000000 2.409872 0.000000 0.000000
 4912.000000 2.399429 0.000000 0.000000
 4914.000000 2.370230 0.000000 0.000000
 4916.000000 2.406712 0.000000 0.000000
 4918.000000 2.425456 0.000000 0.000000
 4920.000000 2.391115 0.000000 0.000000
 4922.000000 2.413726 0.000000 0.000000
 4924.000000 2.410948 0.000000 0.000000
 4926.000000 2.412857 0.000000 0.000000
 4928.000000 2.432184 0.000000 0.000000
 4930.000000 2.398084 0.000000 0.000000
 4932.000000 2.419631 0.000000 0.000000
 4934.000000 2.403298 0.000000 0.000000
 4936.000000 2.403443 0.000000 0.000000
 4938.000000 2.393438 0.000000 0.000000
 4940.000000 2.394156 0.000000 0.000000
 4942.000000 2.422342 0.000000 0.000000
 4944.000000 2.433188 0.000000 0.000000
 4946.000000 2.420135 0.000000 0.000000
 4948.000000 2.364501 0.000000 0.000000
 4950.000000 2.372767 0.000000 0.000000
 4952.000000 2.387404 0.000000 0.000000
 4954.000000 2.386047 0.000000 0.000000
 4956.000000 2.425764 0.000000 0.000000
 4958.000000 2.397009 0.000000 0.000000
 4960.000000 2.381183 0.000000 0.000000
 4962.000000 2.389481 0.000000 0.000000
 4964.000000 2.398436 0.000000 0.000000
 4966.000000 2.434665 0.000000 0.000000
 4968.000000 2.437373 0.000000 0.000000
 4970.000000 2.405774 0.000000 0.000000
 4972.000000 2.405585 0.000000 0.000000
 4974.000000 2.451107 0.000000 0.000000
 4976.000000 2.417238 0.000000 0.000000
 4978.000000 2.429525 0.000000 0.000000
 4980.000000 2.409156 0.000000 0.000000
 4982.000000 2.416119 0.000000 0.000000
 4984.000000 2.374033 0.000000 0.000000
 4986.000000 2.389814 0.000000 0.000000
 4988.000000 2.361926 0.000000 0.000000
 4990.000000 2.412454 0.000000 0.000000
 4992.000000 2.401645 0.000000 0.000000
 4994.000000 2.403666 0.000000 0.000000
 4996.000000 2.368112 0.000000 0.000000
 4998.000000 2.369703 0.000000 0.000000
 5000.000000 2.380605 0.000000 0.000000
 5002.000000 2.383314 0.000000 0.000000
 5004.000000 2.386081 0.000000 0.000000
 5006.000000 2.388957 0.000000 0.000000
 5008.000000 2.389121 0.000000 0.000000
 5010.000000 2.390943 0.000000 0.000000
 5012.000000 2.409418 0.000000 0.000000
 5014.000000 2.384662 0.000000 0.000000
 5016.000000 2.387899 0.000000 0.000000
 5018.000000 2.374067 0.000000 0.000000
 5020.000000 2.381139 0.000000 0.000000
 5022.000000 2.424123 0.000000 0.000000
 5024.000000 2.373733 0.000000 0.000000
 5026.000000 2.381968 0.000000 0.000000
 5028.000000 2.388681 0.000000 0.000000
 5030.000000 2.405345 0.000000 0.000000
 5032.000000 2.417535 0.000000 0.000000
 5034.000000 2.421982 0.000000 0.000000
 5036.000000 2.405836 0.000000 0.000000
 5038.000000 2.421197 0.000000 0.000000
 5040.000000 2.394940 0.000000 0.000000
 5042.000000 2.386175 0.000000 0.000000
 5044.000000 2.408402 0.000000 0.000000
 5046.000000 2.411165 0.000000 0.000000
 5048.000000 2.380810 0.000000 0.000000
 5050.000000 2.398288 0.000000 0.000000
 5052.000000 2.397794 0.000000 0.000000
 5054.000000 2.387105 0.000000 0.000000
 5056.000000 2.397568 0.000000 0.000000
 5058.000000 2.386739 0.000000 0.000000
 5060.000000 2.401202 0.000000 0.000000
 5062.000000 2.395295 0.000000 0.000000
 5064.000000 2.405008 0.000000 0.000000
 5066.000000 2.374330 0.000000 0.000000
 5068.000000 2.386676 0.000000 0.000000
 5070.000000 2.380601 0.000000 0.000000
 5072.000000 2.358172 0.000000 0.000000
 5074.000000 2.394025 0.000000 0.000000
 5076.000000 2.400248 0.000000 0.000000
 5078.000000 2.398556 0.000000 0.000000
 5080.000000 2.429891 0.000000 0.000000
 5082.000000 2.400170 0.000000 0.000000
 5084.000000 2.414208 0.000000 0.000000
 5086.000000 2.416523 0.000000 0.000000
 5088.000000 2.419149 0.000000 0.000000
 5090.000000 2.390040 0.000000 0.000000
 5092.000000 2.376276 0.000000 0.000000
 5094.000000 2.416358 0.000000 0.000000
 5096.000000 2.409604 0.000000 0.000000
 5098.000000 2.396572 0.000000 0.000000
 5100.000000 2.396731 0.000000 0.000000
 5102.000000 2.409808 0.000000 0.000000
 5104.000000 2.399166 0.000000 0.000000
 5106.000000 2.402498 0.000000 0.000000
 5108.000000 2.407516 0.000000 0.000000
 5110.000000 2.410672 0.000000 0.000000
 5112.000000 2.413665 0.000000 0.000000
 5114.000000 2.406957 0.000000 0.000000
 5116.000000 2.402256 0.000000 0.000000
 5118.000000 2.410951 0.000000 0.000000
 5120.000000 2.393010 0.000000 0.000000
 5122.000000 2.397493 0.000000 0.000000
 5124.000000 2.397428 0.000000 0.000000
 5126.000000 2.404136 0.000000 0.000000
 5128.000000 2.374040 0.000000 0.000000
 5130.000000 2.404060 0.000000 0.000000
 5132.000000 2.398586 0.000000 0.000000
 5134.000000 2.371362 0.000000 0.000000
 5136.000000 2.385706 0.000000 0.000000
 5138.000000 2.418859 0.000000 0.000000
 5140.000000 2.385406 0.000000 0.000000
 5142.000000 2.401928 0.000000 0.000000
 5144.000000 2.411983 0.000000 0.000000
 5146.000000 2.408114 0.000000 0.000000
 5148.000000 2.428852 0.000000 0.000000
 5150.000000 2.454119 0.000000 0.000000
 5152.000000 2.438190 0.000000 0.000000
 5154.000000 2.428753 0.000000 0.000000
 5156.000000 2.402840 0.000000 0.000000
 5158.000000 2.417126 0.000000 0.000000
 5160.000000 2.401545 0.000000 0.000000
 5162.000000 2.407089 0.000000 0.000000
 5164.000000 2.433535 0.000000 0.000000
 5166.000000 2.403820 0.000000 0.000000
 5168.000000 2.398638 0.000000 0.000000
 5170.000000 2.414771 0.000000 0.000000
 5172.000000 2.415300 0.000000 0.000000
 5174.000000 2.420467 0.000000 0.000000
 5176.000000 2.404821 0.000000 0.000000
 5178.000000 2.418287 0.000000 0.000000
 5180.000000 2.377440 0.000000 0.000000
 5182.000000 2.385631 0.000000 0.000000
 5184.000000 2.430560 0.000000 0.000000
 5186.000000 2.417163 0.000000 0.000000
 5188.000000 2.382883 0.000000 0.000000
 5190.000000 2.379565 0.000000 0.000000
 5192.000000 2.412933 0.000000 0.000000
 5194.000000 2.365447 0.000000 0.000000
 5196.000000 2.381100 0.000000 0.000000
 5198.000000 2.389156 0.000000 0.000000
 5200.000000 2.389453 0.000000 0.000000
 5202.000000 2.400086 0.000000 0.000000
 5204.000000 2.381179 0.000000 0.000000
 5206.000000 2.391457 0.000000 0.000000
 5208.000000 2.422768 0.000000 0.000000
 5210.000000 2.445325 0.000000 0.000000
 5212.000000 2.430268 0.000000 0.000000
 5214.000000 2.411535 0.000000 0.000000
 5216.000000 2.459064 0.000000 0.000000
 5218.000000 2.418910 0.000000 0.000000
 5220.000000 2.415061 0.000000 0.000000
 5222.000000 2.410328 0.000000 0.000000
 5224.000000 2.433838 0.000000 0.000000
 5226.000000 2.419432 0.000000 0.000000
 5228.000000 2.394368 0.000000 0.000000
 5230.000000 2.402060 0.000000 0.000000
 5232.000000 2.396159 0.000000 0.000000
 5234.000000 2.401824 0.000000 0.000000
 5236.000000 2.422520 0.000000 0.000000
 5238.000000 2.418780 0.000000 0.000000
 5240.000000 2.403494 0.000000 0.000000
 5242.000000 2.411608 0.000000 0.000000
 5244.000000 2.400262 0.000000 0.000000
 5246.000000 2.403519 0.000000 0.000000
 5248.000000 2.408413 0.000000 0.000000
 5250.000000 2.393413 0.000000 0.000000
 5252.000000 2.416122 0.000000 0.000000
 5254.000000 2.381426 0.000000 0.000000
 5256.000000 2.405644 0.000000 0.000000
 5258.000000 2.403126 0.000000 0.000000
 5260.000000 2.395245 0.000000 0.000000
 5262.000000 2.396648 0.000000 0.000000
 5264.000000 2.394221 0.000000 0.000000
 5266.000000 2.386777 0.000000 0.000000
 5268.000000 2.371428 0.000000 0.000000
 5270.000000 2.419111 0.000000 0.000000
 5272.000000 2.425623 0.000000 0.000000
 5274.000000 2.419758 0.000000 0.000000
 5276.000000 2.416834 0.000000 0.000000
 5278.000000 2.429273 0.000000 0.000000
 5280.000000 2.406321 0.000000 0.000000
 5282.000000 2.415752 0.000000 0.000000
 5284.000000 2.429996 0.000000 0.000000
 5286.000000 2.418153 0.000000 0.000000
 5288.000000 2.430832 0.000000 0.000000
 5290.000000 2.434490 0.000000 0.000000
 5292.000000 2.393433 0.000000 0.000000
 5294.000000 2.399957 0.000000 0.000000
 5296.000000 2.397036 0.000000 0.000000
 5298.000000 2.377820 0.000000 0.000000
 5300.000000 2.400633 0.000000 0.000000
 5302.000000 2.394264 0.000000 0.000000
 5304.000000 2.393792 0.000000 0.000000
 5306.000000 2.420652 0.000000 0.000000
 5308.000000 2.398776 0.000000 0.000000
 5310.000000 2.371148 0.000000 0.000000
 5312.000000 2.377681 0.000000 0.000000
 5314.000000 2.424267 0.000000 0.000000
 5316.000000 2.410950 0.000000 0.000000
 5318.000000 2.401650 0.000000 0.000000
 5320.000000 2.392178 0.000000 0.000000
 5322.000000 2.434514 0.000000 0.000000
 5324.000000 2.394530 0.000000 0.000000
 5326.000000 2.401819 0.000000 0.000000
 5328.000000 2.385535 0.000000 0.000000
 5330.000000 2.404952 0.000000 0.000000
 5332.000000 2.404118 0.000000 0.000000
 5334.000000 2.406725 0.000000 0.000000
 5336.000000 2.389015 0.000000 0.000000
 5338.000000 2.407495 0.000000 0.000000
 5340.000000 2.412935 0.000000 0.000000
 5342.000000 2.395894 0.000000 0.000000
 5344.000000 2.370766 0.000000 0.000000
 5346.000000 2.392082 0.000000 0.000000
 5348.000000 2.369535 0.000000 0.000000
 5350.000000 2.407426 0.000000 0.000000
 5352.000000 2.382015 0.000000 0.000000
 5354.000000 2.409275 0.000000 0.000000
 5356.000000 2.410802 0.000000 0.000000
 5358.000000 2.423211 0.000000 0.000000
 5360.000000 2.400412 0.000000 0.000000
 5362.000000 2.388429 0.000000 0.000000
 5364.000000 2.403696 0.000000 0.000000
 5366.000000 2.414555 0.000000 0.000000
 5368.000000 2.396614 0.000000 0.000000
 5370.000000 2.400300 0.000000 0.000000
 5372.000000 2.424954 0.000000 0.000000
 5374.000000 2.411846 0.000000 0.000000
 5376.000000 2.427087 0.000000 0.000000
 5378.000000 2.426863 0.000000 0.000000
 5380.000000 2.430002 0.000000 0.000000
 5382.000000 2.398674 0.000000 0.000000
 5384.000000 2.422763 0.000000 0.000000
 5386.000000 2.419323 0.000000 0.000000
 5388.000000 2.401166 0.000000 0.000000
 5390.000000 2.419513 0.000000 0.000000
 5392.000000 2.406783 0.000000 0.000000
 5394.000000 2.404917 0.000000 0.000000
 5396.000000 2.380222 0.000000 0.000000
 5398.000000 2.384143 0.000000 0.000000
 5400.000000 2.391262 0.000000 0.000000
 5402.000000 2.404884 0.000000 0.000000
 5404.000000 2.413569 0.000000 0.000000
 5406.000000 2.396798 0.000000 0.000000
 5408.000000 2.420768 0.000000 0.000000
 5410.000000 2.393521 0.000000 0.000000
 5412.000000 2.396629 0.000000 0.000000
 5414.000000 2.373602 0.000000 0.000000
 5416.000000 2.409844 0.000000 0.000000
 5418.000000 2.407709 0.000000 0.000000
 5420.000000 2.398926 0.000000 0.000000
 5422.000000 2.388158 0.000000 0.000000
 5424.000000 2.423713 0.000000 0.000000
 5426.000000 2.389190 0.000000 0.000000
 5428.000000 2.383253 0.000000 0.000000
 5430.000000 2.400021 0.000000 0.000000
 5432.000000 2.408129 0.000000 0.000000
 5434.000000 2.411921 0.000000 0.000000
 5436.000000 2.425878 0.000000 0.000000
 5438.000000 2.414615 0.000000 0.000000
 5440.000000 2.398994 0.000000 0.000000
 5442.000000 2.384959 0.000000 0.000000
 5444.000000 2.400631 0.000000 0.000000
 5446.000000 2.402231 0.000000 0.000000
 5448.000000 2.382560 0.000000 0.000000
 5450.000000 2.400971 0.000000 0.000000
 5452.000000 2.382726 0.000000 0.000000
 5454.000000 2.387724 0.000000 0.000000
 5456.000000 2.407095 0.000000 0.000000
 5458.000000 2.411280 0.000000 0.000000
 5460.000000 2.413943 0.000000 0.000000
 5462.000000 2.413825 0.000000 0.000000
 5464.000000 2.397804 0.000000 0.000000
 5466.000000 2.387642 0.000000 0.000000
 5468.000000 2.383867 0.000000 0.000000
 5470.000000 2.431790 0.000000 0.000000
 5472.000000 2.371071 0.000000 0.000000
 5474.000000 2.387862 0.000000 0.000000
 5476.000000 2.386887 0.000000 0.000000
 5478.000000 2.387208 0.000000 0.000000
 5480.000000 2.421056 0.000000 0.000000
 5482.000000 2.389389 0.000000 0.000000
 5484.000000 2.367561 0.000000 0.000000
 5486.000000 2.395813 0.000000 0.000000
 5488.000000 2.412234 0.000000 0.000000
 5490.000000 2.427445 0.000000 0.000000
 5492.000000 2.428654 0.000000 0.000000
 5494.000000 2.409478 0.000000 0.000000
 5496.000000 2.419343 0.000000 0.000000
 5498.000000 2.416786 0.000000 0.000000
 5500.000000 2.392365 0.000000 0.000000
 5502.000000 2.408013 0.000000 0.000000
 5504.000000 2.393709 0.000000 0.000000
 5506.000000 2.405975 0.000000 0.000000
 5508.000000 2.398320 0.000000 0.000000
 5510.000000 2.468132 0.000000 0.000000
 5512.000000 2.422422 0.000000 0.000000
 5514.000000 2.401493 0.000000 0.000000
 5516.000000 2.388429 0.000000 0.000000
 5518.000000 2.408122 0.000000 0.000000
 5520.000000 2.391025 0.000000 0.000000
 5522.000000 2.383976 0.000000 0.000000
 5524.000000 2.409393 0.000000 0.000000
 5526.000000 2.401523 0.000000 0.000000
 5528.000000 2.400759 0.000000 0.000000
 5530.000000 2.401260 0.000000 0.000000
 5532.000000 2.434256 0.000000 0.000000
 5534.000000 2.362631 0.000000 0.000000
 5536.000000 2.402927 0.000000 0.000000
 5538.000000 2.430852 0.000000 0.000000
 5540.000000 2.393634 0.000000 0.000000
 5542.000000 2.390344 0.000000 0.000000
 5544.000000 2.426199 0.000000 0.000000
 5546.000000 2.387254 0.000000 0.000000
 5548.000000 2.410262 0.000000 0.000000
 5550.000000 2.412873 0.000000 0.000000
 5552.000000 2.407677 0.000000 0.000000
 5554.000000 2.403263 0.000000 0.000000
 5556.000000 2.418401 0.000000 0.000000
 5558.000000 2.406902 0.000000 0.000000
 5560.000000 2.432433 0.000000 0.000000
 5562.000000 2.402295 0.000000 0.000000
 5564.000000 2.420810 0.000000 0.000000
 5566.000000 2.417117 0.000000 0.000000
 5568.000000 2.379430 0.000000 0.000000
 5570.000000 2.413924 0.000000 0.000000
 5572.000000 2.419602 0.000000 0.000000
 5574.000000 2.424892 0.000000 0.000000
 5576.000000 2.419381 0.000000 0.000000
 5578.000000 2.415402 0.000000 0.000000
 5580.000000 2.400581 0.000000 0.000000
 5582.000000 2.417652 0.000000 0.000000
 5584.000000 2.419552 0.000000 0.000000
 5586.000000 2.401885 0.000000 0.000000
 5588.000000 2.401696 0.000000 0.000000
 5590.000000 2.379462 0.000000 0.000000
 5592.000000 2.367997 0.000000 0.000000
 5594.000000 2.400477 0.000000 0.000000
 5596.000000 2.435856 0.000000 0.000000
 5598.000000 2.409510 0.000000 0.000000
 5600.000000 2.380440 0.000000 0.000000
 5602.000000 2.397407 0.000000 0.000000
 5604.000000 2.406913 0.000000 0.000000
 5606.000000 2.398771 0.000000 0.000000
 5608.000000 2.421128 0.000000 0.000000
 5610.000000 2.409913 0.000000 0.000000
 5612.000000 2.417655 0.000000 0.000000
 5614.000000 2.393158 0.000000 0.000000
 5616.000000 2.414612 0.000000 0.000000
 5618.000000 2.384949 0.000000 0.000000
 5620.000000 2.387384 0.000000 0.000000
 5622.000000 2.415208 0.000000 0.000000
 5624.000000 2.403687 0.000000 0.000000
 5626.000000 2.380355 0.000000 0.000000
 5628.000000 2.373996 0.000000 0.000000
 5630.000000 2.361688 0.000000 0.000000
 5632.000000 2.367891 0.000000 0.000000
 5634.000000 2.393550 0.000000 0.000000
 5636.000000 2.386987 0.000000 0.000000
 5638.000000 2.382142 0.000000 0.000000
 5640.000000 2.420576 0.000000 0.000000
 5642.000000 2.401580 0.000000 0.000000
 5644.000000 2.415875 0.000000 0.000000
 5646.000000 2.426751 0.000000 0.000000
 5648.000000 2.406021 0.000000 0.000000
 5650.000000 2.420652 0.000000 0.000000
 5652.000000 2.404049 0.000000 0.000000
 5654.000000 2.421555 0.000000 0.000000
 5656.000000 2.431889 0.000000 0.000000
 5658.000000 2.418008 0.000000 0.000000
 5660.000000 2.439428 0.000000 0.000000
 5662.000000 2.406023 0.000000 0.000000
 5664.000000 2.409346 0.000000 0.000000
 5666.000000 2.405180 0.000000 0.000000
 5668.000000 2.390193 0.000000 0.000000
 5670.000000 2.378069 0.000000 0.000000
 5672.000000 2.388067 0.000000 0.000000
 5674.000000 2.415342 0.000000 0.000000
 5676.000000 2.403061 0.000000 0.000000
 5678.000000 2.421325 0.000000 0.000000
 5680.000000 2.389747 0.000000 0.000000
 5682.000000 2.366928 0.000000 0.000000
 5684.000000 2.382112 0.000000 0.000000
 5686.000000 2.383928 0.000000 0.000000
 5688.000000 2.376211 0.000000 0.000000
 5690.000000 2.406492 0.000000 0.000000
 5692.000000 2.361423 0.000000 0.000000
 5694.000000 2.408767 0.000000 0.000000
 5696.000000 2.379850 0.000000 0.000000
 5698.000000 2.408220 0.000000 0.000000
 5700.000000 2.402345 0.000000 0.000000
 5702.000000 2.430785 0.000000 0.000000
 5704.000000 2.381633 0.000000 0.000000
 5706.000000 2.408560 0.000000 0.000000
 5708.000000 2.392699 0.000000 0.000000
 5710.000000 2.401602 0.000000 0.000000
 5712.000000 2.381471 0.000000 0.000000
 5714.000000 2.391853 0.000000 0.000000
 5716.000000 2.377407 0.000000 0.000000
 5718.000000 2.373092 0.000000 0.000000
 5720.000000 2.388997 0.000000 0.000000
 5722.000000 2.385613 0.000000 0.000000
 5724.000000 2.386310 0.000000 0.000000
 5726.000000 2.407132 0.000000 0.000000
 5728.000000 2.406938 0.000000 0.000000
 5730.000000 2.402400 0.000000 0.000000
 5732.000000 2.400150 0.000000 0.000000
 5734.000000 2.403105 0.000000 0.000000
 5736.000000 2.395932 0.000000 0.000000
 5738.000000 2.422340 0.000000 0.000000
 5740.000000 2.424516 0.000000 0.000000
 5742.000000 2.425795 0.000000 0.000000
 5744.000000 2.424979 0.000000 0.000000
 5746.000000 2.442826 0.000000 0.000000
 5748.000000 2.425773 0.000000 0.000000
 5750.000000 2.401914 0.000000 0.000000
 5752.000000 2.405878 0.000000 0.000000
 5754.000000 2.421586 0.000000 0.000000
 5756.000000 2.394308 0.000000 0.000000
 5758.000000 2.410919 0.000000 0.000000
 5760.000000 2.368976 0.000000 0.000000
 5762.000000 2.394897 0.000000 0.000000
 5764.000000 2.419850 0.000000 0.000000
 5766.000000 2.427979 0.000000 0.000000
 5768.000000 2.411526 0.000000 0.000000
 5770.000000 2.407444 0.000000 0.000000
 5772.000000 2.362030 0.000000 0.000000
 5774.000000 2.358624 0.000000 0.000000
 5776.000000 2.386233 0.000000 0.000000
 5778.000000 2.415449 0.000000 0.000000
 5780.000000 2.410508 0.000000 0.000000
 5782.000000 2.378861 0.000000 0.000000
 5784.000000 2.417196 0.000000 0.000000
 5786.000000 2.396685 0.000000 0.000000
 5788.000000 2.404611 0.000000 0.000000
 5790.000000 2.425329 0.000000 0.000000
 5792.000000 2.425161 0.000000 0.000000
 5794.000000 2.411805 0.000000 0.000000
 5796.000000 2.409366 0.000000 0.000000
 5798.000000 2.430880 0.000000 0.000000
 5800.000000 2.403588 0.000000 0.000000
