#! FIELDS refcv hh dhh_refcv
#! SET normalisation  101.000000
#! SET min_refcv -0.5
#! SET max_refcv 3
#! SET nbins_refcv  2000
#! SET periodic_refcv false
 -0.500000 0.000000 0.000000
 -0.498250 0.000000 0.000000
 -0.496500 0.000000 0.000000
 -0.494750 0.000000 0.000000
 -0.493000 0.000000 0.000000
 -0.491250 0.000000 0.000000
 -0.489500 0.000000 0.000000
 -0.487750 0.000000 0.000000
 -0.486000 0.000000 0.000000
 -0.484250 0.000000 0.000000
 -0.482500 0.000000 0.000000
 -0.480750 0.000000 0.000000
 -0.479000 0.000000 0.000000
 -0.477250 0.000000 0.000000
 -0.475500 0.000000 0.000000
 -0.473750 0.000000 0.000000
 -0.472000 0.000000 0.000000
 -0.470250 0.000000 0.000000
 -0.468500 0.000000 0.000000
 -0.466750 0.000000 0.000000
 -0.465000 0.000000 0.000000
 -0.463250 0.000000 0.000000
 -0.461500 0.000000 0.000000
 -0.459750 0.000000 0.000000
 -0.458000 0.000000 0.000000
 -0.456250 0.000000 0.000000
 -0.454500 0.000000 0.000000
 -0.452750 0.000000 0.000000
 -0.451000 0.000000 0.000000
 -0.449250 0.000000 0.000000
 -0.447500 0.000000 0.000000
 -0.445750 0.000000 0.000000
 -0.444000 0.000000 0.000000
 -0.442250 0.000000 0.000000
 -0.440500 0.000000 0.000000
 -0.438750 0.000000 0.000000
 -0.437000 0.000000 0.000000
 -0.435250 0.000000 0.000000
 -0.433500 0.000000 0.000000
 -0.431750 0.000000 0.000000
 -0.430000 0.000000 0.000000
 -0.428250 0.000000 0.000000
 -0.426500 0.000000 0.000000
 -0.424750 0.000000 0.000000
 -0.423000 0.000000 0.000000
 -0.421250 0.000000 0.000000
 -0.419500 0.000000 0.000000
 -0.417750 0.000000 0.000000
 -0.416000 0.000000 0.000000
 -0.414250 0.000000 0.000000
 -0.412500 0.000000 0.000000
 -0.410750 0.000000 0.000000
 -0.409000 0.000000 0.000000
 -0.407250 0.000000 0.000000
 -0.405500 0.000000 0.000000
 -0.403750 0.000000 0.000000
 -0.402000 0.000000 0.000000
 -0.400250 0.000000 0.000000
 -0.398500 0.000000 0.000000
 -0.396750 0.000000 0.000000
 -0.395000 0.000000 0.000000
 -0.393250 0.000000 0.000000
 -0.391500 0.000000 0.000000
 -0.389750 0.000000 0.000000
 -0.388000 0.000000 0.000000
 -0.386250 0.000000 0.000000
 -0.384500 0.000000 0.000000
 -0.382750 0.000000 0.000000
 -0.381000 0.000000 0.000000
 -0.379250 0.000000 0.000000
 -0.377500 0.000000 0.000000
 -0.375750 0.000000 0.000000
 -0.374000 0.000000 0.000000
 -0.372250 0.000000 0.000000
 -0.370500 0.000000 0.000000
 -0.368750 0.000000 0.000000
 -0.367000 0.000000 0.000000
 -0.365250 0.000000 0.000000
 -0.363500 0.000000 0.000000
 -0.361750 0.000000 0.000000
 -0.360000 0.000000 0.000000
 -0.358250 0.000000 0.000000
 -0.356500 0.000000 0.000000
 -0.354750 0.000000 0.000000
 -0.353000 0.000000 0.000000
 -0.351250 0.000000 0.000000
 -0.349500 0.000000 0.000000
 -0.347750 0.000000 0.000000
 -0.346000 0.000000 0.000000
 -0.344250 0.000000 0.000000
 -0.342500 0.000000 0.000000
 -0.340750 0.000000 0.000000
 -0.339000 0.000000 0.000000
 -0.337250 0.000000 0.000000
 -0.335500 0.000000 0.000000
 -0.333750 0.000000 0.000000
 -0.332000 0.000000 0.000000
 -0.330250 0.000000 0.000000
 -0.328500 0.000000 0.000000
 -0.326750 0.000000 0.000000
 -0.325000 0.000000 0.000000
 -0.323250 0.000000 0.000000
 -0.321500 0.000000 0.000000
 -0.319750 0.000000 0.000000
 -0.318000 0.000000 0.000000
 -0.316250 0.000000 0.000000
 -0.314500 0.000000 0.000000
 -0.312750 0.000000 0.000000
 -0.311000 0.000000 0.000000
 -0.309250 0.000000 0.000000
 -0.307500 0.000000 0.000000
 -0.305750 0.000000 0.000000
 -0.304000 0.000000 0.000000
 -0.302250 0.000000 0.000000
 -0.300500 0.000000 0.000000
 -0.298750 0.000000 0.000000
 -0.297000 0.000000 0.000000
 -0.295250 0.000000 0.000000
 -0.293500 0.000000 0.000000
 -0.291750 0.000000 0.000000
 -0.290000 0.000000 0.000000
 -0.288250 0.000000 0.000000
 -0.286500 0.000000 0.000000
 -0.284750 0.000000 0.000000
 -0.283000 0.000000 0.000000
 -0.281250 0.000000 0.000000
 -0.279500 0.000000 0.000000
 -0.277750 0.000000 0.000000
 -0.276000 0.000000 0.000000
 -0.274250 0.000000 0.000000
 -0.272500 0.000000 0.000000
 -0.270750 0.000000 0.000000
 -0.269000 0.000000 0.000000
 -0.267250 0.000000 0.000000
 -0.265500 0.000000 0.000000
 -0.263750 0.000000 0.000000
 -0.262000 0.000000 0.000000
 -0.260250 0.000000 0.000000
 -0.258500 0.000000 0.000000
 -0.256750 0.000000 0.000000
 -0.255000 0.000000 0.000000
 -0.253250 0.000000 0.000000
 -0.251500 0.000000 0.000000
 -0.249750 0.000000 0.000000
 -0.248000 0.000000 0.000000
 -0.246250 0.000000 0.000000
 -0.244500 0.000000 0.000000
 -0.242750 0.000000 0.000000
 -0.241000 0.000000 0.000000
 -0.239250 0.000000 0.000000
 -0.237500 0.000000 0.000000
 -0.235750 0.000000 0.000000
 -0.234000 0.000000 0.000000
 -0.232250 0.000000 0.000000
 -0.230500 0.000000 0.000000
 -0.228750 0.000000 0.000000
 -0.227000 0.000000 0.000000
 -0.225250 0.000000 0.000000
 -0.223500 0.000000 0.000000
 -0.221750 0.000000 0.000000
 -0.220000 0.000000 0.000000
 -0.218250 0.000000 0.000000
 -0.216500 0.000000 0.000000
 -0.214750 0.000000 0.000000
 -0.213000 0.000000 0.000000
 -0.211250 0.000000 0.000000
 -0.209500 0.000000 0.000000
 -0.207750 0.000000 0.000000
 -0.206000 0.000000 0.000000
 -0.204250 0.000000 0.000000
 -0.202500 0.000000 0.000000
 -0.200750 0.000000 0.000000
 -0.199000 0.000000 0.000000
 -0.197250 0.000000 0.000000
 -0.195500 0.000000 0.000000
 -0.193750 0.000000 0.000000
 -0.192000 0.000000 0.000000
 -0.190250 0.000000 0.000000
 -0.188500 0.000000 0.000000
 -0.186750 0.000000 0.000000
 -0.185000 0.000000 0.000000
 -0.183250 0.000000 0.000000
 -0.181500 0.000000 0.000000
 -0.179750 0.000000 0.000000
 -0.178000 0.000000 0.000000
 -0.176250 0.000000 0.000000
 -0.174500 0.000000 0.000000
 -0.172750 0.000000 0.000000
 -0.171000 0.000000 0.000000
 -0.169250 0.000000 0.000000
 -0.167500 0.000000 0.000000
 -0.165750 0.000000 0.000000
 -0.164000 0.000000 0.000000
 -0.162250 0.000000 0.000000
 -0.160500 0.000000 0.000000
 -0.158750 0.000000 0.000000
 -0.157000 0.000000 0.000000
 -0.155250 0.000000 0.000000
 -0.153500 0.000000 0.000000
 -0.151750 0.000000 0.000000
 -0.150000 0.000000 0.000000
 -0.148250 0.000000 0.000000
 -0.146500 0.000000 0.000000
 -0.144750 0.000000 0.000000
 -0.143000 0.000000 0.000000
 -0.141250 0.000000 0.000000
 -0.139500 0.000000 0.000000
 -0.137750 0.000000 0.000000
 -0.136000 0.000000 0.000000
 -0.134250 0.000000 0.000000
 -0.132500 0.000000 0.000000
 -0.130750 0.000000 0.000000
 -0.129000 0.000000 0.000000
 -0.127250 0.000000 0.000000
 -0.125500 0.000000 0.000000
 -0.123750 0.000000 0.000000
 -0.122000 0.000000 0.000000
 -0.120250 0.000000 0.000000
 -0.118500 0.000000 0.000000
 -0.116750 0.000000 0.000000
 -0.115000 0.000000 0.000000
 -0.113250 0.000000 0.000000
 -0.111500 0.000000 0.000000
 -0.109750 0.000000 0.000000
 -0.108000 0.000000 0.000000
 -0.106250 0.000000 0.000000
 -0.104500 0.000000 0.000000
 -0.102750 0.000000 0.000000
 -0.101000 0.000000 0.000000
 -0.099250 0.000000 0.000000
 -0.097500 0.000000 0.000000
 -0.095750 0.000000 0.000000
 -0.094000 0.000000 0.000000
 -0.092250 0.000000 0.000000
 -0.090500 0.000000 0.000000
 -0.088750 0.000000 0.000000
 -0.087000 0.000000 0.000000
 -0.085250 0.000000 0.000000
 -0.083500 0.000000 0.000000
 -0.081750 0.000000 0.000000
 -0.080000 0.000000 0.000000
 -0.078250 0.000000 0.000000
 -0.076500 0.000000 0.000000
 -0.074750 0.000000 0.000000
 -0.073000 0.000000 0.000000
 -0.071250 0.000000 0.000000
 -0.069500 0.000000 0.000000
 -0.067750 0.000000 0.000000
 -0.066000 0.000000 0.000000
 -0.064250 0.000000 0.000000
 -0.062500 0.000000 0.000000
 -0.060750 0.000000 0.000000
 -0.059000 0.000000 0.000000
 -0.057250 0.000000 0.000000
 -0.055500 0.000000 0.000000
 -0.053750 0.000000 0.000000
 -0.052000 0.000000 0.000000
 -0.050250 0.000000 0.000000
 -0.048500 0.000000 0.000000
 -0.046750 0.000000 0.000000
 -0.045000 0.000000 0.000000
 -0.043250 0.000000 0.000000
 -0.041500 0.000000 0.000000
 -0.039750 0.000000 0.000000
 -0.038000 0.000000 0.000000
 -0.036250 0.000000 0.000000
 -0.034500 0.000000 0.000000
 -0.032750 0.000000 0.000000
 -0.031000 0.000000 0.000000
 -0.029250 0.000000 0.000000
 -0.027500 0.000000 0.000000
 -0.025750 0.000000 0.000000
 -0.024000 0.000000 0.000000
 -0.022250 0.000000 0.000000
 -0.020500 0.000000 0.000000
 -0.018750 0.000000 0.000000
 -0.017000 0.000000 0.000000
 -0.015250 0.000000 0.000000
 -0.013500 0.000000 0.000000
 -0.011750 0.000000 0.000000
 -0.010000 0.000000 0.000000
 -0.008250 0.000000 0.000000
 -0.006500 0.000000 0.000000
 -0.004750 0.000000 0.000000
 -0.003000 0.000000 0.000000
 -0.001250 0.000000 0.000000
 0.000500 0.000000 0.000000
 0.002250 0.000000 0.000000
 0.004000 0.000000 0.000000
 0.005750 0.000000 0.000000
 0.007500 0.000000 0.000000
 0.009250 0.000000 0.000000
 0.011000 0.000000 0.000000
 0.012750 0.000000 0.000000
 0.014500 0.000000 0.000000
 0.016250 0.000000 0.000000
 0.018000 0.000000 0.000000
 0.019750 0.000000 0.000000
 0.021500 0.000000 0.000000
 0.023250 0.000000 0.000000
 0.025000 0.000000 0.000000
 0.026750 0.000000 0.000000
 0.028500 0.000000 0.000000
 0.030250 0.000000 0.000000
 0.032000 0.000000 0.000000
 0.033750 0.000000 0.000000
 0.035500 0.000000 0.000000
 0.037250 0.000000 0.000000
 0.039000 0.000000 0.000000
 0.040750 0.000000 0.000000
 0.042500 0.000000 0.000000
 0.044250 0.000000 0.000000
 0.046000 0.000000 0.000000
 0.047750 0.000000 0.000000
 0.049500 0.000000 0.000000
 0.051250 0.000000 0.000000
 0.053000 0.000000 0.000000
 0.054750 0.000000 0.000000
 0.056500 0.000000 0.000000
 0.058250 0.000000 0.000000
 0.060000 0.000000 0.000000
 0.061750 0.000000 0.000000
 0.063500 0.000000 0.000000
 0.065250 0.000000 0.000000
 0.067000 0.000000 0.000000
 0.068750 0.000000 0.000000
 0.070500 0.000000 0.000000
 0.072250 0.000000 0.000000
 0.074000 0.000000 0.000000
 0.075750 0.000000 0.000000
 0.077500 0.000000 0.000000
 0.079250 0.000000 0.000000
 0.081000 0.000000 0.000000
 0.082750 0.000000 0.000000
 0.084500 0.000000 0.000000
 0.086250 0.000000 0.000000
 0.088000 0.000000 0.000000
 0.089750 0.000000 0.000000
 0.091500 0.000000 0.000000
 0.093250 0.000000 0.000000
 0.095000 0.000000 0.000000
 0.096750 0.000000 0.000000
 0.098500 0.000000 0.000000
 0.100250 0.000000 0.000000
 0.102000 0.000000 0.000000
 0.103750 0.000000 0.000000
 0.105500 0.000000 0.000000
 0.107250 0.000000 0.000000
 0.109000 0.000000 0.000000
 0.110750 0.000000 0.000000
 0.112500 0.000000 0.000000
 0.114250 0.000000 0.000000
 0.116000 0.000000 0.000000
 0.117750 0.000000 0.000000
 0.119500 0.000000 0.000000
 0.121250 0.000000 0.000000
 0.123000 0.000000 0.000000
 0.124750 0.000000 0.000000
 0.126500 0.000000 0.000000
 0.128250 0.000000 0.000000
 0.130000 0.000000 0.000000
 0.131750 0.000000 0.000000
 0.133500 0.000000 0.000000
 0.135250 0.000000 0.000000
 0.137000 0.000000 0.000000
 0.138750 0.000000 0.000000
 0.140500 0.000000 0.000000
 0.142250 0.000000 0.000000
 0.144000 0.000000 0.000000
 0.145750 0.000000 0.000000
 0.147500 0.000000 0.000000
 0.149250 0.000000 0.000000
 0.151000 0.000000 0.000000
 0.152750 0.000000 0.000000
 0.154500 0.000000 0.000000
 0.156250 0.000000 0.000000
 0.158000 0.000000 0.000000
 0.159750 0.000000 0.000000
 0.161500 0.000000 0.000000
 0.163250 0.000000 0.000000
 0.165000 0.000000 0.000000
 0.166750 0.000000 0.000000
 0.168500 0.000000 0.000000
 0.170250 0.000000 0.000000
 0.172000 0.000000 0.000000
 0.173750 0.000000 0.000000
 0.175500 0.000000 0.000000
 0.177250 0.000000 0.000000
 0.179000 0.000000 0.000000
 0.180750 0.000000 0.000000
 0.182500 0.000000 0.000000
 0.184250 0.000000 0.000000
 0.186000 0.000000 0.000000
 0.187750 0.000000 0.000000
 0.189500 0.000000 0.000000
 0.191250 0.000000 0.000000
 0.193000 0.000000 0.000000
 0.194750 0.000000 0.000000
 0.196500 0.000000 0.000000
 0.198250 0.000000 0.000000
 0.200000 0.000000 0.000000
 0.201750 0.000000 0.000000
 0.203500 0.000000 0.000000
 0.205250 0.000000 0.000000
 0.207000 0.000000 0.000000
 0.208750 0.000000 0.000000
 0.210500 0.000000 0.000000
 0.212250 0.000000 0.000000
 0.214000 0.000000 0.000000
 0.215750 0.000000 0.000000
 0.217500 0.000000 0.000000
 0.219250 0.000000 0.000000
 0.221000 0.000000 0.000000
 0.222750 0.000000 0.000000
 0.224500 0.000000 0.000000
 0.226250 0.000000 0.000000
 0.228000 0.000000 0.000000
 0.229750 0.000000 0.000000
 0.231500 0.000000 0.000000
 0.233250 0.000000 0.000000
 0.235000 0.000000 0.000000
 0.236750 0.000000 0.000000
 0.238500 0.000000 0.000000
 0.240250 0.000000 0.000000
 0.242000 0.000000 0.000000
 0.243750 0.000000 0.000000
 0.245500 0.000000 0.000000
 0.247250 0.000000 0.000000
 0.249000 0.000000 0.000000
 0.250750 0.000000 0.000000
 0.252500 0.000000 0.000000
 0.254250 0.000000 0.000000
 0.256000 0.000000 0.000000
 0.257750 0.000000 0.000000
 0.259500 0.000000 0.000000
 0.261250 0.000000 0.000000
 0.263000 0.000000 0.000000
 0.264750 0.000000 0.000000
 0.266500 0.000000 0.000000
 0.268250 0.000000 0.000000
 0.270000 0.000000 0.000000
 0.271750 0.000000 0.000000
 0.273500 0.000000 0.000000
 0.275250 0.000000 0.000000
 0.277000 0.000000 0.000000
 0.278750 0.000000 0.000000
 0.280500 0.000000 0.000000
 0.282250 0.000000 0.000000
 0.284000 0.000000 0.000000
 0.285750 0.000000 0.000000
 0.287500 0.000000 0.000000
 0.289250 0.000000 0.000000
 0.291000 0.000000 0.000000
 0.292750 0.000000 0.000000
 0.294500 0.000000 0.000000
 0.296250 0.000000 0.000000
 0.298000 0.000000 0.000000
 0.299750 0.000000 0.000000
 0.301500 0.000000 0.000000
 0.303250 0.000000 0.000000
 0.305000 0.000000 0.000000
 0.306750 0.000000 0.000000
 0.308500 0.000000 0.000000
 0.310250 0.000000 0.000000
 0.312000 0.000000 0.000000
 0.313750 0.000000 0.000000
 0.315500 0.000000 0.000000
 0.317250 0.000000 0.000000
 0.319000 0.000000 0.000000
 0.320750 0.000000 0.000000
 0.322500 0.000000 0.000000
 0.324250 0.000000 0.000000
 0.326000 0.000000 0.000000
 0.327750 0.000000 0.000000
 0.329500 0.000000 0.000000
 0.331250 0.000000 0.000000
 0.333000 0.000000 0.000000
 0.334750 0.000000 0.000000
 0.336500 0.000000 0.000000
 0.338250 0.000000 0.000000
 0.340000 0.000000 0.000000
 0.341750 0.000000 0.000000
 0.343500 0.000000 0.000000
 0.345250 0.000000 0.000000
 0.347000 0.000000 0.000000
 0.348750 0.000000 0.000000
 0.350500 0.000000 0.000000
 0.352250 0.000000 0.000000
 0.354000 0.000000 0.000000
 0.355750 0.000000 0.000000
 0.357500 0.000000 0.000000
 0.359250 0.000000 0.000000
 0.361000 0.000000 0.000000
 0.362750 0.000000 0.000000
 0.364500 0.000000 0.000000
 0.366250 0.000000 0.000000
 0.368000 0.000000 0.000000
 0.369750 0.000000 0.000000
 0.371500 0.000000 0.000000
 0.373250 0.000000 0.000000
 0.375000 0.000000 0.000000
 0.376750 0.000000 0.000000
 0.378500 0.000000 0.000000
 0.380250 0.000000 0.000000
 0.382000 0.000000 0.000000
 0.383750 0.000000 0.000000
 0.385500 0.000000 0.000000
 0.387250 0.000000 0.000000
 0.389000 0.000000 0.000000
 0.390750 0.000000 0.000000
 0.392500 0.000000 0.000000
 0.394250 0.000000 0.000000
 0.396000 0.000000 0.000000
 0.397750 0.000000 0.000000
 0.399500 0.000000 0.000000
 0.401250 0.000000 0.000000
 0.403000 0.000000 0.000000
 0.404750 0.000000 0.000000
 0.406500 0.000000 0.000000
 0.408250 0.000000 0.000000
 0.410000 0.000000 0.000000
 0.411750 0.000000 0.000000
 0.413500 0.000000 0.000000
 0.415250 0.000000 0.000000
 0.417000 0.000000 0.000000
 0.418750 0.000000 0.000000
 0.420500 0.000000 0.000000
 0.422250 0.000000 0.000000
 0.424000 0.000000 0.000000
 0.425750 0.000000 0.000000
 0.427500 0.000000 0.000000
 0.429250 0.000000 0.000000
 0.431000 0.000000 0.000000
 0.432750 0.000000 0.000000
 0.434500 0.000000 0.000000
 0.436250 0.000000 0.000000
 0.438000 0.000000 0.000000
 0.439750 0.000000 0.000000
 0.441500 0.000000 0.000000
 0.443250 0.000000 0.000000
 0.445000 0.000000 0.000000
 0.446750 0.000000 0.000000
 0.448500 0.000000 0.000000
 0.450250 0.000000 0.000000
 0.452000 0.000000 0.000000
 0.453750 0.000000 0.000000
 0.455500 0.000000 0.000000
 0.457250 0.000000 0.000000
 0.459000 0.000000 0.000000
 0.460750 0.000000 0.000000
 0.462500 0.000000 0.000000
 0.464250 0.000000 0.000000
 0.466000 0.000000 0.000000
 0.467750 0.000000 0.000000
 0.469500 0.000000 0.000000
 0.471250 0.000000 0.000000
 0.473000 0.000000 0.000000
 0.474750 0.000000 0.000000
 0.476500 0.000000 0.000000
 0.478250 0.000000 0.000000
 0.480000 0.000000 0.000000
 0.481750 0.000000 0.000000
 0.483500 0.000000 0.000000
 0.485250 0.000000 0.000000
 0.487000 0.000000 0.000000
 0.488750 0.000000 0.000000
 0.490500 0.000000 0.000000
 0.492250 0.000000 0.000000
 0.494000 0.000000 0.000000
 0.495750 0.000000 0.000000
 0.497500 0.000000 0.000000
 0.499250 0.000000 0.000000
 0.501000 0.000000 0.000000
 0.502750 0.000000 0.000000
 0.504500 0.000000 0.000000
 0.506250 0.000000 0.000000
 0.508000 0.000000 0.000000
 0.509750 0.000000 0.000000
 0.511500 0.000000 0.000000
 0.513250 0.000000 0.000000
 0.515000 0.000000 0.000000
 0.516750 0.000000 0.000000
 0.518500 0.000000 0.000000
 0.520250 0.000000 0.000000
 0.522000 0.000000 0.000000
 0.523750 0.000000 0.000000
 0.525500 0.000000 0.000000
 0.527250 0.000000 0.000000
 0.529000 0.000000 0.000000
 0.530750 0.000000 0.000000
 0.532500 0.000000 0.000000
 0.534250 0.000000 0.000000
 0.536000 0.000000 0.000000
 0.537750 0.000000 0.000000
 0.539500 0.000000 0.000000
 0.541250 0.000000 0.000000
 0.543000 0.000000 0.000000
 0.544750 0.000000 0.000000
 0.546500 0.000000 0.000000
 0.548250 0.000000 0.000000
 0.550000 0.000000 0.000000
 0.551750 0.000000 0.000000
 0.553500 0.000000 0.000000
 0.555250 0.000000 0.000000
 0.557000 0.000000 0.000000
 0.558750 0.000000 0.000000
 0.560500 0.000000 0.000000
 0.562250 0.000000 0.000000
 0.564000 0.000000 0.000000
 0.565750 0.000000 0.000000
 0.567500 0.000000 0.000000
 0.569250 0.000000 0.000000
 0.571000 0.000000 0.000000
 0.572750 0.000000 0.000000
 0.574500 0.000000 0.000000
 0.576250 0.000000 0.000000
 0.578000 0.000000 0.000000
 0.579750 0.000000 0.000000
 0.581500 0.000000 0.000000
 0.583250 0.000000 0.000000
 0.585000 0.000000 0.000000
 0.586750 0.000000 0.000000
 0.588500 0.000000 0.000000
 0.590250 0.000000 0.000000
 0.592000 0.000000 0.000000
 0.593750 0.000000 0.000000
 0.595500 0.000000 0.000000
 0.597250 0.000000 0.000000
 0.599000 0.000000 0.000000
 0.600750 0.000000 0.000000
 0.602500 0.000000 0.000000
 0.604250 0.000000 0.000000
 0.606000 0.000000 0.000000
 0.607750 0.000000 0.000000
 0.609500 0.000000 0.000000
 0.611250 0.000000 0.000000
 0.613000 0.000000 0.000000
 0.614750 0.000000 0.000000
 0.616500 0.000000 0.000000
 0.618250 0.000000 0.000000
 0.620000 0.000000 0.000000
 0.621750 0.000000 0.000000
 0.623500 0.000000 0.000000
 0.625250 0.000000 0.000000
 0.627000 0.000000 0.000000
 0.628750 0.000000 0.000000
 0.630500 0.000000 0.000000
 0.632250 0.000000 0.000000
 0.634000 0.000000 0.000000
 0.635750 0.000000 0.000000
 0.637500 0.000000 0.000000
 0.639250 0.000000 0.000000
 0.641000 0.000000 0.000000
 0.642750 0.000000 0.000000
 0.644500 0.000000 0.000000
 0.646250 0.000000 0.000000
 0.648000 0.000000 0.000000
 0.649750 0.000000 0.000000
 0.651500 0.000000 0.000000
 0.653250 0.000000 0.000000
 0.655000 0.000000 0.000000
 0.656750 0.000000 0.000000
 0.658500 0.000000 0.000000
 0.660250 0.000000 0.000000
 0.662000 0.000000 0.000000
 0.663750 0.000000 0.000000
 0.665500 0.000000 0.000000
 0.667250 0.000000 0.000000
 0.669000 0.000000 0.000000
 0.670750 0.000000 0.000000
 0.672500 0.000000 0.000000
 0.674250 0.000000 0.000000
 0.676000 0.000000 0.000000
 0.677750 0.000000 0.000000
 0.679500 0.000000 0.000000
 0.681250 0.000000 0.000000
 0.683000 0.000000 0.000000
 0.684750 0.000000 0.000000
 0.686500 0.000000 0.000000
 0.688250 0.000000 0.000000
 0.690000 0.000000 0.000000
 0.691750 0.000000 0.000000
 0.693500 0.000000 0.000000
 0.695250 0.000000 0.000000
 0.697000 0.000000 0.000000
 0.698750 0.000000 0.000000
 0.700500 0.000000 0.000000
 0.702250 0.000000 0.000000
 0.704000 0.000000 0.000000
 0.705750 0.000000 0.000000
 0.707500 0.000000 0.000000
 0.709250 0.000000 0.000000
 0.711000 0.000000 0.000000
 0.712750 0.000000 0.000000
 0.714500 0.000000 0.000000
 0.716250 0.000000 0.000000
 0.718000 0.000000 0.000000
 0.719750 0.000000 0.000000
 0.721500 0.000000 0.000000
 0.723250 0.000000 0.000000
 0.725000 0.000000 0.000000
 0.726750 0.000000 0.000000
 0.728500 0.000000 0.000000
 0.730250 0.000000 0.000000
 0.732000 0.000000 0.000000
 0.733750 0.000000 0.000000
 0.735500 0.000000 0.000000
 0.737250 0.000000 0.000000
 0.739000 0.000000 0.000000
 0.740750 0.000000 0.000000
 0.742500 0.000000 0.000000
 0.744250 0.000000 0.000000
 0.746000 0.000000 0.000000
 0.747750 0.000000 0.000000
 0.749500 0.000000 0.000000
 0.751250 0.000000 0.000000
 0.753000 0.000000 0.000000
 0.754750 0.000000 0.000000
 0.756500 0.000000 0.000000
 0.758250 0.000000 0.000000
 0.760000 0.000000 0.000000
 0.761750 0.000000 0.000000
 0.763500 0.000000 0.000000
 0.765250 0.000000 0.000000
 0.767000 0.000000 0.000000
 0.768750 0.000000 0.000000
 0.770500 0.000000 0.000000
 0.772250 0.000000 0.000000
 0.774000 0.000000 0.000000
 0.775750 0.000000 0.000000
 0.777500 0.000000 0.000000
 0.779250 0.000000 0.000000
 0.781000 0.000000 0.000000
 0.782750 0.000000 0.000000
 0.784500 0.000000 0.000000
 0.786250 0.000000 0.000000
 0.788000 0.000000 0.000000
 0.789750 0.000000 0.000000
 0.791500 0.000000 0.000000
 0.793250 0.000000 0.000000
 0.795000 0.000000 0.000000
 0.796750 0.000000 0.000000
 0.798500 0.000000 0.000000
 0.800250 0.000000 0.000000
 0.802000 0.000000 0.000000
 0.803750 0.000000 0.000000
 0.805500 0.000000 0.000000
 0.807250 0.000000 0.000000
 0.809000 0.000000 0.000000
 0.810750 0.000000 0.000000
 0.812500 0.000000 0.000000
 0.814250 0.000000 0.000000
 0.816000 0.000000 0.000000
 0.817750 0.000000 0.000000
 0.819500 0.000000 0.000000
 0.821250 0.000000 0.000000
 0.823000 0.000000 0.000000
 0.824750 0.000000 0.000000
 0.826500 0.000000 0.000000
 0.828250 0.000000 0.000000
 0.830000 0.000000 0.000000
 0.831750 0.000000 0.000000
 0.833500 0.000000 0.000000
 0.835250 0.000000 0.000000
 0.837000 0.000000 0.000000
 0.838750 0.000000 0.000000
 0.840500 0.000000 0.000000
 0.842250 0.000000 0.000000
 0.844000 0.000000 0.000000
 0.845750 0.000000 0.000000
 0.847500 0.000000 0.000000
 0.849250 0.000000 0.000000
 0.851000 0.000000 0.000000
 0.852750 0.000000 0.000000
 0.854500 0.000000 0.000000
 0.856250 0.000000 0.000000
 0.858000 0.000000 0.000000
 0.859750 0.000000 0.000000
 0.861500 0.000000 0.000000
 0.863250 0.000000 0.000000
 0.865000 0.000000 0.000000
 0.866750 0.000000 0.000000
 0.868500 0.000000 0.000000
 0.870250 0.000000 0.000000
 0.872000 0.000000 0.000000
 0.873750 0.000000 0.000000
 0.875500 0.000000 0.000000
 0.877250 0.000000 0.000000
 0.879000 0.000000 0.000000
 0.880750 0.000000 0.000000
 0.882500 0.000000 0.000000
 0.884250 0.000000 0.000000
 0.886000 0.000000 0.000000
 0.887750 0.000000 0.000000
 0.889500 0.000000 0.000000
 0.891250 0.000000 0.000000
 0.893000 0.000001 0.000228
 0.894750 0.000001 0.000418
 0.896500 0.000002 0.000743
 0.898250 0.000004 0.001279
 0.900000 0.000007 0.002127
 0.901750 0.000012 0.003748
 0.903500 0.000021 0.005907
 0.905250 0.000035 0.009375
 0.907000 0.000055 0.013957
 0.908750 0.000084 0.020141
 0.910500 0.000126 0.028170
 0.912250 0.000184 0.038185
 0.914000 0.000262 0.050624
 0.915750 0.000363 0.064688
 0.917500 0.000490 0.080193
 0.919250 0.000645 0.096709
 0.921000 0.000828 0.113036
 0.922750 0.001041 0.128608
 0.924500 0.001279 0.142333
 0.926250 0.001538 0.153364
 0.928000 0.001814 0.161208
 0.929750 0.002102 0.165840
 0.931500 0.002394 0.167718
 0.933250 0.002689 0.167790
 0.935000 0.002984 0.167755
 0.936750 0.003280 0.169017
 0.938500 0.003583 0.174486
 0.940250 0.003900 0.185557
 0.942000 0.004240 0.203736
 0.943750 0.004621 0.231214
 0.945500 0.005058 0.268911
 0.947250 0.005572 0.318889
 0.949000 0.006183 0.380943
 0.950750 0.006915 0.456062
 0.952500 0.007788 0.544085
 0.954250 0.008829 0.644621
 0.956000 0.010055 0.755651
 0.957750 0.011482 0.872781
 0.959500 0.013117 0.991385
 0.961250 0.014955 1.103377
 0.963000 0.016976 1.199693
 0.964750 0.019148 1.272295
 0.966500 0.021417 1.312084
 0.968250 0.023723 1.314976
 0.970000 0.026004 1.280865
 0.971750 0.028197 1.215323
 0.973500 0.030255 1.129247
 0.975250 0.032159 1.040449
 0.977000 0.033916 0.966967
 0.978750 0.035576 0.929305
 0.980500 0.037210 0.942878
 0.982250 0.038925 1.019791
 0.984000 0.040829 1.161418
 0.985750 0.043037 1.363595
 0.987500 0.045647 1.615047
 0.989250 0.048724 1.897670
 0.991000 0.052307 2.189276
 0.992750 0.056396 2.473096
 0.994500 0.060963 2.734263
 0.996250 0.065959 2.961558
 0.998000 0.071327 3.154217
 0.999750 0.076997 3.309646
 1.001500 0.082914 3.434680
 1.003250 0.089023 3.533043
 1.005000 0.095283 3.610830
 1.006750 0.101675 3.677605
 1.008500 0.108175 3.736809
 1.010250 0.114780 3.795048
 1.012000 0.121483 3.853956
 1.013750 0.128294 3.920781
 1.015500 0.135229 3.998742
 1.017250 0.142332 4.099124
 1.019000 0.149632 4.229271
 1.020750 0.157203 4.399690
 1.022500 0.165101 4.616416
 1.024250 0.173426 4.884930
 1.026000 0.182281 5.215560
 1.027750 0.191774 5.610633
 1.029500 0.202010 6.069068
 1.031250 0.213097 6.587826
 1.033000 0.225154 7.166445
 1.034750 0.238271 7.799687
 1.036500 0.252530 8.473777
 1.038250 0.268008 9.185799
 1.040000 0.284741 9.921419
 1.041750 0.302792 10.674848
 1.043500 0.322170 11.433419
 1.045250 0.342869 12.184954
 1.047000 0.364863 12.911984
 1.048750 0.388101 13.600389
 1.050500 0.412504 14.238049
 1.052250 0.437976 14.809016
 1.054000 0.464365 15.299928
 1.055750 0.491547 15.702643
 1.057500 0.519364 16.022142
 1.059250 0.547660 16.251728
 1.061000 0.576300 16.412239
 1.062750 0.605145 16.512698
 1.064500 0.634147 16.584563
 1.066250 0.663279 16.661163
 1.068000 0.692591 16.780149
 1.069750 0.722153 16.969585
 1.071500 0.752134 17.255034
 1.073250 0.782720 17.657841
 1.075000 0.814100 18.165250
 1.076750 0.846441 18.759653
 1.078500 0.879894 19.412236
 1.080250 0.914497 20.070827
 1.082000 0.950236 20.702429
 1.083750 0.987039 21.264783
 1.085500 1.024738 21.732877
 1.087250 1.063163 22.098650
 1.089000 1.102150 22.380456
 1.090750 1.141609 22.621890
 1.092500 1.181484 22.874759
 1.094250 1.221842 23.186000
 1.096000 1.262829 23.613407
 1.097750 1.304693 24.182624
 1.099500 1.347714 24.927159
 1.101250 1.392183 25.856133
 1.103000 1.438433 26.959270
 1.104750 1.486761 28.215073
 1.106500 1.537399 29.596252
 1.108250 1.590525 31.072987
 1.110000 1.646297 32.600383
 1.111750 1.704748 34.129814
 1.113500 1.765854 35.622212
 1.115250 1.829515 37.008140
 1.117000 1.895472 38.247683
 1.118750 1.963388 39.264365
 1.120500 2.032881 40.018938
 1.122250 2.103417 40.471857
 1.124000 2.174486 40.612751
 1.125750 2.245520 40.460688
 1.127500 2.316049 40.048771
 1.129250 2.385709 39.437318
 1.131000 2.454151 38.705046
 1.132750 2.521265 37.945641
 1.134500 2.587111 37.230642
 1.136250 2.651759 36.622263
 1.138000 2.715507 36.162358
 1.139750 2.778554 35.866350
 1.141500 2.841261 35.731548
 1.143250 2.903843 35.732397
 1.145000 2.966471 35.794427
 1.146750 3.029235 35.879933
 1.148500 3.092153 35.953973
 1.150250 3.155146 35.967896
 1.152000 3.218117 35.917417
 1.153750 3.280938 35.824953
 1.155500 3.343595 35.699463
 1.157250 3.406011 35.586149
 1.159000 3.468235 35.522891
 1.160750 3.530423 35.523445
 1.162500 3.592689 35.612842
 1.164250 3.655197 35.787475
 1.166000 3.718000 36.020386
 1.167750 3.781245 36.279743
 1.169500 3.844973 36.522856
 1.171250 3.909074 36.699605
 1.173000 3.973360 36.740746
 1.174750 4.037565 36.622874
 1.176500 4.101433 36.321116
 1.178250 4.164572 35.833951
 1.180000 4.226707 35.183616
 1.181750 4.287552 34.380857
 1.183500 4.346928 33.494364
 1.185250 4.404708 32.567983
 1.187000 4.460884 31.634426
 1.188750 4.515387 30.721753
 1.190500 4.568297 29.831045
 1.192250 4.619668 28.958277
 1.194000 4.669481 28.029483
 1.195750 4.717612 27.035226
 1.197500 4.763867 25.877925
 1.199250 4.807930 24.523298
 1.201000 4.849397 22.912370
 1.202750 4.887794 21.039743
 1.204500 4.922668 18.903002
 1.206250 4.953616 16.525041
 1.208000 4.980246 13.998833
 1.209750 5.002325 11.400607
 1.211500 5.019903 8.819262
 1.213250 5.033041 6.366256
 1.215000 5.042095 4.109195
 1.216750 5.047344 2.117389
 1.218500 5.049326 0.420064
 1.220250 5.048657 -0.989047
 1.222000 5.045780 -2.091150
 1.223750 5.041203 -2.893796
 1.225500 5.035444 -3.454295
 1.227250 5.028914 -3.780655
 1.229000 5.021987 -3.911356
 1.230750 5.014936 -3.898337
 1.232500 5.007978 -3.809224
 1.234250 5.001168 -3.716575
 1.236000 4.994486 -3.695163
 1.237750 4.987679 -3.840901
 1.239500 4.980401 -4.232980
 1.241250 4.972206 -4.980417
 1.243000 4.962329 -6.114767
 1.244750 4.950062 -7.669259
 1.246500 4.934673 -9.657378
 1.248250 4.915453 -12.087109
 1.250000 4.891639 -14.896799
 1.251750 4.862642 -17.974484
 1.253500 4.828110 -21.240860
 1.255250 4.787763 -24.551346
 1.257000 4.741748 -27.772040
 1.258750 4.690239 -30.740489
 1.260500 4.633817 -33.323102
 1.262250 4.573321 -35.394090
 1.264000 4.509718 -36.892859
 1.265750 4.444055 -37.754351
 1.267500 4.377413 -37.959625
 1.269250 4.310930 -37.606042
 1.271000 4.245491 -36.772314
 1.272750 4.181843 -35.614975
 1.274500 4.120379 -34.272595
 1.276250 4.061306 -32.927138
 1.278000 4.004474 -31.716423
 1.279750 3.949520 -30.786929
 1.281500 3.895890 -30.230949
 1.283250 3.842832 -30.110813
 1.285000 3.789636 -30.456642
 1.286750 3.735401 -31.230518
 1.288500 3.679475 -32.390288
 1.290250 3.621210 -33.851457
 1.292000 3.560252 -35.517674
 1.293750 3.496295 -37.225572
 1.295500 3.429421 -38.815917
 1.297250 3.359939 -40.179160
 1.299000 3.288371 -41.177485
 1.300750 3.215461 -41.728262
 1.302500 3.142029 -41.788904
 1.304250 3.068886 -41.373903
 1.306000 2.996868 -40.557034
 1.307750 2.926587 -39.441955
 1.309500 2.858409 -38.172032
 1.311250 2.792466 -36.882673
 1.313000 2.728699 -35.729782
 1.314750 2.666746 -34.813269
 1.316500 2.606137 -34.202604
 1.318250 2.546318 -33.932890
 1.320000 2.486705 -33.960403
 1.321750 2.426799 -34.225173
 1.323500 2.366295 -34.638343
 1.325250 2.305046 -35.095588
 1.327000 2.243032 -35.465579
 1.328750 2.180486 -35.665334
 1.330500 2.117818 -35.642123
 1.332250 2.055410 -35.328015
 1.334000 1.993819 -34.740963
 1.335750 1.933523 -33.899308
 1.337500 1.874846 -32.831890
 1.339250 1.818193 -31.638620
 1.341000 1.763719 -30.380092
 1.342750 1.711433 -29.132044
 1.344500 1.661299 -27.969082
 1.346250 1.613079 -26.940097
 1.348000 1.566516 -26.083323
 1.349750 1.521296 -25.408640
 1.351500 1.477076 -24.916551
 1.353250 1.433578 -24.583130
 1.355000 1.390575 -24.376567
 1.356750 1.347856 -24.248809
 1.358500 1.305310 -24.178320
 1.360250 1.262870 -24.121114
 1.362000 1.220532 -24.072938
 1.363750 1.178253 -24.026058
 1.365500 1.136073 -23.997715
 1.367250 1.093942 -23.973715
 1.369000 1.051862 -23.969327
 1.370750 1.009763 -23.953739
 1.372500 0.967730 -23.928560
 1.374250 0.925789 -23.843808
 1.376000 0.884077 -23.646961
 1.377750 0.842823 -23.298420
 1.379500 0.802375 -22.769967
 1.381250 0.763019 -22.023427
 1.383000 0.725158 -21.064752
 1.384750 0.689153 -19.933766
 1.386500 0.655252 -18.666592
 1.388250 0.623634 -17.338341
 1.390000 0.594339 -16.022569
 1.391750 0.567285 -14.786494
 1.393500 0.542280 -13.700078
 1.395250 0.519018 -12.790421
 1.397000 0.497188 -12.080463
 1.398750 0.476448 -11.557086
 1.400500 0.456482 -11.188559
 1.402250 0.437040 -10.931497
 1.404000 0.418005 -10.740884
 1.405750 0.399286 -10.558235
 1.407500 0.380914 -10.340857
 1.409250 0.362975 -10.055892
 1.411000 0.345603 -9.685793
 1.412750 0.328960 -9.239088
 1.414500 0.313175 -8.727056
 1.416250 0.298310 -8.174261
 1.418000 0.284433 -7.627947
 1.419750 0.271482 -7.111840
 1.421500 0.259384 -6.665323
 1.423250 0.248005 -6.303718
 1.425000 0.237181 -6.028566
 1.426750 0.226779 -5.839964
 1.428500 0.216644 -5.710464
 1.430250 0.206689 -5.614524
 1.432000 0.196882 -5.533408
 1.433750 0.187241 -5.452508
 1.435500 0.177746 -5.342668
 1.437250 0.168466 -5.209697
 1.439000 0.159454 -5.058731
 1.440750 0.150722 -4.890538
 1.442500 0.142279 -4.712164
 1.444250 0.134144 -4.541530
 1.446000 0.126305 -4.384676
 1.447750 0.118730 -4.239078
 1.449500 0.111414 -4.101238
 1.451250 0.104336 -3.958955
 1.453000 0.097523 -3.808874
 1.454750 0.090982 -3.635049
 1.456500 0.084774 -3.442098
 1.458250 0.078916 -3.221524
 1.460000 0.073462 -2.984239
 1.461750 0.068434 -2.736503
 1.463500 0.063845 -2.489510
 1.465250 0.059682 -2.251248
 1.467000 0.055913 -2.026543
 1.468750 0.052530 -1.831596
 1.470500 0.049465 -1.662922
 1.472250 0.046672 -1.522450
 1.474000 0.044093 -1.408978
 1.475750 0.041692 -1.323737
 1.477500 0.039425 -1.265507
 1.479250 0.037238 -1.224685
 1.481000 0.035107 -1.200420
 1.482750 0.033007 -1.187166
 1.484500 0.030927 -1.180495
 1.486250 0.028857 -1.173588
 1.488000 0.026806 -1.161254
 1.489750 0.024779 -1.135805
 1.491500 0.022816 -1.099888
 1.493250 0.020930 -1.046534
 1.495000 0.019152 -0.976423
 1.496750 0.017513 -0.892790
 1.498500 0.016030 -0.797137
 1.500250 0.014716 -0.694655
 1.502000 0.013584 -0.592992
 1.503750 0.012628 -0.497984
 1.505500 0.011830 -0.411596
 1.507250 0.011173 -0.338485
 1.509000 0.010629 -0.280111
 1.510750 0.010175 -0.237363
 1.512500 0.009784 -0.210458
 1.514250 0.009428 -0.196310
 1.516000 0.009086 -0.193082
 1.517750 0.008741 -0.198577
 1.519500 0.008380 -0.210861
 1.521250 0.007995 -0.226133
 1.523000 0.007584 -0.242157
 1.524750 0.007145 -0.253861
 1.526500 0.006692 -0.260560
 1.528250 0.006235 -0.259906
 1.530000 0.005785 -0.249308
 1.531750 0.005362 -0.231783
 1.533500 0.004974 -0.207784
 1.535250 0.004632 -0.181638
 1.537000 0.004337 -0.156663
 1.538750 0.004081 -0.136087
 1.540500 0.003856 -0.122673
 1.542250 0.003647 -0.117763
 1.544000 0.003438 -0.120620
 1.545750 0.003219 -0.129982
 1.547500 0.002978 -0.142958
 1.549250 0.002716 -0.156815
 1.551000 0.002431 -0.167312
 1.552750 0.002132 -0.172596
 1.554500 0.001830 -0.170473
 1.556250 0.001538 -0.161496
 1.558000 0.001267 -0.145312
 1.559750 0.001030 -0.124004
 1.561500 0.000834 -0.099279
 1.563250 0.000682 -0.072055
 1.565000 0.000578 -0.045375
 1.566750 0.000521 -0.020656
 1.568500 0.000504 0.001293
 1.570250 0.000523 0.019337
 1.572000 0.000569 0.032626
 1.573750 0.000634 0.040598
 1.575500 0.000708 0.043012
 1.577250 0.000781 0.040003
 1.579000 0.000845 0.032123
 1.580750 0.000891 0.020577
 1.582500 0.000914 0.006370
 1.584250 0.000911 -0.009198
 1.586000 0.000881 -0.023865
 1.587750 0.000828 -0.036902
 1.589500 0.000754 -0.046811
 1.591250 0.000666 -0.053013
 1.593000 0.000571 -0.055409
 1.594750 0.000474 -0.054342
 1.596500 0.000382 -0.050482
 1.598250 0.000299 -0.044683
 1.600000 0.000226 -0.037833
 1.601750 0.000166 -0.030726
 1.603500 0.000119 -0.023983
 1.605250 0.000082 -0.018020
 1.607000 0.000055 -0.013047
 1.608750 0.000036 -0.009112
 1.610500 0.000023 -0.006143
 1.612250 0.000014 -0.003999
 1.614000 0.000008 -0.002516
 1.615750 0.000005 -0.001530
 1.617500 0.000003 -0.000900
 1.619250 0.000001 -0.000512
 1.621000 0.000000 0.000000
 1.622750 0.000000 0.000000
 1.624500 0.000000 0.000000
 1.626250 0.000000 0.000000
 1.628000 0.000000 0.000000
 1.629750 0.000000 0.000000
 1.631500 0.000000 0.000000
 1.633250 0.000000 0.000000
 1.635000 0.000000 0.000000
 1.636750 0.000000 0.000000
 1.638500 0.000000 0.000000
 1.640250 0.000000 0.000000
 1.642000 0.000000 0.000000
 1.643750 0.000000 0.000000
 1.645500 0.000000 0.000000
 1.647250 0.000000 0.000000
 1.649000 0.000000 0.000000
 1.650750 0.000000 0.000000
 1.652500 0.000000 0.000000
 1.654250 0.000000 0.000000
 1.656000 0.000000 0.000000
 1.657750 0.000000 0.000000
 1.659500 0.000000 0.000000
 1.661250 0.000000 0.000000
 1.663000 0.000000 0.000000
 1.664750 0.000000 0.000000
 1.666500 0.000000 0.000000
 1.668250 0.000000 0.000000
 1.670000 0.000000 0.000000
 1.671750 0.000000 0.000000
 1.673500 0.000000 0.000000
 1.675250 0.000000 0.000000
 1.677000 0.000000 0.000000
 1.678750 0.000000 0.000000
 1.680500 0.000000 0.000000
 1.682250 0.000000 0.000000
 1.684000 0.000000 0.000000
 1.685750 0.000000 0.000000
 1.687500 0.000000 0.000000
 1.689250 0.000000 0.000000
 1.691000 0.000000 0.000000
 1.692750 0.000000 0.000000
 1.694500 0.000000 0.000000
 1.696250 0.000000 0.000000
 1.698000 0.000000 0.000000
 1.699750 0.000000 0.000000
 1.701500 0.000000 0.000000
 1.703250 0.000000 0.000000
 1.705000 0.000000 0.000000
 1.706750 0.000000 0.000000
 1.708500 0.000000 0.000000
 1.710250 0.000000 0.000000
 1.712000 0.000000 0.000000
 1.713750 0.000000 0.000000
 1.715500 0.000000 0.000000
 1.717250 0.000000 0.000000
 1.719000 0.000000 0.000000
 1.720750 0.000000 0.000000
 1.722500 0.000000 0.000000
 1.724250 0.000000 0.000000
 1.726000 0.000000 0.000000
 1.727750 0.000000 0.000000
 1.729500 0.000000 0.000000
 1.731250 0.000000 0.000000
 1.733000 0.000000 0.000000
 1.734750 0.000000 0.000000
 1.736500 0.000000 0.000000
 1.738250 0.000000 0.000000
 1.740000 0.000000 0.000000
 1.741750 0.000000 0.000000
 1.743500 0.000000 0.000000
 1.745250 0.000000 0.000000
 1.747000 0.000000 0.000000
 1.748750 0.000000 0.000000
 1.750500 0.000000 0.000000
 1.752250 0.000000 0.000000
 1.754000 0.000000 0.000000
 1.755750 0.000000 0.000000
 1.757500 0.000000 0.000000
 1.759250 0.000000 0.000000
 1.761000 0.000000 0.000000
 1.762750 0.000000 0.000000
 1.764500 0.000000 0.000000
 1.766250 0.000000 0.000000
 1.768000 0.000000 0.000000
 1.769750 0.000000 0.000000
 1.771500 0.000000 0.000000
 1.773250 0.000000 0.000000
 1.775000 0.000000 0.000000
 1.776750 0.000000 0.000000
 1.778500 0.000000 0.000000
 1.780250 0.000000 0.000000
 1.782000 0.000000 0.000000
 1.783750 0.000000 0.000000
 1.785500 0.000000 0.000000
 1.787250 0.000000 0.000000
 1.789000 0.000000 0.000000
 1.790750 0.000000 0.000000
 1.792500 0.000000 0.000000
 1.794250 0.000000 0.000000
 1.796000 0.000000 0.000000
 1.797750 0.000000 0.000000
 1.799500 0.000000 0.000000
 1.801250 0.000000 0.000000
 1.803000 0.000000 0.000000
 1.804750 0.000000 0.000000
 1.806500 0.000000 0.000000
 1.808250 0.000000 0.000000
 1.810000 0.000000 0.000000
 1.811750 0.000000 0.000000
 1.813500 0.000000 0.000000
 1.815250 0.000000 0.000000
 1.817000 0.000000 0.000000
 1.818750 0.000000 0.000000
 1.820500 0.000000 0.000000
 1.822250 0.000000 0.000000
 1.824000 0.000000 0.000000
 1.825750 0.000000 0.000000
 1.827500 0.000000 0.000000
 1.829250 0.000000 0.000000
 1.831000 0.000000 0.000000
 1.832750 0.000000 0.000000
 1.834500 0.000000 0.000000
 1.836250 0.000000 0.000000
 1.838000 0.000000 0.000000
 1.839750 0.000000 0.000000
 1.841500 0.000000 0.000000
 1.843250 0.000000 0.000000
 1.845000 0.000000 0.000000
 1.846750 0.000000 0.000000
 1.848500 0.000000 0.000000
 1.850250 0.000000 0.000000
 1.852000 0.000000 0.000000
 1.853750 0.000000 0.000000
 1.855500 0.000000 0.000000
 1.857250 0.000000 0.000000
 1.859000 0.000000 0.000000
 1.860750 0.000000 0.000000
 1.862500 0.000000 0.000000
 1.864250 0.000000 0.000000
 1.866000 0.000000 0.000000
 1.867750 0.000000 0.000000
 1.869500 0.000000 0.000000
 1.871250 0.000000 0.000000
 1.873000 0.000000 0.000000
 1.874750 0.000000 0.000000
 1.876500 0.000000 0.000000
 1.878250 0.000000 0.000000
 1.880000 0.000000 0.000000
 1.881750 0.000000 0.000000
 1.883500 0.000000 0.000000
 1.885250 0.000000 0.000000
 1.887000 0.000000 0.000000
 1.888750 0.000000 0.000000
 1.890500 0.000000 0.000000
 1.892250 0.000000 0.000000
 1.894000 0.000000 0.000000
 1.895750 0.000000 0.000000
 1.897500 0.000000 0.000000
 1.899250 0.000000 0.000000
 1.901000 0.000000 0.000000
 1.902750 0.000000 0.000000
 1.904500 0.000000 0.000000
 1.906250 0.000000 0.000000
 1.908000 0.000000 0.000000
 1.909750 0.000000 0.000000
 1.911500 0.000000 0.000000
 1.913250 0.000000 0.000000
 1.915000 0.000000 0.000000
 1.916750 0.000000 0.000000
 1.918500 0.000000 0.000000
 1.920250 0.000000 0.000000
 1.922000 0.000000 0.000000
 1.923750 0.000000 0.000000
 1.925500 0.000000 0.000000
 1.927250 0.000000 0.000000
 1.929000 0.000000 0.000000
 1.930750 0.000000 0.000000
 1.932500 0.000000 0.000000
 1.934250 0.000000 0.000000
 1.936000 0.000000 0.000000
 1.937750 0.000000 0.000000
 1.939500 0.000000 0.000000
 1.941250 0.000000 0.000000
 1.943000 0.000000 0.000000
 1.944750 0.000000 0.000000
 1.946500 0.000000 0.000000
 1.948250 0.000000 0.000000
 1.950000 0.000000 0.000000
 1.951750 0.000000 0.000000
 1.953500 0.000000 0.000000
 1.955250 0.000000 0.000000
 1.957000 0.000000 0.000000
 1.958750 0.000000 0.000000
 1.960500 0.000000 0.000000
 1.962250 0.000000 0.000000
 1.964000 0.000000 0.000000
 1.965750 0.000000 0.000000
 1.967500 0.000000 0.000000
 1.969250 0.000000 0.000000
 1.971000 0.000000 0.000000
 1.972750 0.000000 0.000000
 1.974500 0.000000 0.000000
 1.976250 0.000000 0.000000
 1.978000 0.000000 0.000000
 1.979750 0.000000 0.000000
 1.981500 0.000000 0.000000
 1.983250 0.000000 0.000000
 1.985000 0.000000 0.000000
 1.986750 0.000000 0.000000
 1.988500 0.000000 0.000000
 1.990250 0.000000 0.000000
 1.992000 0.000000 0.000000
 1.993750 0.000000 0.000000
 1.995500 0.000000 0.000000
 1.997250 0.000000 0.000000
 1.999000 0.000000 0.000000
 2.000750 0.000000 0.000000
 2.002500 0.000000 0.000000
 2.004250 0.000000 0.000000
 2.006000 0.000000 0.000000
 2.007750 0.000000 0.000000
 2.009500 0.000000 0.000000
 2.011250 0.000000 0.000000
 2.013000 0.000000 0.000000
 2.014750 0.000000 0.000000
 2.016500 0.000000 0.000000
 2.018250 0.000000 0.000000
 2.020000 0.000000 0.000000
 2.021750 0.000000 0.000000
 2.023500 0.000000 0.000000
 2.025250 0.000000 0.000000
 2.027000 0.000000 0.000000
 2.028750 0.000000 0.000000
 2.030500 0.000000 0.000000
 2.032250 0.000000 0.000000
 2.034000 0.000000 0.000000
 2.035750 0.000000 0.000000
 2.037500 0.000000 0.000000
 2.039250 0.000000 0.000000
 2.041000 0.000000 0.000000
 2.042750 0.000000 0.000000
 2.044500 0.000000 0.000000
 2.046250 0.000000 0.000000
 2.048000 0.000000 0.000000
 2.049750 0.000000 0.000000
 2.051500 0.000000 0.000000
 2.053250 0.000000 0.000000
 2.055000 0.000000 0.000000
 2.056750 0.000000 0.000000
 2.058500 0.000000 0.000000
 2.060250 0.000000 0.000000
 2.062000 0.000000 0.000000
 2.063750 0.000000 0.000000
 2.065500 0.000000 0.000000
 2.067250 0.000000 0.000000
 2.069000 0.000000 0.000000
 2.070750 0.000000 0.000000
 2.072500 0.000000 0.000000
 2.074250 0.000000 0.000000
 2.076000 0.000000 0.000000
 2.077750 0.000000 0.000000
 2.079500 0.000000 0.000000
 2.081250 0.000000 0.000000
 2.083000 0.000000 0.000000
 2.084750 0.000000 0.000000
 2.086500 0.000000 0.000000
 2.088250 0.000000 0.000000
 2.090000 0.000000 0.000000
 2.091750 0.000000 0.000000
 2.093500 0.000000 0.000000
 2.095250 0.000000 0.000000
 2.097000 0.000000 0.000000
 2.098750 0.000000 0.000000
 2.100500 0.000000 0.000000
 2.102250 0.000000 0.000000
 2.104000 0.000000 0.000000
 2.105750 0.000000 0.000000
 2.107500 0.000000 0.000000
 2.109250 0.000000 0.000000
 2.111000 0.000000 0.000000
 2.112750 0.000000 0.000000
 2.114500 0.000000 0.000000
 2.116250 0.000000 0.000000
 2.118000 0.000000 0.000000
 2.119750 0.000000 0.000000
 2.121500 0.000000 0.000000
 2.123250 0.000000 0.000000
 2.125000 0.000000 0.000000
 2.126750 0.000000 0.000000
 2.128500 0.000000 0.000000
 2.130250 0.000000 0.000000
 2.132000 0.000000 0.000000
 2.133750 0.000000 0.000000
 2.135500 0.000000 0.000000
 2.137250 0.000000 0.000000
 2.139000 0.000000 0.000000
 2.140750 0.000000 0.000000
 2.142500 0.000000 0.000000
 2.144250 0.000000 0.000000
 2.146000 0.000000 0.000000
 2.147750 0.000000 0.000000
 2.149500 0.000000 0.000000
 2.151250 0.000000 0.000000
 2.153000 0.000000 0.000000
 2.154750 0.000000 0.000000
 2.156500 0.000000 0.000000
 2.158250 0.000000 0.000000
 2.160000 0.000000 0.000000
 2.161750 0.000000 0.000000
 2.163500 0.000000 0.000000
 2.165250 0.000000 0.000000
 2.167000 0.000000 0.000000
 2.168750 0.000000 0.000000
 2.170500 0.000000 0.000000
 2.172250 0.000000 0.000000
 2.174000 0.000000 0.000000
 2.175750 0.000000 0.000000
 2.177500 0.000000 0.000000
 2.179250 0.000000 0.000000
 2.181000 0.000000 0.000000
 2.182750 0.000000 0.000000
 2.184500 0.000000 0.000000
 2.186250 0.000000 0.000000
 2.188000 0.000000 0.000000
 2.189750 0.000000 0.000000
 2.191500 0.000000 0.000000
 2.193250 0.000000 0.000000
 2.195000 0.000000 0.000000
 2.196750 0.000000 0.000000
 2.198500 0.000000 0.000000
 2.200250 0.000000 0.000000
 2.202000 0.000000 0.000000
 2.203750 0.000000 0.000000
 2.205500 0.000000 0.000000
 2.207250 0.000000 0.000000
 2.209000 0.000000 0.000000
 2.210750 0.000000 0.000000
 2.212500 0.000000 0.000000
 2.214250 0.000000 0.000000
 2.216000 0.000000 0.000000
 2.217750 0.000000 0.000000
 2.219500 0.000000 0.000000
 2.221250 0.000000 0.000000
 2.223000 0.000000 0.000000
 2.224750 0.000000 0.000000
 2.226500 0.000000 0.000000
 2.228250 0.000000 0.000000
 2.230000 0.000000 0.000000
 2.231750 0.000000 0.000000
 2.233500 0.000000 0.000000
 2.235250 0.000000 0.000000
 2.237000 0.000000 0.000000
 2.238750 0.000000 0.000000
 2.240500 0.000000 0.000000
 2.242250 0.000000 0.000000
 2.244000 0.000000 0.000000
 2.245750 0.000000 0.000000
 2.247500 0.000000 0.000000
 2.249250 0.000000 0.000000
 2.251000 0.000000 0.000000
 2.252750 0.000000 0.000000
 2.254500 0.000000 0.000000
 2.256250 0.000000 0.000000
 2.258000 0.000000 0.000000
 2.259750 0.000000 0.000000
 2.261500 0.000000 0.000000
 2.263250 0.000000 0.000000
 2.265000 0.000000 0.000000
 2.266750 0.000000 0.000000
 2.268500 0.000000 0.000000
 2.270250 0.000000 0.000000
 2.272000 0.000000 0.000000
 2.273750 0.000000 0.000000
 2.275500 0.000000 0.000000
 2.277250 0.000000 0.000000
 2.279000 0.000000 0.000000
 2.280750 0.000000 0.000000
 2.282500 0.000000 0.000000
 2.284250 0.000000 0.000000
 2.286000 0.000000 0.000000
 2.287750 0.000000 0.000000
 2.289500 0.000000 0.000000
 2.291250 0.000000 0.000000
 2.293000 0.000000 0.000000
 2.294750 0.000000 0.000000
 2.296500 0.000000 0.000000
 2.298250 0.000000 0.000000
 2.300000 0.000000 0.000000
 2.301750 0.000000 0.000000
 2.303500 0.000000 0.000000
 2.305250 0.000000 0.000000
 2.307000 0.000000 0.000000
 2.308750 0.000000 0.000000
 2.310500 0.000000 0.000000
 2.312250 0.000000 0.000000
 2.314000 0.000000 0.000000
 2.315750 0.000000 0.000000
 2.317500 0.000000 0.000000
 2.319250 0.000000 0.000000
 2.321000 0.000000 0.000000
 2.322750 0.000000 0.000000
 2.324500 0.000000 0.000000
 2.326250 0.000000 0.000000
 2.328000 0.000000 0.000000
 2.329750 0.000000 0.000000
 2.331500 0.000000 0.000000
 2.333250 0.000000 0.000000
 2.335000 0.000000 0.000000
 2.336750 0.000000 0.000000
 2.338500 0.000000 0.000000
 2.340250 0.000000 0.000000
 2.342000 0.000000 0.000000
 2.343750 0.000000 0.000000
 2.345500 0.000000 0.000000
 2.347250 0.000000 0.000000
 2.349000 0.000000 0.000000
 2.350750 0.000000 0.000000
 2.352500 0.000000 0.000000
 2.354250 0.000000 0.000000
 2.356000 0.000000 0.000000
 2.357750 0.000000 0.000000
 2.359500 0.000000 0.000000
 2.361250 0.000000 0.000000
 2.363000 0.000000 0.000000
 2.364750 0.000000 0.000000
 2.366500 0.000000 0.000000
 2.368250 0.000000 0.000000
 2.370000 0.000000 0.000000
 2.371750 0.000000 0.000000
 2.373500 0.000000 0.000000
 2.375250 0.000000 0.000000
 2.377000 0.000000 0.000000
 2.378750 0.000000 0.000000
 2.380500 0.000000 0.000000
 2.382250 0.000000 0.000000
 2.384000 0.000000 0.000000
 2.385750 0.000000 0.000000
 2.387500 0.000000 0.000000
 2.389250 0.000000 0.000000
 2.391000 0.000000 0.000000
 2.392750 0.000000 0.000000
 2.394500 0.000000 0.000000
 2.396250 0.000000 0.000000
 2.398000 0.000000 0.000000
 2.399750 0.000000 0.000000
 2.401500 0.000000 0.000000
 2.403250 0.000000 0.000000
 2.405000 0.000000 0.000000
 2.406750 0.000000 0.000000
 2.408500 0.000000 0.000000
 2.410250 0.000000 0.000000
 2.412000 0.000000 0.000000
 2.413750 0.000000 0.000000
 2.415500 0.000000 0.000000
 2.417250 0.000000 0.000000
 2.419000 0.000000 0.000000
 2.420750 0.000000 0.000000
 2.422500 0.000000 0.000000
 2.424250 0.000000 0.000000
 2.426000 0.000000 0.000000
 2.427750 0.000000 0.000000
 2.429500 0.000000 0.000000
 2.431250 0.000000 0.000000
 2.433000 0.000000 0.000000
 2.434750 0.000000 0.000000
 2.436500 0.000000 0.000000
 2.438250 0.000000 0.000000
 2.440000 0.000000 0.000000
 2.441750 0.000000 0.000000
 2.443500 0.000000 0.000000
 2.445250 0.000000 0.000000
 2.447000 0.000000 0.000000
 2.448750 0.000000 0.000000
 2.450500 0.000000 0.000000
 2.452250 0.000000 0.000000
 2.454000 0.000000 0.000000
 2.455750 0.000000 0.000000
 2.457500 0.000000 0.000000
 2.459250 0.000000 0.000000
 2.461000 0.000000 0.000000
 2.462750 0.000000 0.000000
 2.464500 0.000000 0.000000
 2.466250 0.000000 0.000000
 2.468000 0.000000 0.000000
 2.469750 0.000000 0.000000
 2.471500 0.000000 0.000000
 2.473250 0.000000 0.000000
 2.475000 0.000000 0.000000
 2.476750 0.000000 0.000000
 2.478500 0.000000 0.000000
 2.480250 0.000000 0.000000
 2.482000 0.000000 0.000000
 2.483750 0.000000 0.000000
 2.485500 0.000000 0.000000
 2.487250 0.000000 0.000000
 2.489000 0.000000 0.000000
 2.490750 0.000000 0.000000
 2.492500 0.000000 0.000000
 2.494250 0.000000 0.000000
 2.496000 0.000000 0.000000
 2.497750 0.000000 0.000000
 2.499500 0.000000 0.000000
 2.501250 0.000000 0.000000
 2.503000 0.000000 0.000000
 2.504750 0.000000 0.000000
 2.506500 0.000000 0.000000
 2.508250 0.000000 0.000000
 2.510000 0.000000 0.000000
 2.511750 0.000000 0.000000
 2.513500 0.000000 0.000000
 2.515250 0.000000 0.000000
 2.517000 0.000000 0.000000
 2.518750 0.000000 0.000000
 2.520500 0.000000 0.000000
 2.522250 0.000000 0.000000
 2.524000 0.000000 0.000000
 2.525750 0.000000 0.000000
 2.527500 0.000000 0.000000
 2.529250 0.000000 0.000000
 2.531000 0.000000 0.000000
 2.532750 0.000000 0.000000
 2.534500 0.000000 0.000000
 2.536250 0.000000 0.000000
 2.538000 0.000000 0.000000
 2.539750 0.000000 0.000000
 2.541500 0.000000 0.000000
 2.543250 0.000000 0.000000
 2.545000 0.000000 0.000000
 2.546750 0.000000 0.000000
 2.548500 0.000000 0.000000
 2.550250 0.000000 0.000000
 2.552000 0.000000 0.000000
 2.553750 0.000000 0.000000
 2.555500 0.000000 0.000000
 2.557250 0.000000 0.000000
 2.559000 0.000000 0.000000
 2.560750 0.000000 0.000000
 2.562500 0.000000 0.000000
 2.564250 0.000000 0.000000
 2.566000 0.000000 0.000000
 2.567750 0.000000 0.000000
 2.569500 0.000000 0.000000
 2.571250 0.000000 0.000000
 2.573000 0.000000 0.000000
 2.574750 0.000000 0.000000
 2.576500 0.000000 0.000000
 2.578250 0.000000 0.000000
 2.580000 0.000000 0.000000
 2.581750 0.000000 0.000000
 2.583500 0.000000 0.000000
 2.585250 0.000000 0.000000
 2.587000 0.000000 0.000000
 2.588750 0.000000 0.000000
 2.590500 0.000000 0.000000
 2.592250 0.000000 0.000000
 2.594000 0.000000 0.000000
 2.595750 0.000000 0.000000
 2.597500 0.000000 0.000000
 2.599250 0.000000 0.000000
 2.601000 0.000000 0.000000
 2.602750 0.000000 0.000000
 2.604500 0.000000 0.000000
 2.606250 0.000000 0.000000
 2.608000 0.000000 0.000000
 2.609750 0.000000 0.000000
 2.611500 0.000000 0.000000
 2.613250 0.000000 0.000000
 2.615000 0.000000 0.000000
 2.616750 0.000000 0.000000
 2.618500 0.000000 0.000000
 2.620250 0.000000 0.000000
 2.622000 0.000000 0.000000
 2.623750 0.000000 0.000000
 2.625500 0.000000 0.000000
 2.627250 0.000000 0.000000
 2.629000 0.000000 0.000000
 2.630750 0.000000 0.000000
 2.632500 0.000000 0.000000
 2.634250 0.000000 0.000000
 2.636000 0.000000 0.000000
 2.637750 0.000000 0.000000
 2.639500 0.000000 0.000000
 2.641250 0.000000 0.000000
 2.643000 0.000000 0.000000
 2.644750 0.000000 0.000000
 2.646500 0.000000 0.000000
 2.648250 0.000000 0.000000
 2.650000 0.000000 0.000000
 2.651750 0.000000 0.000000
 2.653500 0.000000 0.000000
 2.655250 0.000000 0.000000
 2.657000 0.000000 0.000000
 2.658750 0.000000 0.000000
 2.660500 0.000000 0.000000
 2.662250 0.000000 0.000000
 2.664000 0.000000 0.000000
 2.665750 0.000000 0.000000
 2.667500 0.000000 0.000000
 2.669250 0.000000 0.000000
 2.671000 0.000000 0.000000
 2.672750 0.000000 0.000000
 2.674500 0.000000 0.000000
 2.676250 0.000000 0.000000
 2.678000 0.000000 0.000000
 2.679750 0.000000 0.000000
 2.681500 0.000000 0.000000
 2.683250 0.000000 0.000000
 2.685000 0.000000 0.000000
 2.686750 0.000000 0.000000
 2.688500 0.000000 0.000000
 2.690250 0.000000 0.000000
 2.692000 0.000000 0.000000
 2.693750 0.000000 0.000000
 2.695500 0.000000 0.000000
 2.697250 0.000000 0.000000
 2.699000 0.000000 0.000000
 2.700750 0.000000 0.000000
 2.702500 0.000000 0.000000
 2.704250 0.000000 0.000000
 2.706000 0.000000 0.000000
 2.707750 0.000000 0.000000
 2.709500 0.000000 0.000000
 2.711250 0.000000 0.000000
 2.713000 0.000000 0.000000
 2.714750 0.000000 0.000000
 2.716500 0.000000 0.000000
 2.718250 0.000000 0.000000
 2.720000 0.000000 0.000000
 2.721750 0.000000 0.000000
 2.723500 0.000000 0.000000
 2.725250 0.000000 0.000000
 2.727000 0.000000 0.000000
 2.728750 0.000000 0.000000
 2.730500 0.000000 0.000000
 2.732250 0.000000 0.000000
 2.734000 0.000000 0.000000
 2.735750 0.000000 0.000000
 2.737500 0.000000 0.000000
 2.739250 0.000000 0.000000
 2.741000 0.000000 0.000000
 2.742750 0.000000 0.000000
 2.744500 0.000000 0.000000
 2.746250 0.000000 0.000000
 2.748000 0.000000 0.000000
 2.749750 0.000000 0.000000
 2.751500 0.000000 0.000000
 2.753250 0.000000 0.000000
 2.755000 0.000000 0.000000
 2.756750 0.000000 0.000000
 2.758500 0.000000 0.000000
 2.760250 0.000000 0.000000
 2.762000 0.000000 0.000000
 2.763750 0.000000 0.000000
 2.765500 0.000000 0.000000
 2.767250 0.000000 0.000000
 2.769000 0.000000 0.000000
 2.770750 0.000000 0.000000
 2.772500 0.000000 0.000000
 2.774250 0.000000 0.000000
 2.776000 0.000000 0.000000
 2.777750 0.000000 0.000000
 2.779500 0.000000 0.000000
 2.781250 0.000000 0.000000
 2.783000 0.000000 0.000000
 2.784750 0.000000 0.000000
 2.786500 0.000000 0.000000
 2.788250 0.000000 0.000000
 2.790000 0.000000 0.000000
 2.791750 0.000000 0.000000
 2.793500 0.000000 0.000000
 2.795250 0.000000 0.000000
 2.797000 0.000000 0.000000
 2.798750 0.000000 0.000000
 2.800500 0.000000 0.000000
 2.802250 0.000000 0.000000
 2.804000 0.000000 0.000000
 2.805750 0.000000 0.000000
 2.807500 0.000000 0.000000
 2.809250 0.000000 0.000000
 2.811000 0.000000 0.000000
 2.812750 0.000000 0.000000
 2.814500 0.000000 0.000000
 2.816250 0.000000 0.000000
 2.818000 0.000000 0.000000
 2.819750 0.000000 0.000000
 2.821500 0.000000 0.000000
 2.823250 0.000000 0.000000
 2.825000 0.000000 0.000000
 2.826750 0.000000 0.000000
 2.828500 0.000000 0.000000
 2.830250 0.000000 0.000000
 2.832000 0.000000 0.000000
 2.833750 0.000000 0.000000
 2.835500 0.000000 0.000000
 2.837250 0.000000 0.000000
 2.839000 0.000000 0.000000
 2.840750 0.000000 0.000000
 2.842500 0.000000 0.000000
 2.844250 0.000000 0.000000
 2.846000 0.000000 0.000000
 2.847750 0.000000 0.000000
 2.849500 0.000000 0.000000
 2.851250 0.000000 0.000000
 2.853000 0.000000 0.000000
 2.854750 0.000000 0.000000
 2.856500 0.000000 0.000000
 2.858250 0.000000 0.000000
 2.860000 0.000000 0.000000
 2.861750 0.000000 0.000000
 2.863500 0.000000 0.000000
 2.865250 0.000000 0.000000
 2.867000 0.000000 0.000000
 2.868750 0.000000 0.000000
 2.870500 0.000000 0.000000
 2.872250 0.000000 0.000000
 2.874000 0.000000 0.000000
 2.875750 0.000000 0.000000
 2.877500 0.000000 0.000000
 2.879250 0.000000 0.000000
 2.881000 0.000000 0.000000
 2.882750 0.000000 0.000000
 2.884500 0.000000 0.000000
 2.886250 0.000000 0.000000
 2.888000 0.000000 0.000000
 2.889750 0.000000 0.000000
 2.891500 0.000000 0.000000
 2.893250 0.000000 0.000000
 2.895000 0.000000 0.000000
 2.896750 0.000000 0.000000
 2.898500 0.000000 0.000000
 2.900250 0.000000 0.000000
 2.902000 0.000000 0.000000
 2.903750 0.000000 0.000000
 2.905500 0.000000 0.000000
 2.907250 0.000000 0.000000
 2.909000 0.000000 0.000000
 2.910750 0.000000 0.000000
 2.912500 0.000000 0.000000
 2.914250 0.000000 0.000000
 2.916000 0.000000 0.000000
 2.917750 0.000000 0.000000
 2.919500 0.000000 0.000000
 2.921250 0.000000 0.000000
 2.923000 0.000000 0.000000
 2.924750 0.000000 0.000000
 2.926500 0.000000 0.000000
 2.928250 0.000000 0.000000
 2.930000 0.000000 0.000000
 2.931750 0.000000 0.000000
 2.933500 0.000000 0.000000
 2.935250 0.000000 0.000000
 2.937000 0.000000 0.000000
 2.938750 0.000000 0.000000
 2.940500 0.000000 0.000000
 2.942250 0.000000 0.000000
 2.944000 0.000000 0.000000
 2.945750 0.000000 0.000000
 2.947500 0.000000 0.000000
 2.949250 0.000000 0.000000
 2.951000 0.000000 0.000000
 2.952750 0.000000 0.000000
 2.954500 0.000000 0.000000
 2.956250 0.000000 0.000000
 2.958000 0.000000 0.000000
 2.959750 0.000000 0.000000
 2.961500 0.000000 0.000000
 2.963250 0.000000 0.000000
 2.965000 0.000000 0.000000
 2.966750 0.000000 0.000000
 2.968500 0.000000 0.000000
 2.970250 0.000000 0.000000
 2.972000 0.000000 0.000000
 2.973750 0.000000 0.000000
 2.975500 0.000000 0.000000
 2.977250 0.000000 0.000000
 2.979000 0.000000 0.000000
 2.980750 0.000000 0.000000
 2.982500 0.000000 0.000000
 2.984250 0.000000 0.000000
 2.986000 0.000000 0.000000
 2.987750 0.000000 0.000000
 2.989500 0.000000 0.000000
 2.991250 0.000000 0.000000
 2.993000 0.000000 0.000000
 2.994750 0.000000 0.000000
 2.996500 0.000000 0.000000
 2.998250 0.000000 0.000000
 3.000000 0.000000 0.000000
