#! FIELDS refcv hh dhh_refcv
#! SET normalisation  500.000000
#! SET min_refcv -0.5
#! SET max_refcv 3
#! SET nbins_refcv  2000
#! SET periodic_refcv false
 -0.500000 0.000000 0.000000
 -0.498250 0.000000 0.000000
 -0.496500 0.000000 0.000000
 -0.494750 0.000000 0.000000
 -0.493000 0.000000 0.000000
 -0.491250 0.000000 0.000000
 -0.489500 0.000000 0.000000
 -0.487750 0.000000 0.000000
 -0.486000 0.000000 0.000000
 -0.484250 0.000000 0.000000
 -0.482500 0.000000 0.000000
 -0.480750 0.000000 0.000000
 -0.479000 0.000000 0.000000
 -0.477250 0.000000 0.000000
 -0.475500 0.000000 0.000000
 -0.473750 0.000000 0.000000
 -0.472000 0.000000 0.000000
 -0.470250 0.000000 0.000000
 -0.468500 0.000000 0.000000
 -0.466750 0.000000 0.000000
 -0.465000 0.000000 0.000000
 -0.463250 0.000000 0.000000
 -0.461500 0.000000 0.000000
 -0.459750 0.000000 0.000000
 -0.458000 0.000000 0.000000
 -0.456250 0.000000 0.000000
 -0.454500 0.000000 0.000000
 -0.452750 0.000000 0.000000
 -0.451000 0.000000 0.000000
 -0.449250 0.000000 0.000000
 -0.447500 0.000000 0.000000
 -0.445750 0.000000 0.000000
 -0.444000 0.000000 0.000000
 -0.442250 0.000000 0.000000
 -0.440500 0.000000 0.000000
 -0.438750 0.000000 0.000000
 -0.437000 0.000000 0.000000
 -0.435250 0.000000 0.000000
 -0.433500 0.000000 0.000000
 -0.431750 0.000000 0.000000
 -0.430000 0.000000 0.000000
 -0.428250 0.000000 0.000000
 -0.426500 0.000000 0.000000
 -0.424750 0.000000 0.000000
 -0.423000 0.000000 0.000000
 -0.421250 0.000000 0.000000
 -0.419500 0.000000 0.000000
 -0.417750 0.000000 0.000000
 -0.416000 0.000000 0.000000
 -0.414250 0.000000 0.000000
 -0.412500 0.000000 0.000000
 -0.410750 0.000000 0.000000
 -0.409000 0.000000 0.000000
 -0.407250 0.000000 0.000000
 -0.405500 0.000000 0.000000
 -0.403750 0.000000 0.000000
 -0.402000 0.000000 0.000000
 -0.400250 0.000000 0.000000
 -0.398500 0.000000 0.000000
 -0.396750 0.000000 0.000000
 -0.395000 0.000000 0.000000
 -0.393250 0.000000 0.000000
 -0.391500 0.000000 0.000000
 -0.389750 0.000000 0.000000
 -0.388000 0.000000 0.000000
 -0.386250 0.000000 0.000000
 -0.384500 0.000000 0.000000
 -0.382750 0.000000 0.000000
 -0.381000 0.000000 0.000000
 -0.379250 0.000000 0.000000
 -0.377500 0.000000 0.000000
 -0.375750 0.000000 0.000000
 -0.374000 0.000000 0.000000
 -0.372250 0.000000 0.000000
 -0.370500 0.000000 0.000000
 -0.368750 0.000000 0.000000
 -0.367000 0.000000 0.000000
 -0.365250 0.000000 0.000000
 -0.363500 0.000000 0.000000
 -0.361750 0.000000 0.000000
 -0.360000 0.000000 0.000000
 -0.358250 0.000000 0.000000
 -0.356500 0.000000 0.000000
 -0.354750 0.000000 0.000000
 -0.353000 0.000000 0.000000
 -0.351250 0.000000 0.000000
 -0.349500 0.000000 0.000000
 -0.347750 0.000000 0.000000
 -0.346000 0.000000 0.000000
 -0.344250 0.000000 0.000000
 -0.342500 0.000000 0.000000
 -0.340750 0.000000 0.000000
 -0.339000 0.000000 0.000000
 -0.337250 0.000000 0.000000
 -0.335500 0.000000 0.000000
 -0.333750 0.000000 0.000000
 -0.332000 0.000000 0.000000
 -0.330250 0.000000 0.000000
 -0.328500 0.000000 0.000000
 -0.326750 0.000000 0.000000
 -0.325000 0.000000 0.000000
 -0.323250 0.000000 0.000000
 -0.321500 0.000000 0.000000
 -0.319750 0.000000 0.000000
 -0.318000 0.000000 0.000000
 -0.316250 0.000000 0.000000
 -0.314500 0.000000 0.000000
 -0.312750 0.000000 0.000000
 -0.311000 0.000000 0.000000
 -0.309250 0.000000 0.000000
 -0.307500 0.000000 0.000000
 -0.305750 0.000000 0.000000
 -0.304000 0.000000 0.000000
 -0.302250 0.000000 0.000000
 -0.300500 0.000000 0.000000
 -0.298750 0.000000 0.000000
 -0.297000 0.000000 0.000000
 -0.295250 0.000000 0.000000
 -0.293500 0.000000 0.000000
 -0.291750 0.000000 0.000000
 -0.290000 0.000000 0.000000
 -0.288250 0.000000 0.000000
 -0.286500 0.000000 0.000000
 -0.284750 0.000000 0.000000
 -0.283000 0.000000 0.000000
 -0.281250 0.000000 0.000000
 -0.279500 0.000000 0.000000
 -0.277750 0.000000 0.000000
 -0.276000 0.000000 0.000000
 -0.274250 0.000000 0.000000
 -0.272500 0.000000 0.000000
 -0.270750 0.000000 0.000000
 -0.269000 0.000000 0.000000
 -0.267250 0.000000 0.000000
 -0.265500 0.000000 0.000000
 -0.263750 0.000000 0.000000
 -0.262000 0.000000 0.000000
 -0.260250 0.000000 0.000000
 -0.258500 0.000000 0.000000
 -0.256750 0.000000 0.000000
 -0.255000 0.000000 0.000000
 -0.253250 0.000000 0.000000
 -0.251500 0.000000 0.000000
 -0.249750 0.000000 0.000000
 -0.248000 0.000000 0.000000
 -0.246250 0.000000 0.000000
 -0.244500 0.000000 0.000000
 -0.242750 0.000000 0.000000
 -0.241000 0.000000 0.000000
 -0.239250 0.000000 0.000000
 -0.237500 0.000000 0.000000
 -0.235750 0.000000 0.000000
 -0.234000 0.000000 0.000000
 -0.232250 0.000000 0.000000
 -0.230500 0.000000 0.000000
 -0.228750 0.000000 0.000000
 -0.227000 0.000000 0.000000
 -0.225250 0.000000 0.000000
 -0.223500 0.000000 0.000000
 -0.221750 0.000000 0.000000
 -0.220000 0.000000 0.000000
 -0.218250 0.000000 0.000000
 -0.216500 0.000000 0.000000
 -0.214750 0.000000 0.000000
 -0.213000 0.000000 0.000000
 -0.211250 0.000000 0.000000
 -0.209500 0.000000 0.000000
 -0.207750 0.000000 0.000000
 -0.206000 0.000000 0.000000
 -0.204250 0.000000 0.000000
 -0.202500 0.000000 0.000000
 -0.200750 0.000000 0.000000
 -0.199000 0.000000 0.000000
 -0.197250 0.000000 0.000000
 -0.195500 0.000000 0.000000
 -0.193750 0.000000 0.000000
 -0.192000 0.000000 0.000000
 -0.190250 0.000000 0.000000
 -0.188500 0.000000 0.000000
 -0.186750 0.000000 0.000000
 -0.185000 0.000000 0.000000
 -0.183250 0.000000 0.000000
 -0.181500 0.000000 0.000000
 -0.179750 0.000000 0.000000
 -0.178000 0.000000 0.000000
 -0.176250 0.000000 0.000000
 -0.174500 0.000000 0.000000
 -0.172750 0.000000 0.000000
 -0.171000 0.000000 0.000000
 -0.169250 0.000000 0.000000
 -0.167500 0.000000 0.000000
 -0.165750 0.000000 0.000000
 -0.164000 0.000000 0.000000
 -0.162250 0.000000 0.000000
 -0.160500 0.000000 0.000000
 -0.158750 0.000000 0.000000
 -0.157000 0.000000 0.000000
 -0.155250 0.000000 0.000000
 -0.153500 0.000000 0.000000
 -0.151750 0.000000 0.000000
 -0.150000 0.000000 0.000000
 -0.148250 0.000000 0.000000
 -0.146500 0.000000 0.000000
 -0.144750 0.000000 0.000000
 -0.143000 0.000000 0.000000
 -0.141250 0.000000 0.000000
 -0.139500 0.000000 0.000000
 -0.137750 0.000000 0.000000
 -0.136000 0.000000 0.000000
 -0.134250 0.000000 0.000000
 -0.132500 0.000000 0.000000
 -0.130750 0.000000 0.000000
 -0.129000 0.000000 0.000000
 -0.127250 0.000000 0.000000
 -0.125500 0.000000 0.000000
 -0.123750 0.000000 0.000000
 -0.122000 0.000000 0.000000
 -0.120250 0.000000 0.000000
 -0.118500 0.000000 0.000000
 -0.116750 0.000000 0.000000
 -0.115000 0.000000 0.000000
 -0.113250 0.000000 0.000000
 -0.111500 0.000000 0.000000
 -0.109750 0.000000 0.000000
 -0.108000 0.000000 0.000000
 -0.106250 0.000000 0.000000
 -0.104500 0.000000 0.000000
 -0.102750 0.000000 0.000000
 -0.101000 0.000000 0.000000
 -0.099250 0.000000 0.000000
 -0.097500 0.000000 0.000000
 -0.095750 0.000000 0.000000
 -0.094000 0.000000 0.000000
 -0.092250 0.000000 0.000000
 -0.090500 0.000000 0.000000
 -0.088750 0.000000 0.000000
 -0.087000 0.000000 0.000000
 -0.085250 0.000000 0.000000
 -0.083500 0.000000 0.000000
 -0.081750 0.000000 0.000000
 -0.080000 0.000000 0.000000
 -0.078250 0.000000 0.000000
 -0.076500 0.000000 0.000000
 -0.074750 0.000000 0.000000
 -0.073000 0.000000 0.000000
 -0.071250 0.000000 0.000000
 -0.069500 0.000000 0.000000
 -0.067750 0.000000 0.000000
 -0.066000 0.000000 0.000000
 -0.064250 0.000000 0.000000
 -0.062500 0.000000 0.000000
 -0.060750 0.000000 0.000000
 -0.059000 0.000000 0.000000
 -0.057250 0.000000 0.000000
 -0.055500 0.000000 0.000000
 -0.053750 0.000000 0.000000
 -0.052000 0.000000 0.000000
 -0.050250 0.000000 0.000000
 -0.048500 0.000000 0.000000
 -0.046750 0.000000 0.000000
 -0.045000 0.000000 0.000000
 -0.043250 0.000000 0.000000
 -0.041500 0.000000 0.000000
 -0.039750 0.000000 0.000000
 -0.038000 0.000000 0.000000
 -0.036250 0.000000 0.000000
 -0.034500 0.000000 0.000000
 -0.032750 0.000000 0.000000
 -0.031000 0.000000 0.000000
 -0.029250 0.000000 0.000000
 -0.027500 0.000000 0.000000
 -0.025750 0.000000 0.000000
 -0.024000 0.000000 0.000000
 -0.022250 0.000000 0.000000
 -0.020500 0.000000 0.000000
 -0.018750 0.000000 0.000000
 -0.017000 0.000000 0.000000
 -0.015250 0.000000 0.000000
 -0.013500 0.000000 0.000000
 -0.011750 0.000000 0.000000
 -0.010000 0.000000 0.000000
 -0.008250 0.000000 0.000000
 -0.006500 0.000000 0.000000
 -0.004750 0.000000 0.000000
 -0.003000 0.000000 0.000000
 -0.001250 0.000000 0.000000
 0.000500 0.000000 0.000000
 0.002250 0.000000 0.000000
 0.004000 0.000000 0.000000
 0.005750 0.000000 0.000000
 0.007500 0.000000 0.000000
 0.009250 0.000000 0.000000
 0.011000 0.000000 0.000000
 0.012750 0.000000 0.000000
 0.014500 0.000000 0.000000
 0.016250 0.000000 0.000000
 0.018000 0.000000 0.000000
 0.019750 0.000000 0.000000
 0.021500 0.000000 0.000000
 0.023250 0.000000 0.000000
 0.025000 0.000000 0.000000
 0.026750 0.000000 0.000000
 0.028500 0.000000 0.000000
 0.030250 0.000000 0.000000
 0.032000 0.000000 0.000000
 0.033750 0.000000 0.000000
 0.035500 0.000000 0.000000
 0.037250 0.000000 0.000000
 0.039000 0.000000 0.000000
 0.040750 0.000000 0.000000
 0.042500 0.000000 0.000000
 0.044250 0.000000 0.000000
 0.046000 0.000000 0.000000
 0.047750 0.000000 0.000000
 0.049500 0.000000 0.000000
 0.051250 0.000000 0.000000
 0.053000 0.000000 0.000000
 0.054750 0.000000 0.000000
 0.056500 0.000000 0.000000
 0.058250 0.000000 0.000000
 0.060000 0.000000 0.000000
 0.061750 0.000000 0.000000
 0.063500 0.000000 0.000000
 0.065250 0.000000 0.000000
 0.067000 0.000000 0.000000
 0.068750 0.000000 0.000000
 0.070500 0.000000 0.000000
 0.072250 0.000000 0.000000
 0.074000 0.000000 0.000000
 0.075750 0.000000 0.000000
 0.077500 0.000000 0.000000
 0.079250 0.000000 0.000000
 0.081000 0.000000 0.000000
 0.082750 0.000000 0.000000
 0.084500 0.000000 0.000000
 0.086250 0.000000 0.000000
 0.088000 0.000000 0.000000
 0.089750 0.000000 0.000000
 0.091500 0.000000 0.000000
 0.093250 0.000000 0.000000
 0.095000 0.000000 0.000000
 0.096750 0.000000 0.000000
 0.098500 0.000000 0.000000
 0.100250 0.000000 0.000000
 0.102000 0.000000 0.000000
 0.103750 0.000000 0.000000
 0.105500 0.000000 0.000000
 0.107250 0.000000 0.000000
 0.109000 0.000000 0.000000
 0.110750 0.000000 0.000000
 0.112500 0.000000 0.000000
 0.114250 0.000000 0.000000
 0.116000 0.000000 0.000000
 0.117750 0.000000 0.000000
 0.119500 0.000000 0.000000
 0.121250 0.000000 0.000000
 0.123000 0.000000 0.000000
 0.124750 0.000000 0.000000
 0.126500 0.000000 0.000000
 0.128250 0.000000 0.000000
 0.130000 0.000000 0.000000
 0.131750 0.000000 0.000000
 0.133500 0.000000 0.000000
 0.135250 0.000000 0.000000
 0.137000 0.000000 0.000000
 0.138750 0.000000 0.000000
 0.140500 0.000000 0.000000
 0.142250 0.000000 0.000000
 0.144000 0.000000 0.000000
 0.145750 0.000000 0.000000
 0.147500 0.000000 0.000000
 0.149250 0.000000 0.000000
 0.151000 0.000000 0.000000
 0.152750 0.000000 0.000000
 0.154500 0.000000 0.000000
 0.156250 0.000000 0.000000
 0.158000 0.000000 0.000000
 0.159750 0.000000 0.000000
 0.161500 0.000000 0.000000
 0.163250 0.000000 0.000000
 0.165000 0.000000 0.000000
 0.166750 0.000000 0.000000
 0.168500 0.000000 0.000000
 0.170250 0.000000 0.000000
 0.172000 0.000000 0.000000
 0.173750 0.000000 0.000000
 0.175500 0.000000 0.000000
 0.177250 0.000000 0.000000
 0.179000 0.000000 0.000000
 0.180750 0.000000 0.000000
 0.182500 0.000000 0.000000
 0.184250 0.000000 0.000000
 0.186000 0.000000 0.000000
 0.187750 0.000000 0.000000
 0.189500 0.000000 0.000000
 0.191250 0.000000 0.000000
 0.193000 0.000000 0.000000
 0.194750 0.000000 0.000000
 0.196500 0.000000 0.000000
 0.198250 0.000000 0.000000
 0.200000 0.000000 0.000000
 0.201750 0.000000 0.000000
 0.203500 0.000000 0.000000
 0.205250 0.000000 0.000000
 0.207000 0.000000 0.000000
 0.208750 0.000000 0.000000
 0.210500 0.000000 0.000000
 0.212250 0.000000 0.000000
 0.214000 0.000000 0.000000
 0.215750 0.000000 0.000000
 0.217500 0.000000 0.000000
 0.219250 0.000000 0.000000
 0.221000 0.000000 0.000000
 0.222750 0.000000 0.000000
 0.224500 0.000000 0.000000
 0.226250 0.000000 0.000000
 0.228000 0.000000 0.000000
 0.229750 0.000000 0.000000
 0.231500 0.000000 0.000000
 0.233250 0.000000 0.000000
 0.235000 0.000000 0.000000
 0.236750 0.000000 0.000000
 0.238500 0.000000 0.000000
 0.240250 0.000000 0.000000
 0.242000 0.000000 0.000000
 0.243750 0.000000 0.000000
 0.245500 0.000000 0.000000
 0.247250 0.000000 0.000000
 0.249000 0.000000 0.000000
 0.250750 0.000000 0.000000
 0.252500 0.000000 0.000000
 0.254250 0.000000 0.000000
 0.256000 0.000000 0.000000
 0.257750 0.000000 0.000000
 0.259500 0.000000 0.000000
 0.261250 0.000000 0.000000
 0.263000 0.000000 0.000000
 0.264750 0.000000 0.000000
 0.266500 0.000000 0.000000
 0.268250 0.000000 0.000000
 0.270000 0.000000 0.000000
 0.271750 0.000000 0.000000
 0.273500 0.000000 0.000000
 0.275250 0.000000 0.000000
 0.277000 0.000000 0.000000
 0.278750 0.000000 0.000000
 0.280500 0.000000 0.000000
 0.282250 0.000000 0.000000
 0.284000 0.000000 0.000000
 0.285750 0.000000 0.000000
 0.287500 0.000000 0.000000
 0.289250 0.000000 0.000000
 0.291000 0.000000 0.000000
 0.292750 0.000000 0.000000
 0.294500 0.000000 0.000000
 0.296250 0.000000 0.000000
 0.298000 0.000000 0.000000
 0.299750 0.000000 0.000000
 0.301500 0.000000 0.000000
 0.303250 0.000000 0.000000
 0.305000 0.000000 0.000000
 0.306750 0.000000 0.000000
 0.308500 0.000000 0.000000
 0.310250 0.000000 0.000000
 0.312000 0.000000 0.000000
 0.313750 0.000000 0.000000
 0.315500 0.000000 0.000000
 0.317250 0.000000 0.000000
 0.319000 0.000000 0.000000
 0.320750 0.000000 0.000000
 0.322500 0.000000 0.000000
 0.324250 0.000000 0.000000
 0.326000 0.000000 0.000000
 0.327750 0.000000 0.000000
 0.329500 0.000000 0.000000
 0.331250 0.000000 0.000000
 0.333000 0.000000 0.000000
 0.334750 0.000000 0.000000
 0.336500 0.000000 0.000000
 0.338250 0.000000 0.000000
 0.340000 0.000000 0.000000
 0.341750 0.000000 0.000000
 0.343500 0.000000 0.000000
 0.345250 0.000000 0.000000
 0.347000 0.000000 0.000000
 0.348750 0.000000 0.000000
 0.350500 0.000000 0.000000
 0.352250 0.000000 0.000000
 0.354000 0.000000 0.000000
 0.355750 0.000000 0.000000
 0.357500 0.000000 0.000000
 0.359250 0.000000 0.000000
 0.361000 0.000000 0.000000
 0.362750 0.000000 0.000000
 0.364500 0.000000 0.000000
 0.366250 0.000000 0.000000
 0.368000 0.000000 0.000000
 0.369750 0.000000 0.000000
 0.371500 0.000000 0.000000
 0.373250 0.000000 0.000000
 0.375000 0.000000 0.000000
 0.376750 0.000000 0.000000
 0.378500 0.000000 0.000000
 0.380250 0.000000 0.000000
 0.382000 0.000000 0.000000
 0.383750 0.000000 0.000000
 0.385500 0.000000 0.000000
 0.387250 0.000000 0.000000
 0.389000 0.000000 0.000000
 0.390750 0.000000 0.000000
 0.392500 0.000000 0.000000
 0.394250 0.000000 0.000000
 0.396000 0.000000 0.000000
 0.397750 0.000000 0.000000
 0.399500 0.000000 0.000000
 0.401250 0.000000 0.000000
 0.403000 0.000000 0.000000
 0.404750 0.000000 0.000000
 0.406500 0.000000 0.000000
 0.408250 0.000000 0.000000
 0.410000 0.000000 0.000000
 0.411750 0.000000 0.000000
 0.413500 0.000000 0.000000
 0.415250 0.000000 0.000000
 0.417000 0.000000 0.000000
 0.418750 0.000000 0.000000
 0.420500 0.000000 0.000000
 0.422250 0.000000 0.000000
 0.424000 0.000000 0.000000
 0.425750 0.000000 0.000000
 0.427500 0.000000 0.000000
 0.429250 0.000000 0.000000
 0.431000 0.000000 0.000000
 0.432750 0.000000 0.000000
 0.434500 0.000000 0.000000
 0.436250 0.000000 0.000000
 0.438000 0.000000 0.000000
 0.439750 0.000000 0.000000
 0.441500 0.000000 0.000000
 0.443250 0.000000 0.000000
 0.445000 0.000000 0.000000
 0.446750 0.000000 0.000000
 0.448500 0.000000 0.000000
 0.450250 0.000000 0.000000
 0.452000 0.000000 0.000000
 0.453750 0.000000 0.000000
 0.455500 0.000000 0.000000
 0.457250 0.000000 0.000000
 0.459000 0.000000 0.000000
 0.460750 0.000000 0.000000
 0.462500 0.000000 0.000000
 0.464250 0.000000 0.000000
 0.466000 0.000000 0.000000
 0.467750 0.000000 0.000000
 0.469500 0.000000 0.000000
 0.471250 0.000000 0.000000
 0.473000 0.000000 0.000000
 0.474750 0.000000 0.000000
 0.476500 0.000000 0.000000
 0.478250 0.000000 0.000000
 0.480000 0.000000 0.000000
 0.481750 0.000000 0.000000
 0.483500 0.000000 0.000000
 0.485250 0.000000 0.000000
 0.487000 0.000000 0.000000
 0.488750 0.000000 0.000000
 0.490500 0.000000 0.000000
 0.492250 0.000000 0.000000
 0.494000 0.000000 0.000000
 0.495750 0.000000 0.000000
 0.497500 0.000000 0.000000
 0.499250 0.000000 0.000000
 0.501000 0.000000 0.000000
 0.502750 0.000000 0.000000
 0.504500 0.000000 0.000000
 0.506250 0.000000 0.000000
 0.508000 0.000000 0.000000
 0.509750 0.000000 0.000000
 0.511500 0.000000 0.000000
 0.513250 0.000000 0.000000
 0.515000 0.000000 0.000000
 0.516750 0.000000 0.000000
 0.518500 0.000000 0.000000
 0.520250 0.000000 0.000000
 0.522000 0.000000 0.000000
 0.523750 0.000000 0.000000
 0.525500 0.000000 0.000000
 0.527250 0.000000 0.000000
 0.529000 0.000000 0.000000
 0.530750 0.000000 0.000000
 0.532500 0.000000 0.000000
 0.534250 0.000000 0.000000
 0.536000 0.000000 0.000000
 0.537750 0.000000 0.000000
 0.539500 0.000000 0.000000
 0.541250 0.000000 0.000000
 0.543000 0.000000 0.000000
 0.544750 0.000000 0.000000
 0.546500 0.000000 0.000000
 0.548250 0.000000 0.000000
 0.550000 0.000000 0.000000
 0.551750 0.000000 0.000000
 0.553500 0.000000 0.000000
 0.555250 0.000000 0.000000
 0.557000 0.000000 0.000000
 0.558750 0.000000 0.000000
 0.560500 0.000000 0.000000
 0.562250 0.000000 0.000000
 0.564000 0.000000 0.000000
 0.565750 0.000000 0.000000
 0.567500 0.000000 0.000000
 0.569250 0.000000 0.000000
 0.571000 0.000000 0.000000
 0.572750 0.000000 0.000000
 0.574500 0.000000 0.000000
 0.576250 0.000000 0.000000
 0.578000 0.000000 0.000000
 0.579750 0.000000 0.000000
 0.581500 0.000000 0.000000
 0.583250 0.000000 0.000000
 0.585000 0.000000 0.000000
 0.586750 0.000000 0.000000
 0.588500 0.000000 0.000000
 0.590250 0.000000 0.000000
 0.592000 0.000000 0.000000
 0.593750 0.000000 0.000000
 0.595500 0.000000 0.000000
 0.597250 0.000000 0.000000
 0.599000 0.000000 0.000000
 0.600750 0.000000 0.000000
 0.602500 0.000000 0.000000
 0.604250 0.000000 0.000000
 0.606000 0.000000 0.000000
 0.607750 0.000000 0.000000
 0.609500 0.000000 0.000000
 0.611250 0.000000 0.000000
 0.613000 0.000000 0.000000
 0.614750 0.000000 0.000000
 0.616500 0.000000 0.000000
 0.618250 0.000000 0.000000
 0.620000 0.000000 0.000000
 0.621750 0.000000 0.000000
 0.623500 0.000000 0.000000
 0.625250 0.000000 0.000000
 0.627000 0.000000 0.000000
 0.628750 0.000000 0.000000
 0.630500 0.000000 0.000000
 0.632250 0.000000 0.000000
 0.634000 0.000000 0.000000
 0.635750 0.000000 0.000000
 0.637500 0.000000 0.000000
 0.639250 0.000000 0.000000
 0.641000 0.000000 0.000000
 0.642750 0.000000 0.000000
 0.644500 0.000000 0.000000
 0.646250 0.000000 0.000000
 0.648000 0.000000 0.000000
 0.649750 0.000000 0.000000
 0.651500 0.000000 0.000000
 0.653250 0.000000 0.000000
 0.655000 0.000000 0.000000
 0.656750 0.000000 0.000000
 0.658500 0.000000 0.000000
 0.660250 0.000000 0.000000
 0.662000 0.000000 0.000000
 0.663750 0.000000 0.000000
 0.665500 0.000000 0.000000
 0.667250 0.000000 0.000000
 0.669000 0.000000 0.000000
 0.670750 0.000000 0.000000
 0.672500 0.000000 0.000000
 0.674250 0.000000 0.000000
 0.676000 0.000000 0.000000
 0.677750 0.000000 0.000000
 0.679500 0.000000 0.000000
 0.681250 0.000000 0.000000
 0.683000 0.000000 0.000000
 0.684750 0.000000 0.000000
 0.686500 0.000000 0.000000
 0.688250 0.000000 0.000000
 0.690000 0.000000 0.000000
 0.691750 0.000000 0.000000
 0.693500 0.000000 0.000000
 0.695250 0.000000 0.000000
 0.697000 0.000000 0.000000
 0.698750 0.000000 0.000000
 0.700500 0.000000 0.000000
 0.702250 0.000000 0.000000
 0.704000 0.000000 0.000000
 0.705750 0.000000 0.000000
 0.707500 0.000000 0.000000
 0.709250 0.000000 0.000000
 0.711000 0.000000 0.000000
 0.712750 0.000000 0.000000
 0.714500 0.000000 0.000000
 0.716250 0.000000 0.000000
 0.718000 0.000000 0.000000
 0.719750 0.000000 0.000000
 0.721500 0.000000 0.000000
 0.723250 0.000000 0.000000
 0.725000 0.000000 0.000000
 0.726750 0.000000 0.000000
 0.728500 0.000000 0.000000
 0.730250 0.000000 0.000000
 0.732000 0.000000 0.000000
 0.733750 0.000000 0.000000
 0.735500 0.000000 0.000000
 0.737250 0.000000 0.000000
 0.739000 0.000000 0.000000
 0.740750 0.000000 0.000000
 0.742500 0.000000 0.000000
 0.744250 0.000000 0.000000
 0.746000 0.000000 0.000000
 0.747750 0.000000 0.000000
 0.749500 0.000000 0.000000
 0.751250 0.000000 0.000000
 0.753000 0.000000 0.000000
 0.754750 0.000000 0.000000
 0.756500 0.000000 0.000000
 0.758250 0.000000 0.000000
 0.760000 0.000000 0.000000
 0.761750 0.000000 0.000000
 0.763500 0.000000 0.000000
 0.765250 0.000000 0.000000
 0.767000 0.000000 0.000000
 0.768750 0.000000 0.000000
 0.770500 0.000000 0.000000
 0.772250 0.000000 0.000000
 0.774000 0.000000 0.000000
 0.775750 0.000000 0.000000
 0.777500 0.000000 0.000000
 0.779250 0.000000 0.000000
 0.781000 0.000000 0.000000
 0.782750 0.000000 0.000000
 0.784500 0.000000 0.000000
 0.786250 0.000000 0.000000
 0.788000 0.000000 0.000000
 0.789750 0.000000 0.000000
 0.791500 0.000000 0.000000
 0.793250 0.000000 0.000000
 0.795000 0.000000 0.000000
 0.796750 0.000000 0.000000
 0.798500 0.000000 0.000000
 0.800250 0.000000 0.000000
 0.802000 0.000000 0.000000
 0.803750 0.000000 0.000000
 0.805500 0.000000 0.000000
 0.807250 0.000000 0.000000
 0.809000 0.000000 0.000000
 0.810750 0.000000 0.000000
 0.812500 0.000000 0.000000
 0.814250 0.000000 0.000000
 0.816000 0.000000 0.000000
 0.817750 0.000000 0.000000
 0.819500 0.000000 0.000000
 0.821250 0.000000 0.000000
 0.823000 0.000000 0.000000
 0.824750 0.000000 0.000000
 0.826500 0.000000 0.000000
 0.828250 0.000000 0.000000
 0.830000 0.000000 0.000000
 0.831750 0.000000 0.000000
 0.833500 0.000000 0.000000
 0.835250 0.000000 0.000000
 0.837000 0.000000 0.000000
 0.838750 0.000000 0.000000
 0.840500 0.000000 0.000000
 0.842250 0.000000 0.000000
 0.844000 0.000000 0.000000
 0.845750 0.000000 0.000000
 0.847500 0.000000 0.000000
 0.849250 0.000000 0.000000
 0.851000 0.000000 0.000000
 0.852750 0.000000 0.000000
 0.854500 0.000000 0.000000
 0.856250 0.000000 0.000000
 0.858000 0.000000 0.000000
 0.859750 0.000000 0.000000
 0.861500 0.000000 0.000000
 0.863250 0.000000 0.000000
 0.865000 0.000000 0.000000
 0.866750 0.000000 0.000000
 0.868500 0.000000 0.000000
 0.870250 0.000000 0.000000
 0.872000 0.000000 0.000000
 0.873750 0.000000 0.000000
 0.875500 0.000000 0.000000
 0.877250 0.000000 0.000000
 0.879000 0.000000 0.000000
 0.880750 0.000000 0.000000
 0.882500 0.000000 0.000000
 0.884250 0.000000 0.000000
 0.886000 0.000000 0.000000
 0.887750 0.000000 0.000000
 0.889500 0.000000 0.000000
 0.891250 0.000000 0.000000
 0.893000 0.000000 0.000000
 0.894750 0.000000 0.000000
 0.896500 0.000000 0.000000
 0.898250 0.000000 0.000000
 0.900000 0.000000 0.000000
 0.901750 0.000000 0.000000
 0.903500 0.000000 0.000000
 0.905250 0.000000 0.000000
 0.907000 0.000000 0.000000
 0.908750 0.000000 0.000000
 0.910500 0.000000 0.000000
 0.912250 0.000000 0.000000
 0.914000 0.000000 0.000000
 0.915750 0.000000 0.000000
 0.917500 0.000000 0.000000
 0.919250 0.000000 0.000000
 0.921000 0.000000 0.000000
 0.922750 0.000000 0.000000
 0.924500 0.000000 0.000000
 0.926250 0.000000 0.000000
 0.928000 0.000000 0.000000
 0.929750 0.000000 0.000000
 0.931500 0.000000 0.000000
 0.933250 0.000000 0.000000
 0.935000 0.000000 0.000000
 0.936750 0.000000 0.000000
 0.938500 0.000000 0.000000
 0.940250 0.000000 0.000000
 0.942000 0.000000 0.000000
 0.943750 0.000000 0.000000
 0.945500 0.000000 0.000000
 0.947250 0.000000 0.000000
 0.949000 0.000000 0.000000
 0.950750 0.000000 0.000000
 0.952500 0.000000 0.000000
 0.954250 0.000000 0.000000
 0.956000 0.000000 0.000000
 0.957750 0.000000 0.000000
 0.959500 0.000000 0.000000
 0.961250 0.000000 0.000000
 0.963000 0.000000 0.000000
 0.964750 0.000000 0.000000
 0.966500 0.000000 0.000000
 0.968250 0.000000 0.000000
 0.970000 0.000000 0.000000
 0.971750 0.000000 0.000000
 0.973500 0.000000 0.000000
 0.975250 0.000000 0.000000
 0.977000 0.000000 0.000000
 0.978750 0.000000 0.000000
 0.980500 0.000000 0.000000
 0.982250 0.000000 0.000000
 0.984000 0.000000 0.000000
 0.985750 0.000000 0.000000
 0.987500 0.000000 0.000000
 0.989250 0.000000 0.000000
 0.991000 0.000000 0.000000
 0.992750 0.000000 0.000000
 0.994500 0.000000 0.000000
 0.996250 0.000000 0.000000
 0.998000 0.000000 0.000000
 0.999750 0.000000 0.000000
 1.001500 0.000000 0.000000
 1.003250 0.000000 0.000000
 1.005000 0.000000 0.000000
 1.006750 0.000000 0.000000
 1.008500 0.000000 0.000000
 1.010250 0.000000 0.000000
 1.012000 0.000000 0.000000
 1.013750 0.000000 0.000000
 1.015500 0.000000 0.000000
 1.017250 0.000000 0.000000
 1.019000 0.000000 0.000000
 1.020750 0.000000 0.000000
 1.022500 0.000000 0.000000
 1.024250 0.000000 0.000000
 1.026000 0.000000 0.000000
 1.027750 0.000000 0.000000
 1.029500 0.000000 0.000000
 1.031250 0.000000 0.000000
 1.033000 0.000000 0.000000
 1.034750 0.000000 0.000000
 1.036500 0.000000 0.000000
 1.038250 0.000000 0.000000
 1.040000 0.000000 0.000000
 1.041750 0.000000 0.000000
 1.043500 0.000000 0.000000
 1.045250 0.000000 0.000000
 1.047000 0.000000 0.000000
 1.048750 0.000000 0.000000
 1.050500 0.000000 0.000000
 1.052250 0.000000 0.000000
 1.054000 0.000000 0.000000
 1.055750 0.000000 0.000000
 1.057500 0.000000 0.000000
 1.059250 0.000000 0.000000
 1.061000 0.000000 0.000000
 1.062750 0.000000 0.000000
 1.064500 0.000000 0.000000
 1.066250 0.000000 0.000000
 1.068000 0.000000 0.000000
 1.069750 0.000000 0.000000
 1.071500 0.000000 0.000000
 1.073250 0.000000 0.000000
 1.075000 0.000000 0.000000
 1.076750 0.000000 0.000000
 1.078500 0.000000 0.000000
 1.080250 0.000000 0.000000
 1.082000 0.000000 0.000000
 1.083750 0.000000 0.000000
 1.085500 0.000000 0.000000
 1.087250 0.000000 0.000000
 1.089000 0.000000 0.000000
 1.090750 0.000000 0.000000
 1.092500 0.000000 0.000000
 1.094250 0.000000 0.000000
 1.096000 0.000000 0.000000
 1.097750 0.000000 0.000000
 1.099500 0.000000 0.000000
 1.101250 0.000000 0.000000
 1.103000 0.000000 0.000000
 1.104750 0.000000 0.000000
 1.106500 0.000000 0.000000
 1.108250 0.000000 0.000000
 1.110000 0.000000 0.000000
 1.111750 0.000000 0.000000
 1.113500 0.000000 0.000000
 1.115250 0.000000 0.000000
 1.117000 0.000000 0.000000
 1.118750 0.000000 0.000000
 1.120500 0.000000 0.000000
 1.122250 0.000000 0.000000
 1.124000 0.000000 0.000000
 1.125750 0.000000 0.000000
 1.127500 0.000000 0.000000
 1.129250 0.000000 0.000000
 1.131000 0.000000 0.000000
 1.132750 0.000000 0.000000
 1.134500 0.000000 0.000000
 1.136250 0.000000 0.000000
 1.138000 0.000000 0.000000
 1.139750 0.000000 0.000000
 1.141500 0.000000 0.000000
 1.143250 0.000000 0.000000
 1.145000 0.000000 0.000000
 1.146750 0.000000 0.000000
 1.148500 0.000000 0.000000
 1.150250 0.000000 0.000000
 1.152000 0.000000 0.000000
 1.153750 0.000000 0.000000
 1.155500 0.000000 0.000000
 1.157250 0.000000 0.000000
 1.159000 0.000000 0.000000
 1.160750 0.000000 0.000000
 1.162500 0.000000 0.000000
 1.164250 0.000000 0.000000
 1.166000 0.000000 0.000000
 1.167750 0.000000 0.000000
 1.169500 0.000000 0.000000
 1.171250 0.000000 0.000000
 1.173000 0.000000 0.000000
 1.174750 0.000000 0.000000
 1.176500 0.000000 0.000000
 1.178250 0.000000 0.000000
 1.180000 0.000000 0.000000
 1.181750 0.000000 0.000000
 1.183500 0.000000 0.000000
 1.185250 0.000000 0.000000
 1.187000 0.000000 0.000000
 1.188750 0.000000 0.000000
 1.190500 0.000000 0.000000
 1.192250 0.000000 0.000000
 1.194000 0.000000 0.000000
 1.195750 0.000000 0.000000
 1.197500 0.000000 0.000000
 1.199250 0.000000 0.000000
 1.201000 0.000000 0.000000
 1.202750 0.000000 0.000000
 1.204500 0.000000 0.000000
 1.206250 0.000000 0.000000
 1.208000 0.000000 0.000000
 1.209750 0.000000 0.000000
 1.211500 0.000000 0.000000
 1.213250 0.000000 0.000000
 1.215000 0.000000 0.000000
 1.216750 0.000000 0.000000
 1.218500 0.000000 0.000000
 1.220250 0.000000 0.000000
 1.222000 0.000000 0.000000
 1.223750 0.000000 0.000000
 1.225500 0.000000 0.000000
 1.227250 0.000000 0.000000
 1.229000 0.000000 0.000000
 1.230750 0.000000 0.000000
 1.232500 0.000000 0.000000
 1.234250 0.000000 0.000000
 1.236000 0.000000 0.000000
 1.237750 0.000000 0.000000
 1.239500 0.000000 0.000000
 1.241250 0.000000 0.000000
 1.243000 0.000000 0.000000
 1.244750 0.000000 0.000000
 1.246500 0.000000 0.000000
 1.248250 0.000000 0.000000
 1.250000 0.000000 0.000000
 1.251750 0.000000 0.000000
 1.253500 0.000000 0.000000
 1.255250 0.000000 0.000000
 1.257000 0.000000 0.000000
 1.258750 0.000000 0.000000
 1.260500 0.000000 0.000000
 1.262250 0.000000 0.000000
 1.264000 0.000000 0.000000
 1.265750 0.000000 0.000000
 1.267500 0.000000 0.000000
 1.269250 0.000000 0.000000
 1.271000 0.000000 0.000000
 1.272750 0.000000 0.000000
 1.274500 0.000000 0.000000
 1.276250 0.000000 0.000000
 1.278000 0.000000 0.000000
 1.279750 0.000000 0.000000
 1.281500 0.000000 0.000000
 1.283250 0.000000 0.000000
 1.285000 0.000000 0.000000
 1.286750 0.000000 0.000000
 1.288500 0.000000 0.000000
 1.290250 0.000000 0.000000
 1.292000 0.000000 0.000000
 1.293750 0.000000 0.000000
 1.295500 0.000000 0.000000
 1.297250 0.000000 0.000000
 1.299000 0.000000 0.000000
 1.300750 0.000000 0.000000
 1.302500 0.000000 0.000000
 1.304250 0.000000 0.000000
 1.306000 0.000000 0.000000
 1.307750 0.000000 0.000000
 1.309500 0.000000 0.000000
 1.311250 0.000000 0.000000
 1.313000 0.000000 0.000000
 1.314750 0.000000 0.000000
 1.316500 0.000000 0.000000
 1.318250 0.000000 0.000000
 1.320000 0.000000 0.000000
 1.321750 0.000000 0.000000
 1.323500 0.000000 0.000000
 1.325250 0.000000 0.000000
 1.327000 0.000000 0.000000
 1.328750 0.000000 0.000000
 1.330500 0.000000 0.000000
 1.332250 0.000000 0.000000
 1.334000 0.000000 0.000000
 1.335750 0.000000 0.000000
 1.337500 0.000000 0.000000
 1.339250 0.000000 0.000000
 1.341000 0.000000 0.000000
 1.342750 0.000000 0.000000
 1.344500 0.000000 0.000000
 1.346250 0.000000 0.000000
 1.348000 0.000000 0.000000
 1.349750 0.000000 0.000000
 1.351500 0.000000 0.000000
 1.353250 0.000000 0.000000
 1.355000 0.000000 0.000000
 1.356750 0.000000 0.000000
 1.358500 0.000000 0.000000
 1.360250 0.000000 0.000000
 1.362000 0.000000 0.000000
 1.363750 0.000000 0.000000
 1.365500 0.000000 0.000000
 1.367250 0.000000 0.000000
 1.369000 0.000000 0.000000
 1.370750 0.000000 0.000000
 1.372500 0.000000 0.000000
 1.374250 0.000000 0.000000
 1.376000 0.000000 0.000000
 1.377750 0.000000 0.000000
 1.379500 0.000000 0.000000
 1.381250 0.000000 0.000000
 1.383000 0.000000 0.000000
 1.384750 0.000000 0.000000
 1.386500 0.000000 0.000000
 1.388250 0.000000 0.000000
 1.390000 0.000000 0.000000
 1.391750 0.000000 0.000000
 1.393500 0.000000 0.000000
 1.395250 0.000000 0.000000
 1.397000 0.000000 0.000000
 1.398750 0.000000 0.000000
 1.400500 0.000000 0.000000
 1.402250 0.000000 0.000000
 1.404000 0.000000 0.000000
 1.405750 0.000000 0.000000
 1.407500 0.000000 0.000000
 1.409250 0.000000 0.000000
 1.411000 0.000000 0.000000
 1.412750 0.000000 0.000000
 1.414500 0.000000 0.000000
 1.416250 0.000000 0.000000
 1.418000 0.000000 0.000000
 1.419750 0.000000 0.000000
 1.421500 0.000000 0.000000
 1.423250 0.000000 0.000000
 1.425000 0.000000 0.000000
 1.426750 0.000000 0.000000
 1.428500 0.000000 0.000000
 1.430250 0.000000 0.000000
 1.432000 0.000000 0.000000
 1.433750 0.000000 0.000000
 1.435500 0.000000 0.000000
 1.437250 0.000000 0.000000
 1.439000 0.000000 0.000000
 1.440750 0.000000 0.000000
 1.442500 0.000000 0.000000
 1.444250 0.000000 0.000000
 1.446000 0.000000 0.000000
 1.447750 0.000000 0.000000
 1.449500 0.000000 0.000000
 1.451250 0.000000 0.000000
 1.453000 0.000000 0.000000
 1.454750 0.000000 0.000000
 1.456500 0.000000 0.000000
 1.458250 0.000000 0.000000
 1.460000 0.000000 0.000000
 1.461750 0.000000 0.000000
 1.463500 0.000000 0.000000
 1.465250 0.000000 0.000000
 1.467000 0.000000 0.000000
 1.468750 0.000000 0.000000
 1.470500 0.000000 0.000000
 1.472250 0.000000 0.000000
 1.474000 0.000000 0.000000
 1.475750 0.000000 0.000000
 1.477500 0.000000 0.000000
 1.479250 0.000000 0.000000
 1.481000 0.000000 0.000000
 1.482750 0.000000 0.000000
 1.484500 0.000000 0.000000
 1.486250 0.000000 0.000000
 1.488000 0.000000 0.000000
 1.489750 0.000000 0.000000
 1.491500 0.000000 0.000000
 1.493250 0.000000 0.000000
 1.495000 0.000000 0.000000
 1.496750 0.000000 0.000000
 1.498500 0.000000 0.000000
 1.500250 0.000000 0.000000
 1.502000 0.000000 0.000000
 1.503750 0.000000 0.000000
 1.505500 0.000000 0.000000
 1.507250 0.000000 0.000000
 1.509000 0.000000 0.000000
 1.510750 0.000000 0.000000
 1.512500 0.000000 0.000000
 1.514250 0.000000 0.000000
 1.516000 0.000000 0.000000
 1.517750 0.000000 0.000000
 1.519500 0.000000 0.000000
 1.521250 0.000000 0.000000
 1.523000 0.000000 0.000000
 1.524750 0.000000 0.000000
 1.526500 0.000000 0.000000
 1.528250 0.000000 0.000000
 1.530000 0.000000 0.000000
 1.531750 0.000000 0.000000
 1.533500 0.000000 0.000000
 1.535250 0.000000 0.000000
 1.537000 0.000000 0.000000
 1.538750 0.000000 0.000000
 1.540500 0.000000 0.000000
 1.542250 0.000000 0.000000
 1.544000 0.000000 0.000000
 1.545750 0.000000 0.000000
 1.547500 0.000000 0.000000
 1.549250 0.000000 0.000000
 1.551000 0.000000 0.000000
 1.552750 0.000000 0.000000
 1.554500 0.000000 0.000000
 1.556250 0.000000 0.000000
 1.558000 0.000000 0.000000
 1.559750 0.000000 0.000000
 1.561500 0.000000 0.000000
 1.563250 0.000000 0.000000
 1.565000 0.000000 0.000000
 1.566750 0.000000 0.000000
 1.568500 0.000000 0.000000
 1.570250 0.000000 0.000000
 1.572000 0.000000 0.000000
 1.573750 0.000000 0.000000
 1.575500 0.000000 0.000000
 1.577250 0.000000 0.000000
 1.579000 0.000000 0.000000
 1.580750 0.000000 0.000000
 1.582500 0.000000 0.000000
 1.584250 0.000000 0.000000
 1.586000 0.000000 0.000000
 1.587750 0.000000 0.000000
 1.589500 0.000000 0.000000
 1.591250 0.000000 0.000000
 1.593000 0.000000 0.000000
 1.594750 0.000000 0.000000
 1.596500 0.000000 0.000000
 1.598250 0.000000 0.000000
 1.600000 0.000000 0.000000
 1.601750 0.000000 0.000000
 1.603500 0.000000 0.000000
 1.605250 0.000000 0.000000
 1.607000 0.000000 0.000000
 1.608750 0.000000 0.000000
 1.610500 0.000000 0.000000
 1.612250 0.000000 0.000000
 1.614000 0.000000 0.000000
 1.615750 0.000000 0.000000
 1.617500 0.000000 0.000000
 1.619250 0.000000 0.000000
 1.621000 0.000000 0.000000
 1.622750 0.000000 0.000000
 1.624500 0.000000 0.000000
 1.626250 0.000000 0.000000
 1.628000 0.000000 0.000000
 1.629750 0.000000 0.000000
 1.631500 0.000000 0.000000
 1.633250 0.000000 0.000000
 1.635000 0.000000 0.000000
 1.636750 0.000000 0.000000
 1.638500 0.000000 0.000000
 1.640250 0.000000 0.000000
 1.642000 0.000000 0.000000
 1.643750 0.000000 0.000000
 1.645500 0.000000 0.000000
 1.647250 0.000000 0.000000
 1.649000 0.000000 0.000000
 1.650750 0.000000 0.000000
 1.652500 0.000000 0.000000
 1.654250 0.000000 0.000000
 1.656000 0.000000 0.000000
 1.657750 0.000000 0.000000
 1.659500 0.000000 0.000000
 1.661250 0.000000 0.000000
 1.663000 0.000000 0.000000
 1.664750 0.000000 0.000000
 1.666500 0.000000 0.000000
 1.668250 0.000000 0.000000
 1.670000 0.000000 0.000000
 1.671750 0.000000 0.000000
 1.673500 0.000000 0.000000
 1.675250 0.000000 0.000000
 1.677000 0.000000 0.000000
 1.678750 0.000000 0.000000
 1.680500 0.000000 0.000000
 1.682250 0.000000 0.000000
 1.684000 0.000000 0.000000
 1.685750 0.000000 0.000000
 1.687500 0.000000 0.000000
 1.689250 0.000000 0.000000
 1.691000 0.000000 0.000000
 1.692750 0.000000 0.000000
 1.694500 0.000000 0.000000
 1.696250 0.000000 0.000000
 1.698000 0.000000 0.000000
 1.699750 0.000000 0.000000
 1.701500 0.000000 0.000000
 1.703250 0.000000 0.000000
 1.705000 0.000000 0.000000
 1.706750 0.000000 0.000000
 1.708500 0.000000 0.000000
 1.710250 0.000000 0.000000
 1.712000 0.000000 0.000000
 1.713750 0.000000 0.000000
 1.715500 0.000000 0.000000
 1.717250 0.000000 0.000000
 1.719000 0.000000 0.000000
 1.720750 0.000000 0.000000
 1.722500 0.000000 0.000000
 1.724250 0.000000 0.000000
 1.726000 0.000000 0.000000
 1.727750 0.000000 0.000000
 1.729500 0.000000 0.000000
 1.731250 0.000000 0.000000
 1.733000 0.000000 0.000000
 1.734750 0.000000 0.000000
 1.736500 0.000000 0.000000
 1.738250 0.000000 0.000000
 1.740000 0.000000 0.000000
 1.741750 0.000000 0.000000
 1.743500 0.000000 0.000000
 1.745250 0.000000 0.000000
 1.747000 0.000000 0.000000
 1.748750 0.000000 0.000000
 1.750500 0.000000 0.000000
 1.752250 0.000000 0.000000
 1.754000 0.000000 0.000000
 1.755750 0.000000 0.000000
 1.757500 0.000000 0.000000
 1.759250 0.000000 0.000000
 1.761000 0.000000 0.000000
 1.762750 0.000000 0.000000
 1.764500 0.000000 0.000000
 1.766250 0.000000 0.000000
 1.768000 0.000000 0.000000
 1.769750 0.000000 0.000000
 1.771500 0.000000 0.000000
 1.773250 0.000000 0.000000
 1.775000 0.000000 0.000000
 1.776750 0.000000 0.000000
 1.778500 0.000000 0.000000
 1.780250 0.000000 0.000000
 1.782000 0.000000 0.000000
 1.783750 0.000000 0.000000
 1.785500 0.000000 0.000000
 1.787250 0.000000 0.000000
 1.789000 0.000000 0.000000
 1.790750 0.000000 0.000000
 1.792500 0.000000 0.000000
 1.794250 0.000000 0.000000
 1.796000 0.000000 0.000000
 1.797750 0.000000 0.000000
 1.799500 0.000000 0.000000
 1.801250 0.000000 0.000000
 1.803000 0.000000 0.000000
 1.804750 0.000000 0.000000
 1.806500 0.000000 0.000000
 1.808250 0.000000 0.000000
 1.810000 0.000000 0.000000
 1.811750 0.000000 0.000000
 1.813500 0.000000 0.000000
 1.815250 0.000000 0.000000
 1.817000 0.000000 0.000000
 1.818750 0.000000 0.000000
 1.820500 0.000000 0.000000
 1.822250 0.000000 0.000000
 1.824000 0.000000 0.000000
 1.825750 0.000000 0.000000
 1.827500 0.000000 0.000000
 1.829250 0.000000 0.000000
 1.831000 0.000000 0.000000
 1.832750 0.000000 0.000000
 1.834500 0.000000 0.000000
 1.836250 0.000000 0.000000
 1.838000 0.000000 0.000000
 1.839750 0.000000 0.000000
 1.841500 0.000000 0.000000
 1.843250 0.000000 0.000000
 1.845000 0.000000 0.000000
 1.846750 0.000000 0.000000
 1.848500 0.000000 0.000000
 1.850250 0.000000 0.000000
 1.852000 0.000000 0.000000
 1.853750 0.000000 0.000000
 1.855500 0.000000 0.000000
 1.857250 0.000000 0.000000
 1.859000 0.000000 0.000000
 1.860750 0.000000 0.000000
 1.862500 0.000000 0.000000
 1.864250 0.000000 0.000000
 1.866000 0.000000 0.000000
 1.867750 0.000000 0.000000
 1.869500 0.000000 0.000000
 1.871250 0.000000 0.000000
 1.873000 0.000000 0.000000
 1.874750 0.000000 0.000000
 1.876500 0.000000 0.000000
 1.878250 0.000000 0.000000
 1.880000 0.000000 0.000000
 1.881750 0.000000 0.000000
 1.883500 0.000000 0.000000
 1.885250 0.000000 0.000000
 1.887000 0.000000 0.000000
 1.888750 0.000000 0.000000
 1.890500 0.000000 0.000000
 1.892250 0.000000 0.000000
 1.894000 0.000000 0.000000
 1.895750 0.000000 0.000000
 1.897500 0.000000 0.000000
 1.899250 0.000000 0.000000
 1.901000 0.000000 0.000000
 1.902750 0.000000 0.000000
 1.904500 0.000000 0.000000
 1.906250 0.000000 0.000000
 1.908000 0.000000 0.000000
 1.909750 0.000000 0.000000
 1.911500 0.000000 0.000000
 1.913250 0.000000 0.000000
 1.915000 0.000000 0.000000
 1.916750 0.000000 0.000000
 1.918500 0.000000 0.000000
 1.920250 0.000000 0.000000
 1.922000 0.000000 0.000000
 1.923750 0.000000 0.000000
 1.925500 0.000000 0.000000
 1.927250 0.000000 0.000000
 1.929000 0.000000 0.000000
 1.930750 0.000000 0.000000
 1.932500 0.000000 0.000000
 1.934250 0.000000 0.000000
 1.936000 0.000000 0.000000
 1.937750 0.000000 0.000000
 1.939500 0.000000 0.000000
 1.941250 0.000000 0.000000
 1.943000 0.000000 0.000000
 1.944750 0.000000 0.000000
 1.946500 0.000000 0.000000
 1.948250 0.000000 0.000000
 1.950000 0.000000 0.000000
 1.951750 0.000000 0.000000
 1.953500 0.000000 0.000000
 1.955250 0.000000 0.000000
 1.957000 0.000000 0.000000
 1.958750 0.000000 0.000000
 1.960500 0.000000 0.000000
 1.962250 0.000000 0.000000
 1.964000 0.000000 0.000000
 1.965750 0.000000 0.000000
 1.967500 0.000000 0.000000
 1.969250 0.000000 0.000000
 1.971000 0.000000 0.000000
 1.972750 0.000000 0.000000
 1.974500 0.000000 0.000000
 1.976250 0.000000 0.000000
 1.978000 0.000000 0.000000
 1.979750 0.000000 0.000000
 1.981500 0.000000 0.000000
 1.983250 0.000000 0.000000
 1.985000 0.000000 0.000000
 1.986750 0.000000 0.000000
 1.988500 0.000000 0.000000
 1.990250 0.000000 0.000000
 1.992000 0.000000 0.000000
 1.993750 0.000000 0.000000
 1.995500 0.000000 0.000000
 1.997250 0.000000 0.000000
 1.999000 0.000000 0.000000
 2.000750 0.000000 0.000000
 2.002500 0.000000 0.000000
 2.004250 0.000000 0.000000
 2.006000 0.000000 0.000000
 2.007750 0.000000 0.000000
 2.009500 0.000000 0.000000
 2.011250 0.000000 0.000000
 2.013000 0.000000 0.000000
 2.014750 0.000000 0.000000
 2.016500 0.000000 0.000000
 2.018250 0.000000 0.000000
 2.020000 0.000000 0.000000
 2.021750 0.000000 0.000000
 2.023500 0.000000 0.000000
 2.025250 0.000000 0.000000
 2.027000 0.000000 0.000000
 2.028750 0.000000 0.000000
 2.030500 0.000000 0.000000
 2.032250 0.000000 0.000000
 2.034000 0.000000 0.000000
 2.035750 0.000000 0.000000
 2.037500 0.000000 0.000000
 2.039250 0.000000 0.000000
 2.041000 0.000000 0.000000
 2.042750 0.000000 0.000000
 2.044500 0.000000 0.000000
 2.046250 0.000000 0.000000
 2.048000 0.000000 0.000000
 2.049750 0.000000 0.000000
 2.051500 0.000000 0.000000
 2.053250 0.000000 0.000000
 2.055000 0.000000 0.000000
 2.056750 0.000000 0.000000
 2.058500 0.000000 0.000000
 2.060250 0.000000 0.000000
 2.062000 0.000000 0.000000
 2.063750 0.000000 0.000000
 2.065500 0.000000 0.000000
 2.067250 0.000000 0.000000
 2.069000 0.000000 0.000000
 2.070750 0.000000 0.000000
 2.072500 0.000000 0.000000
 2.074250 0.000000 0.000000
 2.076000 0.000000 0.000000
 2.077750 0.000000 0.000000
 2.079500 0.000000 0.000000
 2.081250 0.000000 0.000000
 2.083000 0.000000 0.000000
 2.084750 0.000000 0.000000
 2.086500 0.000000 0.000000
 2.088250 0.000000 0.000000
 2.090000 0.000000 0.000000
 2.091750 0.000000 0.000000
 2.093500 0.000000 0.000000
 2.095250 0.000000 0.000000
 2.097000 0.000000 0.000000
 2.098750 0.000000 0.000000
 2.100500 0.000000 0.000000
 2.102250 0.000000 0.000000
 2.104000 0.000000 0.000000
 2.105750 0.000000 0.000000
 2.107500 0.000000 0.000000
 2.109250 0.000000 0.000000
 2.111000 0.000000 0.000000
 2.112750 0.000000 0.000000
 2.114500 0.000000 0.000000
 2.116250 0.000000 0.000000
 2.118000 0.000000 0.000000
 2.119750 0.000000 0.000000
 2.121500 0.000000 0.000000
 2.123250 0.000000 0.000000
 2.125000 0.000000 0.000000
 2.126750 0.000000 0.000000
 2.128500 0.000000 0.000000
 2.130250 0.000000 0.000000
 2.132000 0.000000 0.000000
 2.133750 0.000000 0.000000
 2.135500 0.000000 0.000000
 2.137250 0.000000 0.000000
 2.139000 0.000000 0.000000
 2.140750 0.000000 0.000000
 2.142500 0.000000 0.000000
 2.144250 0.000000 0.000000
 2.146000 0.000000 0.000000
 2.147750 0.000000 0.000000
 2.149500 0.000000 0.000000
 2.151250 0.000000 0.000000
 2.153000 0.000000 0.000000
 2.154750 0.000000 0.000000
 2.156500 0.000000 0.000000
 2.158250 0.000000 0.000000
 2.160000 0.000000 0.000000
 2.161750 0.000000 0.000000
 2.163500 0.000000 0.000000
 2.165250 0.000000 0.000000
 2.167000 0.000000 0.000000
 2.168750 0.000000 0.000000
 2.170500 0.000000 0.000000
 2.172250 0.000000 0.000000
 2.174000 0.000000 0.000000
 2.175750 0.000000 0.000000
 2.177500 0.000000 0.000000
 2.179250 0.000000 0.000000
 2.181000 0.000000 0.000000
 2.182750 0.000000 0.000000
 2.184500 0.000000 0.000000
 2.186250 0.000000 0.000000
 2.188000 0.000000 0.000000
 2.189750 0.000000 0.000000
 2.191500 0.000000 0.000000
 2.193250 0.000000 0.000000
 2.195000 0.000000 0.000000
 2.196750 0.000000 0.000000
 2.198500 0.000000 0.000000
 2.200250 0.000000 0.000000
 2.202000 0.000000 0.000000
 2.203750 0.000000 0.000000
 2.205500 0.000000 0.000000
 2.207250 0.000000 0.000000
 2.209000 0.000000 0.000000
 2.210750 0.000000 0.000000
 2.212500 0.000000 0.000000
 2.214250 0.000000 0.000000
 2.216000 0.000000 0.000000
 2.217750 0.000000 0.000000
 2.219500 0.000000 0.000000
 2.221250 0.000000 0.000000
 2.223000 0.000000 0.000000
 2.224750 0.000000 0.000000
 2.226500 0.000000 0.000000
 2.228250 0.000000 0.000000
 2.230000 0.000000 0.000000
 2.231750 0.000000 0.000000
 2.233500 0.000000 0.000000
 2.235250 0.000000 0.000000
 2.237000 0.000000 0.000000
 2.238750 0.000000 0.000000
 2.240500 0.000000 0.000000
 2.242250 0.000000 0.000000
 2.244000 0.000000 0.000000
 2.245750 0.000000 0.000000
 2.247500 0.000000 0.000000
 2.249250 0.000000 0.000000
 2.251000 0.000000 0.000000
 2.252750 0.000000 0.000046
 2.254500 0.000000 0.000085
 2.256250 0.000000 0.000151
 2.258000 0.000001 0.000260
 2.259750 0.000001 0.000433
 2.261500 0.000002 0.000696
 2.263250 0.000004 0.001081
 2.265000 0.000006 0.001622
 2.266750 0.000010 0.002350
 2.268500 0.000015 0.003285
 2.270250 0.000021 0.004426
 2.272000 0.000030 0.005743
 2.273750 0.000041 0.007166
 2.275500 0.000055 0.008583
 2.277250 0.000071 0.009844
 2.279000 0.000090 0.010829
 2.280750 0.000109 0.011294
 2.282500 0.000129 0.011129
 2.284250 0.000148 0.010258
 2.286000 0.000164 0.008691
 2.287750 0.000178 0.006541
 2.289500 0.000187 0.004021
 2.291250 0.000192 0.001413
 2.293000 0.000192 -0.000902
 2.294750 0.000189 -0.002701
 2.296500 0.000183 -0.003710
 2.298250 0.000177 -0.003723
 2.300000 0.000171 -0.002824
 2.301750 0.000168 -0.001024
 2.303500 0.000168 0.001384
 2.305250 0.000173 0.004222
 2.307000 0.000183 0.007145
 2.308750 0.000198 0.010178
 2.310500 0.000219 0.012978
 2.312250 0.000244 0.015643
 2.314000 0.000274 0.018309
 2.315750 0.000309 0.021256
 2.317500 0.000349 0.024685
 2.319250 0.000395 0.028893
 2.321000 0.000451 0.034332
 2.322750 0.000517 0.040892
 2.324500 0.000595 0.048826
 2.326250 0.000689 0.057993
 2.328000 0.000799 0.068144
 2.329750 0.000928 0.078908
 2.331500 0.001075 0.089627
 2.333250 0.001241 0.099852
 2.335000 0.001425 0.108969
 2.336750 0.001622 0.116273
 2.338500 0.001831 0.121464
 2.340250 0.002047 0.124128
 2.342000 0.002264 0.123998
 2.343750 0.002480 0.121616
 2.345500 0.002690 0.117478
 2.347250 0.002892 0.112486
 2.349000 0.003084 0.107366
 2.350750 0.003269 0.103109
 2.352500 0.003448 0.100804
 2.354250 0.003624 0.101037
 2.356000 0.003804 0.104428
 2.357750 0.003993 0.111123
 2.359500 0.004197 0.121846
 2.361250 0.004423 0.136207
 2.363000 0.004679 0.155063
 2.364750 0.004971 0.177948
 2.366500 0.005306 0.204727
 2.368250 0.005692 0.235383
 2.370000 0.006134 0.269452
 2.371750 0.006639 0.306413
 2.373500 0.007211 0.345871
 2.375250 0.007853 0.386588
 2.377000 0.008568 0.428311
 2.378750 0.009357 0.470502
 2.380500 0.010220 0.512846
 2.382250 0.011158 0.555515
 2.384000 0.012169 0.598724
 2.385750 0.013258 0.642823
 2.387500 0.014426 0.688744
 2.389250 0.015676 0.737520
 2.391000 0.017015 0.790672
 2.392750 0.018453 0.849636
 2.394500 0.020000 0.916021
 2.396250 0.021673 0.992484
 2.398000 0.023490 1.080158
 2.399750 0.025471 1.180432
 2.401500 0.027640 1.293834
 2.403250 0.030017 1.418325
 2.405000 0.032619 1.551920
 2.406750 0.035463 1.691143
 2.408500 0.038554 1.832799
 2.410250 0.041893 1.973012
 2.412000 0.045474 2.109125
 2.413750 0.049289 2.241356
 2.415500 0.053333 2.371248
 2.417250 0.057609 2.503361
 2.419000 0.062118 2.642984
 2.420750 0.066887 2.797141
 2.422500 0.071941 2.970761
 2.424250 0.077322 3.168103
 2.426000 0.083068 3.389197
 2.427750 0.089224 3.634293
 2.429500 0.095826 3.898912
 2.431250 0.102909 4.179526
 2.433000 0.110491 4.469374
 2.434750 0.118581 4.763491
 2.436500 0.127192 5.058561
 2.438250 0.136315 5.351937
 2.440000 0.145955 5.643208
 2.441750 0.156104 5.932089
 2.443500 0.166759 6.219846
 2.445250 0.177918 6.507128
 2.447000 0.189582 6.795873
 2.448750 0.201755 7.087645
 2.450500 0.214438 7.381471
 2.452250 0.227643 7.681676
 2.454000 0.241378 7.988714
 2.455750 0.255664 8.308011
 2.457500 0.270517 8.642280
 2.459250 0.285982 9.001919
 2.461000 0.302105 9.394036
 2.462750 0.318951 9.827014
 2.464500 0.336595 10.308533
 2.466250 0.355134 10.844152
 2.468000 0.374655 11.432564
 2.469750 0.395253 12.068643
 2.471500 0.416999 12.741625
 2.473250 0.439946 13.436374
 2.475000 0.464116 14.135714
 2.476750 0.489501 14.824346
 2.478500 0.516079 15.492381
 2.480250 0.543815 16.140059
 2.482000 0.572662 16.769679
 2.483750 0.602611 17.397606
 2.485500 0.633668 18.039196
 2.487250 0.665879 18.714992
 2.489000 0.699319 19.442673
 2.490750 0.734089 20.236353
 2.492500 0.770311 21.101139
 2.494250 0.808104 22.030866
 2.496000 0.847585 23.021764
 2.497750 0.888836 24.054056
 2.499500 0.931918 25.111580
 2.501250 0.976871 26.177383
 2.503000 1.023677 27.232641
 2.504750 1.072313 28.265689
 2.506500 1.122732 29.270143
 2.508250 1.174878 30.236053
 2.510000 1.228702 31.167495
 2.511750 1.284106 32.055707
 2.513500 1.341034 32.899530
 2.515250 1.399397 33.696098
 2.517000 1.459118 34.442115
 2.518750 1.520077 35.123625
 2.520500 1.582180 35.740435
 2.522250 1.645302 36.293030
 2.524000 1.709352 36.793006
 2.525750 1.774243 37.250202
 2.527500 1.839906 37.689448
 2.529250 1.906354 38.138805
 2.531000 1.973616 38.630629
 2.532750 2.041797 39.187540
 2.534500 2.111031 39.846397
 2.536250 2.181509 40.613701
 2.538000 2.253431 41.498116
 2.539750 2.327017 42.498465
 2.541500 2.402434 43.593920
 2.543250 2.479834 44.756138
 2.545000 2.559290 45.942480
 2.546750 2.640803 47.106038
 2.548500 2.724297 48.202995
 2.550250 2.809612 49.184137
 2.552000 2.896526 50.013567
 2.553750 2.984731 50.663179
 2.555500 3.073887 51.108626
 2.557250 3.163633 51.336099
 2.559000 3.253594 51.356871
 2.560750 3.343409 51.169421
 2.562500 3.432722 50.791033
 2.564250 3.521198 50.230739
 2.566000 3.608558 49.510521
 2.567750 3.694522 48.643863
 2.569500 3.778845 47.636975
 2.571250 3.861274 46.507739
 2.573000 3.941647 45.272274
 2.574750 4.019769 43.949938
 2.576500 4.095514 42.573476
 2.578250 4.168837 41.172657
 2.580000 4.239711 39.789558
 2.581750 4.308191 38.463347
 2.583500 4.374428 37.227226
 2.585250 4.438576 36.110409
 2.587000 4.500893 35.106058
 2.588750 4.561543 34.209463
 2.590500 4.620678 33.387854
 2.592250 4.678389 32.600637
 2.594000 4.734719 31.786706
 2.595750 4.789567 30.917786
 2.597500 4.842811 29.960696
 2.599250 4.894291 28.915270
 2.601000 4.943861 27.780999
 2.602750 4.991376 26.578854
 2.604500 5.036732 25.339887
 2.606250 5.079913 24.091585
 2.608000 5.120905 22.854246
 2.609750 5.159724 21.639039
 2.611500 5.196453 20.446261
 2.613250 5.231105 19.264210
 2.615000 5.263665 18.080625
 2.616750 5.294117 16.862148
 2.618500 5.322375 15.585523
 2.620250 5.348313 14.219075
 2.622000 5.371784 12.751230
 2.623750 5.392589 11.175091
 2.625500 5.410547 9.488324
 2.627250 5.425428 7.692626
 2.629000 5.437079 5.806591
 2.630750 5.445356 3.838654
 2.632500 5.450131 1.806337
 2.634250 5.451287 -0.256224
 2.636000 5.448807 -2.345683
 2.637750 5.442662 -4.433781
 2.639500 5.432876 -6.508078
 2.641250 5.419467 -8.535905
 2.643000 5.402561 -10.499414
 2.644750 5.382288 -12.382830
 2.646500 5.358812 -14.164556
 2.648250 5.332296 -15.823549
 2.650000 5.302977 -17.377995
 2.651750 5.271012 -18.832684
 2.653500 5.236564 -20.218774
 2.655250 5.199712 -21.580750
 2.657000 5.160461 -22.963157
 2.658750 5.118754 -24.401803
 2.660500 5.074454 -25.929830
 2.662250 5.027372 -27.556284
 2.664000 4.977351 -29.277872
 2.665750 4.924253 -31.073923
 2.667500 4.867961 -32.896298
 2.669250 4.808501 -34.692247
 2.671000 4.745972 -36.391995
 2.672750 4.680618 -37.924358
 2.674500 4.612761 -39.221581
 2.676250 4.542874 -40.238131
 2.678000 4.471465 -40.948473
 2.679750 4.399089 -41.353129
 2.681500 4.326259 -41.457942
 2.683250 4.253446 -41.322424
 2.685000 4.181078 -41.003853
 2.686750 4.109377 -40.558423
 2.688500 4.038510 -40.055255
 2.690250 3.968514 -39.565163
 2.692000 3.899335 -39.134481
 2.693750 3.830831 -38.794620
 2.695500 3.762844 -38.568673
 2.697250 3.695139 -38.454384
 2.699000 3.627526 -38.453601
 2.700750 3.559813 -38.558978
 2.702500 3.491841 -38.770968
 2.704250 3.423427 -39.060487
 2.706000 3.354441 -39.417855
 2.707750 3.284789 -39.833826
 2.709500 3.214380 -40.281025
 2.711250 3.143182 -40.737038
 2.713000 3.071186 -41.172602
 2.714750 2.998466 -41.565350
 2.716500 2.925144 -41.876529
 2.718250 2.851372 -42.073712
 2.720000 2.777385 -42.139242
 2.721750 2.703419 -42.049451
 2.723500 2.629744 -41.804063
 2.725250 2.556643 -41.405657
 2.727000 2.484351 -40.870806
 2.728750 2.413089 -40.226744
 2.730500 2.343043 -39.504673
 2.732250 2.274314 -38.740418
 2.734000 2.206929 -37.966531
 2.735750 2.140899 -37.214797
 2.737500 2.076152 -36.507180
 2.739250 2.012587 -35.862479
 2.741000 1.950083 -35.285817
 2.742750 1.888546 -34.780278
 2.744500 1.827840 -34.331978
 2.746250 1.767895 -33.925245
 2.748000 1.708637 -33.534624
 2.749750 1.650066 -33.146131
 2.751500 1.592180 -32.736166
 2.753250 1.535052 -32.293736
 2.755000 1.478746 -31.806271
 2.756750 1.423333 -31.256944
 2.758500 1.368963 -30.656861
 2.760250 1.315695 -29.989111
 2.762000 1.263647 -29.264042
 2.763750 1.212908 -28.490194
 2.765500 1.163571 -27.689849
 2.767250 1.115658 -26.873212
 2.769000 1.069172 -26.060911
 2.770750 1.024092 -25.271806
 2.772500 0.980366 -24.523099
 2.774250 0.937909 -23.824689
 2.776000 0.896632 -23.178749
 2.777750 0.856461 -22.580294
 2.779500 0.817303 -22.008216
 2.781250 0.779136 -21.449987
 2.783000 0.741950 -20.884163
 2.784750 0.705778 -20.291309
 2.786500 0.670681 -19.656911
 2.788250 0.636749 -18.974715
 2.790000 0.604072 -18.242907
 2.791750 0.572711 -17.457635
 2.793500 0.542757 -16.640215
 2.795250 0.514257 -15.806744
 2.797000 0.487217 -14.974342
 2.798750 0.461627 -14.168079
 2.800500 0.437418 -13.395779
 2.802250 0.414527 -12.678234
 2.804000 0.392848 -12.019514
 2.805750 0.372261 -11.417482
 2.807500 0.352680 -10.875115
 2.809250 0.334013 -10.387383
 2.811000 0.316158 -9.938416
 2.812750 0.299058 -9.520654
 2.814500 0.282676 -9.128707
 2.816250 0.266973 -8.750610
 2.818000 0.251918 -8.378808
 2.819750 0.237519 -8.015230
 2.821500 0.223751 -7.653633
 2.823250 0.210612 -7.299667
 2.825000 0.198089 -6.955456
 2.826750 0.186166 -6.624042
 2.828500 0.174811 -6.303445
 2.830250 0.164009 -5.997625
 2.832000 0.153732 -5.705193
 2.833750 0.143958 -5.423814
 2.835500 0.134668 -5.151601
 2.837250 0.125853 -4.887456
 2.839000 0.117498 -4.627408
 2.840750 0.109595 -4.369990
 2.842500 0.102139 -4.116413
 2.844250 0.095124 -3.869143
 2.846000 0.088536 -3.629112
 2.847750 0.082360 -3.399341
 2.849500 0.076579 -3.184514
 2.851250 0.071162 -2.984959
 2.853000 0.066079 -2.800269
 2.854750 0.061308 -2.631902
 2.856500 0.056820 -2.477206
 2.858250 0.052594 -2.334937
 2.860000 0.048610 -2.200776
 2.861750 0.044856 -2.073429
 2.863500 0.041322 -1.949320
 2.865250 0.038003 -1.827066
 2.867000 0.034897 -1.705816
 2.868750 0.032006 -1.587609
 2.870500 0.029318 -1.469760
 2.872250 0.026836 -1.355178
 2.874000 0.024553 -1.245055
 2.875750 0.022457 -1.138950
 2.877500 0.020543 -1.039081
 2.879250 0.018798 -0.946057
 2.881000 0.017213 -0.861408
 2.882750 0.015768 -0.783738
 2.884500 0.014452 -0.714511
 2.886250 0.013249 -0.653686
 2.888000 0.012147 -0.601115
 2.889750 0.011130 -0.556719
 2.891500 0.010184 -0.518314
 2.893250 0.009303 -0.486839
 2.895000 0.008472 -0.458538
 2.896750 0.007687 -0.433033
 2.898500 0.006945 -0.409447
 2.900250 0.006246 -0.386723
 2.902000 0.005588 -0.363208
 2.903750 0.004971 -0.338506
 2.905500 0.004398 -0.312361
 2.907250 0.003873 -0.285970
 2.909000 0.003394 -0.258952
 2.910750 0.002962 -0.232329
 2.912500 0.002576 -0.206736
 2.914250 0.002234 -0.182774
 2.916000 0.001932 -0.160665
 2.917750 0.001667 -0.141202
 2.919500 0.001435 -0.124222
 2.921250 0.001230 -0.109447
 2.923000 0.001048 -0.096467
 2.924750 0.000888 -0.085523
 2.926500 0.000746 -0.075951
 2.928250 0.000621 -0.067426
 2.930000 0.000509 -0.059206
 2.931750 0.000411 -0.051164
 2.933500 0.000327 -0.044067
 2.935250 0.000256 -0.037158
 2.937000 0.000196 -0.030805
 2.938750 0.000147 -0.025011
 2.940500 0.000108 -0.019592
 2.942250 0.000077 -0.015028
 2.944000 0.000054 -0.011279
 2.945750 0.000037 -0.008213
 2.947500 0.000024 -0.005777
 2.949250 0.000016 -0.004005
 2.951000 0.000010 -0.002636
 2.952750 0.000006 -0.001726
 2.954500 0.000004 -0.001095
 2.956250 0.000002 -0.000540
 2.958000 0.000001 -0.000330
 2.959750 0.000001 -0.000195
 2.961500 0.000000 -0.000111
 2.963250 0.000000 0.000000
 2.965000 0.000000 0.000000
 2.966750 0.000000 0.000000
 2.968500 0.000000 0.000000
 2.970250 0.000000 0.000000
 2.972000 0.000000 0.000000
 2.973750 0.000000 0.000000
 2.975500 0.000000 0.000000
 2.977250 0.000000 0.000000
 2.979000 0.000000 0.000000
 2.980750 0.000000 0.000000
 2.982500 0.000000 0.000000
 2.984250 0.000000 0.000000
 2.986000 0.000000 0.000000
 2.987750 0.000000 0.000000
 2.989500 0.000000 0.000000
 2.991250 0.000000 0.000000
 2.993000 0.000000 0.000000
 2.994750 0.000000 0.000000
 2.996500 0.000000 0.000000
 2.998250 0.000000 0.000000
 3.000000 0.000000 0.000000
