#! FIELDS refcv hh dhh_refcv
#! SET normalisation  101.000000
#! SET min_refcv -0.5
#! SET max_refcv 3
#! SET nbins_refcv  2000
#! SET periodic_refcv false
 -0.500000 0.000000 0.000000
 -0.498250 0.000000 0.000000
 -0.496500 0.000000 0.000000
 -0.494750 0.000000 0.000000
 -0.493000 0.000000 0.000000
 -0.491250 0.000000 0.000000
 -0.489500 0.000000 0.000000
 -0.487750 0.000000 0.000000
 -0.486000 0.000000 0.000000
 -0.484250 0.000000 0.000000
 -0.482500 0.000000 0.000000
 -0.480750 0.000000 0.000000
 -0.479000 0.000000 0.000000
 -0.477250 0.000000 0.000000
 -0.475500 0.000000 0.000000
 -0.473750 0.000000 0.000000
 -0.472000 0.000000 0.000000
 -0.470250 0.000000 0.000000
 -0.468500 0.000000 0.000000
 -0.466750 0.000000 0.000000
 -0.465000 0.000000 0.000000
 -0.463250 0.000000 0.000000
 -0.461500 0.000000 0.000000
 -0.459750 0.000000 0.000000
 -0.458000 0.000000 0.000000
 -0.456250 0.000000 0.000000
 -0.454500 0.000000 0.000000
 -0.452750 0.000000 0.000000
 -0.451000 0.000000 0.000000
 -0.449250 0.000000 0.000000
 -0.447500 0.000000 0.000000
 -0.445750 0.000000 0.000000
 -0.444000 0.000000 0.000000
 -0.442250 0.000000 0.000000
 -0.440500 0.000000 0.000000
 -0.438750 0.000000 0.000000
 -0.437000 0.000000 0.000000
 -0.435250 0.000000 0.000000
 -0.433500 0.000000 0.000000
 -0.431750 0.000000 0.000000
 -0.430000 0.000000 0.000000
 -0.428250 0.000000 0.000000
 -0.426500 0.000000 0.000000
 -0.424750 0.000000 0.000000
 -0.423000 0.000000 0.000000
 -0.421250 0.000000 0.000000
 -0.419500 0.000000 0.000000
 -0.417750 0.000000 0.000000
 -0.416000 0.000000 0.000000
 -0.414250 0.000000 0.000000
 -0.412500 0.000000 0.000000
 -0.410750 0.000000 0.000000
 -0.409000 0.000000 0.000000
 -0.407250 0.000000 0.000000
 -0.405500 0.000000 0.000000
 -0.403750 0.000000 0.000000
 -0.402000 0.000000 0.000000
 -0.400250 0.000000 0.000000
 -0.398500 0.000000 0.000000
 -0.396750 0.000000 0.000000
 -0.395000 0.000000 0.000000
 -0.393250 0.000000 0.000000
 -0.391500 0.000000 0.000000
 -0.389750 0.000000 0.000000
 -0.388000 0.000000 0.000000
 -0.386250 0.000000 0.000000
 -0.384500 0.000000 0.000000
 -0.382750 0.000000 0.000000
 -0.381000 0.000000 0.000000
 -0.379250 0.000000 0.000000
 -0.377500 0.000000 0.000000
 -0.375750 0.000000 0.000000
 -0.374000 0.000000 0.000000
 -0.372250 0.000000 0.000000
 -0.370500 0.000000 0.000000
 -0.368750 0.000000 0.000000
 -0.367000 0.000000 0.000000
 -0.365250 0.000000 0.000000
 -0.363500 0.000000 0.000000
 -0.361750 0.000000 0.000000
 -0.360000 0.000000 0.000000
 -0.358250 0.000000 0.000000
 -0.356500 0.000000 0.000000
 -0.354750 0.000000 0.000000
 -0.353000 0.000000 0.000000
 -0.351250 0.000000 0.000000
 -0.349500 0.000000 0.000000
 -0.347750 0.000000 0.000000
 -0.346000 0.000000 0.000000
 -0.344250 0.000000 0.000000
 -0.342500 0.000000 0.000000
 -0.340750 0.000000 0.000000
 -0.339000 0.000000 0.000000
 -0.337250 0.000000 0.000000
 -0.335500 0.000000 0.000000
 -0.333750 0.000000 0.000000
 -0.332000 0.000000 0.000000
 -0.330250 0.000000 0.000000
 -0.328500 0.000000 0.000000
 -0.326750 0.000000 0.000000
 -0.325000 0.000000 0.000000
 -0.323250 0.000000 0.000000
 -0.321500 0.000000 0.000000
 -0.319750 0.000000 0.000000
 -0.318000 0.000000 0.000000
 -0.316250 0.000000 0.000000
 -0.314500 0.000000 0.000000
 -0.312750 0.000000 0.000000
 -0.311000 0.000000 0.000000
 -0.309250 0.000000 0.000000
 -0.307500 0.000000 0.000000
 -0.305750 0.000000 0.000000
 -0.304000 0.000000 0.000000
 -0.302250 0.000000 0.000000
 -0.300500 0.000000 0.000000
 -0.298750 0.000000 0.000000
 -0.297000 0.000000 0.000000
 -0.295250 0.000000 0.000000
 -0.293500 0.000000 0.000000
 -0.291750 0.000000 0.000000
 -0.290000 0.000000 0.000000
 -0.288250 0.000000 0.000000
 -0.286500 0.000000 0.000000
 -0.284750 0.000000 0.000000
 -0.283000 0.000000 0.000000
 -0.281250 0.000000 0.000000
 -0.279500 0.000000 0.000000
 -0.277750 0.000000 0.000000
 -0.276000 0.000000 0.000000
 -0.274250 0.000000 0.000000
 -0.272500 0.000000 0.000000
 -0.270750 0.000000 0.000000
 -0.269000 0.000000 0.000000
 -0.267250 0.000000 0.000000
 -0.265500 0.000000 0.000000
 -0.263750 0.000000 0.000000
 -0.262000 0.000000 0.000000
 -0.260250 0.000000 0.000000
 -0.258500 0.000000 0.000000
 -0.256750 0.000000 0.000000
 -0.255000 0.000000 0.000000
 -0.253250 0.000000 0.000000
 -0.251500 0.000000 0.000000
 -0.249750 0.000000 0.000000
 -0.248000 0.000000 0.000000
 -0.246250 0.000000 0.000000
 -0.244500 0.000000 0.000000
 -0.242750 0.000000 0.000000
 -0.241000 0.000000 0.000000
 -0.239250 0.000000 0.000000
 -0.237500 0.000000 0.000000
 -0.235750 0.000000 0.000000
 -0.234000 0.000000 0.000000
 -0.232250 0.000000 0.000000
 -0.230500 0.000000 0.000000
 -0.228750 0.000000 0.000000
 -0.227000 0.000000 0.000000
 -0.225250 0.000000 0.000000
 -0.223500 0.000000 0.000000
 -0.221750 0.000000 0.000000
 -0.220000 0.000000 0.000000
 -0.218250 0.000000 0.000000
 -0.216500 0.000000 0.000000
 -0.214750 0.000000 0.000000
 -0.213000 0.000000 0.000000
 -0.211250 0.000000 0.000000
 -0.209500 0.000000 0.000000
 -0.207750 0.000000 0.000000
 -0.206000 0.000000 0.000000
 -0.204250 0.000000 0.000000
 -0.202500 0.000000 0.000000
 -0.200750 0.000000 0.000000
 -0.199000 0.000000 0.000000
 -0.197250 0.000000 0.000000
 -0.195500 0.000000 0.000000
 -0.193750 0.000000 0.000000
 -0.192000 0.000000 0.000000
 -0.190250 0.000000 0.000000
 -0.188500 0.000000 0.000000
 -0.186750 0.000000 0.000000
 -0.185000 0.000000 0.000000
 -0.183250 0.000000 0.000000
 -0.181500 0.000000 0.000000
 -0.179750 0.000000 0.000000
 -0.178000 0.000000 0.000000
 -0.176250 0.000000 0.000000
 -0.174500 0.000000 0.000000
 -0.172750 0.000000 0.000000
 -0.171000 0.000000 0.000000
 -0.169250 0.000000 0.000000
 -0.167500 0.000000 0.000000
 -0.165750 0.000000 0.000000
 -0.164000 0.000000 0.000000
 -0.162250 0.000000 0.000000
 -0.160500 0.000000 0.000000
 -0.158750 0.000000 0.000000
 -0.157000 0.000000 0.000000
 -0.155250 0.000000 0.000000
 -0.153500 0.000000 0.000000
 -0.151750 0.000000 0.000000
 -0.150000 0.000000 0.000000
 -0.148250 0.000000 0.000000
 -0.146500 0.000000 0.000000
 -0.144750 0.000000 0.000000
 -0.143000 0.000000 0.000000
 -0.141250 0.000000 0.000000
 -0.139500 0.000000 0.000000
 -0.137750 0.000000 0.000000
 -0.136000 0.000000 0.000000
 -0.134250 0.000000 0.000000
 -0.132500 0.000000 0.000000
 -0.130750 0.000000 0.000000
 -0.129000 0.000000 0.000000
 -0.127250 0.000000 0.000000
 -0.125500 0.000000 0.000000
 -0.123750 0.000000 0.000000
 -0.122000 0.000000 0.000000
 -0.120250 0.000000 0.000000
 -0.118500 0.000000 0.000000
 -0.116750 0.000000 0.000000
 -0.115000 0.000000 0.000000
 -0.113250 0.000000 0.000000
 -0.111500 0.000000 0.000000
 -0.109750 0.000000 0.000000
 -0.108000 0.000000 0.000000
 -0.106250 0.000000 0.000000
 -0.104500 0.000000 0.000000
 -0.102750 0.000000 0.000000
 -0.101000 0.000000 0.000000
 -0.099250 0.000000 0.000000
 -0.097500 0.000000 0.000000
 -0.095750 0.000000 0.000000
 -0.094000 0.000000 0.000000
 -0.092250 0.000000 0.000000
 -0.090500 0.000000 0.000000
 -0.088750 0.000000 0.000000
 -0.087000 0.000000 0.000000
 -0.085250 0.000000 0.000000
 -0.083500 0.000000 0.000000
 -0.081750 0.000000 0.000000
 -0.080000 0.000000 0.000000
 -0.078250 0.000000 0.000000
 -0.076500 0.000000 0.000000
 -0.074750 0.000000 0.000000
 -0.073000 0.000000 0.000000
 -0.071250 0.000000 0.000000
 -0.069500 0.000000 0.000000
 -0.067750 0.000000 0.000000
 -0.066000 0.000000 0.000000
 -0.064250 0.000000 0.000000
 -0.062500 0.000000 0.000000
 -0.060750 0.000000 0.000000
 -0.059000 0.000000 0.000000
 -0.057250 0.000000 0.000000
 -0.055500 0.000000 0.000000
 -0.053750 0.000000 0.000000
 -0.052000 0.000000 0.000000
 -0.050250 0.000000 0.000000
 -0.048500 0.000000 0.000000
 -0.046750 0.000000 0.000000
 -0.045000 0.000000 0.000000
 -0.043250 0.000000 0.000000
 -0.041500 0.000000 0.000000
 -0.039750 0.000000 0.000000
 -0.038000 0.000000 0.000000
 -0.036250 0.000000 0.000000
 -0.034500 0.000000 0.000000
 -0.032750 0.000000 0.000000
 -0.031000 0.000000 0.000000
 -0.029250 0.000000 0.000000
 -0.027500 0.000000 0.000000
 -0.025750 0.000000 0.000000
 -0.024000 0.000000 0.000000
 -0.022250 0.000000 0.000000
 -0.020500 0.000000 0.000000
 -0.018750 0.000000 0.000000
 -0.017000 0.000000 0.000000
 -0.015250 0.000000 0.000000
 -0.013500 0.000000 0.000000
 -0.011750 0.000000 0.000000
 -0.010000 0.000000 0.000000
 -0.008250 0.000000 0.000000
 -0.006500 0.000000 0.000000
 -0.004750 0.000000 0.000000
 -0.003000 0.000000 0.000000
 -0.001250 0.000000 0.000000
 0.000500 0.000000 0.000000
 0.002250 0.000000 0.000000
 0.004000 0.000000 0.000000
 0.005750 0.000000 0.000000
 0.007500 0.000000 0.000000
 0.009250 0.000000 0.000000
 0.011000 0.000000 0.000000
 0.012750 0.000000 0.000000
 0.014500 0.000000 0.000000
 0.016250 0.000000 0.000000
 0.018000 0.000000 0.000000
 0.019750 0.000000 0.000000
 0.021500 0.000000 0.000000
 0.023250 0.000000 0.000000
 0.025000 0.000000 0.000000
 0.026750 0.000000 0.000000
 0.028500 0.000000 0.000000
 0.030250 0.000000 0.000000
 0.032000 0.000000 0.000000
 0.033750 0.000000 0.000000
 0.035500 0.000000 0.000000
 0.037250 0.000000 0.000000
 0.039000 0.000000 0.000000
 0.040750 0.000000 0.000000
 0.042500 0.000000 0.000000
 0.044250 0.000000 0.000000
 0.046000 0.000000 0.000000
 0.047750 0.000000 0.000000
 0.049500 0.000000 0.000000
 0.051250 0.000000 0.000000
 0.053000 0.000000 0.000000
 0.054750 0.000000 0.000000
 0.056500 0.000000 0.000000
 0.058250 0.000000 0.000000
 0.060000 0.000000 0.000000
 0.061750 0.000000 0.000000
 0.063500 0.000000 0.000000
 0.065250 0.000000 0.000000
 0.067000 0.000000 0.000000
 0.068750 0.000000 0.000000
 0.070500 0.000000 0.000000
 0.072250 0.000000 0.000000
 0.074000 0.000000 0.000000
 0.075750 0.000000 0.000000
 0.077500 0.000000 0.000000
 0.079250 0.000000 0.000000
 0.081000 0.000000 0.000000
 0.082750 0.000000 0.000000
 0.084500 0.000000 0.000000
 0.086250 0.000000 0.000000
 0.088000 0.000000 0.000000
 0.089750 0.000000 0.000000
 0.091500 0.000000 0.000000
 0.093250 0.000000 0.000000
 0.095000 0.000000 0.000000
 0.096750 0.000000 0.000000
 0.098500 0.000000 0.000000
 0.100250 0.000000 0.000000
 0.102000 0.000000 0.000000
 0.103750 0.000000 0.000000
 0.105500 0.000000 0.000000
 0.107250 0.000000 0.000000
 0.109000 0.000000 0.000000
 0.110750 0.000000 0.000000
 0.112500 0.000000 0.000000
 0.114250 0.000000 0.000000
 0.116000 0.000000 0.000000
 0.117750 0.000000 0.000000
 0.119500 0.000000 0.000000
 0.121250 0.000000 0.000000
 0.123000 0.000000 0.000000
 0.124750 0.000000 0.000000
 0.126500 0.000000 0.000000
 0.128250 0.000000 0.000000
 0.130000 0.000000 0.000000
 0.131750 0.000000 0.000000
 0.133500 0.000000 0.000000
 0.135250 0.000000 0.000000
 0.137000 0.000000 0.000000
 0.138750 0.000000 0.000000
 0.140500 0.000000 0.000000
 0.142250 0.000000 0.000000
 0.144000 0.000000 0.000000
 0.145750 0.000000 0.000000
 0.147500 0.000000 0.000000
 0.149250 0.000000 0.000000
 0.151000 0.000000 0.000000
 0.152750 0.000000 0.000000
 0.154500 0.000000 0.000000
 0.156250 0.000000 0.000000
 0.158000 0.000000 0.000000
 0.159750 0.000000 0.000000
 0.161500 0.000000 0.000000
 0.163250 0.000000 0.000000
 0.165000 0.000000 0.000000
 0.166750 0.000000 0.000000
 0.168500 0.000000 0.000000
 0.170250 0.000000 0.000000
 0.172000 0.000000 0.000000
 0.173750 0.000000 0.000000
 0.175500 0.000000 0.000000
 0.177250 0.000000 0.000000
 0.179000 0.000000 0.000000
 0.180750 0.000000 0.000000
 0.182500 0.000000 0.000000
 0.184250 0.000000 0.000000
 0.186000 0.000000 0.000000
 0.187750 0.000000 0.000000
 0.189500 0.000000 0.000000
 0.191250 0.000000 0.000000
 0.193000 0.000000 0.000000
 0.194750 0.000000 0.000000
 0.196500 0.000000 0.000000
 0.198250 0.000000 0.000000
 0.200000 0.000000 0.000000
 0.201750 0.000000 0.000000
 0.203500 0.000000 0.000000
 0.205250 0.000000 0.000000
 0.207000 0.000000 0.000000
 0.208750 0.000000 0.000000
 0.210500 0.000000 0.000000
 0.212250 0.000000 0.000000
 0.214000 0.000000 0.000000
 0.215750 0.000000 0.000000
 0.217500 0.000000 0.000000
 0.219250 0.000000 0.000000
 0.221000 0.000000 0.000000
 0.222750 0.000000 0.000000
 0.224500 0.000000 0.000000
 0.226250 0.000000 0.000000
 0.228000 0.000000 0.000000
 0.229750 0.000000 0.000000
 0.231500 0.000000 0.000000
 0.233250 0.000000 0.000000
 0.235000 0.000000 0.000000
 0.236750 0.000000 0.000000
 0.238500 0.000000 0.000000
 0.240250 0.000000 0.000000
 0.242000 0.000000 0.000000
 0.243750 0.000000 0.000000
 0.245500 0.000000 0.000000
 0.247250 0.000000 0.000000
 0.249000 0.000000 0.000000
 0.250750 0.000000 0.000000
 0.252500 0.000000 0.000000
 0.254250 0.000000 0.000000
 0.256000 0.000000 0.000000
 0.257750 0.000000 0.000000
 0.259500 0.000000 0.000000
 0.261250 0.000000 0.000000
 0.263000 0.000000 0.000000
 0.264750 0.000000 0.000000
 0.266500 0.000000 0.000000
 0.268250 0.000000 0.000000
 0.270000 0.000000 0.000000
 0.271750 0.000000 0.000000
 0.273500 0.000000 0.000000
 0.275250 0.000000 0.000000
 0.277000 0.000000 0.000000
 0.278750 0.000000 0.000000
 0.280500 0.000000 0.000000
 0.282250 0.000000 0.000000
 0.284000 0.000000 0.000000
 0.285750 0.000000 0.000000
 0.287500 0.000000 0.000000
 0.289250 0.000000 0.000000
 0.291000 0.000000 0.000000
 0.292750 0.000000 0.000000
 0.294500 0.000000 0.000000
 0.296250 0.000000 0.000000
 0.298000 0.000000 0.000000
 0.299750 0.000000 0.000000
 0.301500 0.000000 0.000000
 0.303250 0.000000 0.000000
 0.305000 0.000000 0.000000
 0.306750 0.000000 0.000000
 0.308500 0.000000 0.000000
 0.310250 0.000000 0.000000
 0.312000 0.000000 0.000000
 0.313750 0.000000 0.000000
 0.315500 0.000000 0.000000
 0.317250 0.000000 0.000000
 0.319000 0.000000 0.000000
 0.320750 0.000000 0.000000
 0.322500 0.000000 0.000000
 0.324250 0.000000 0.000000
 0.326000 0.000000 0.000000
 0.327750 0.000000 0.000000
 0.329500 0.000000 0.000000
 0.331250 0.000000 0.000000
 0.333000 0.000000 0.000000
 0.334750 0.000000 0.000000
 0.336500 0.000000 0.000000
 0.338250 0.000000 0.000000
 0.340000 0.000000 0.000000
 0.341750 0.000000 0.000000
 0.343500 0.000000 0.000000
 0.345250 0.000000 0.000000
 0.347000 0.000000 0.000000
 0.348750 0.000000 0.000000
 0.350500 0.000000 0.000000
 0.352250 0.000000 0.000000
 0.354000 0.000000 0.000000
 0.355750 0.000000 0.000000
 0.357500 0.000000 0.000000
 0.359250 0.000000 0.000000
 0.361000 0.000000 0.000000
 0.362750 0.000000 0.000000
 0.364500 0.000000 0.000000
 0.366250 0.000000 0.000000
 0.368000 0.000000 0.000000
 0.369750 0.000000 0.000000
 0.371500 0.000000 0.000000
 0.373250 0.000000 0.000000
 0.375000 0.000000 0.000000
 0.376750 0.000000 0.000000
 0.378500 0.000000 0.000000
 0.380250 0.000000 0.000000
 0.382000 0.000000 0.000000
 0.383750 0.000000 0.000000
 0.385500 0.000000 0.000000
 0.387250 0.000000 0.000000
 0.389000 0.000000 0.000000
 0.390750 0.000000 0.000000
 0.392500 0.000000 0.000000
 0.394250 0.000000 0.000000
 0.396000 0.000000 0.000000
 0.397750 0.000000 0.000000
 0.399500 0.000000 0.000000
 0.401250 0.000000 0.000000
 0.403000 0.000000 0.000000
 0.404750 0.000000 0.000000
 0.406500 0.000000 0.000000
 0.408250 0.000000 0.000000
 0.410000 0.000000 0.000000
 0.411750 0.000000 0.000000
 0.413500 0.000000 0.000000
 0.415250 0.000000 0.000000
 0.417000 0.000000 0.000000
 0.418750 0.000000 0.000000
 0.420500 0.000000 0.000000
 0.422250 0.000000 0.000000
 0.424000 0.000000 0.000000
 0.425750 0.000000 0.000000
 0.427500 0.000000 0.000000
 0.429250 0.000000 0.000000
 0.431000 0.000000 0.000000
 0.432750 0.000000 0.000000
 0.434500 0.000000 0.000000
 0.436250 0.000000 0.000000
 0.438000 0.000000 0.000000
 0.439750 0.000000 0.000000
 0.441500 0.000000 0.000000
 0.443250 0.000000 0.000000
 0.445000 0.000000 0.000000
 0.446750 0.000000 0.000000
 0.448500 0.000000 0.000000
 0.450250 0.000000 0.000000
 0.452000 0.000000 0.000000
 0.453750 0.000000 0.000000
 0.455500 0.000000 0.000000
 0.457250 0.000000 0.000000
 0.459000 0.000000 0.000000
 0.460750 0.000000 0.000000
 0.462500 0.000000 0.000000
 0.464250 0.000000 0.000000
 0.466000 0.000000 0.000000
 0.467750 0.000000 0.000000
 0.469500 0.000000 0.000000
 0.471250 0.000000 0.000000
 0.473000 0.000000 0.000000
 0.474750 0.000000 0.000000
 0.476500 0.000000 0.000000
 0.478250 0.000000 0.000000
 0.480000 0.000000 0.000000
 0.481750 0.000000 0.000000
 0.483500 0.000000 0.000000
 0.485250 0.000000 0.000000
 0.487000 0.000000 0.000000
 0.488750 0.000000 0.000000
 0.490500 0.000000 0.000000
 0.492250 0.000000 0.000000
 0.494000 0.000000 0.000000
 0.495750 0.000000 0.000000
 0.497500 0.000000 0.000000
 0.499250 0.000000 0.000000
 0.501000 0.000000 0.000000
 0.502750 0.000000 0.000000
 0.504500 0.000000 0.000000
 0.506250 0.000000 0.000000
 0.508000 0.000000 0.000000
 0.509750 0.000000 0.000000
 0.511500 0.000000 0.000000
 0.513250 0.000000 0.000000
 0.515000 0.000000 0.000000
 0.516750 0.000000 0.000000
 0.518500 0.000000 0.000000
 0.520250 0.000000 0.000000
 0.522000 0.000000 0.000000
 0.523750 0.000000 0.000000
 0.525500 0.000000 0.000000
 0.527250 0.000000 0.000000
 0.529000 0.000000 0.000000
 0.530750 0.000000 0.000000
 0.532500 0.000000 0.000000
 0.534250 0.000000 0.000000
 0.536000 0.000000 0.000000
 0.537750 0.000000 0.000000
 0.539500 0.000000 0.000000
 0.541250 0.000000 0.000000
 0.543000 0.000000 0.000000
 0.544750 0.000000 0.000000
 0.546500 0.000000 0.000000
 0.548250 0.000000 0.000000
 0.550000 0.000000 0.000000
 0.551750 0.000000 0.000000
 0.553500 0.000000 0.000000
 0.555250 0.000000 0.000000
 0.557000 0.000000 0.000000
 0.558750 0.000000 0.000000
 0.560500 0.000000 0.000000
 0.562250 0.000000 0.000000
 0.564000 0.000000 0.000000
 0.565750 0.000000 0.000000
 0.567500 0.000000 0.000000
 0.569250 0.000000 0.000000
 0.571000 0.000000 0.000000
 0.572750 0.000000 0.000000
 0.574500 0.000000 0.000000
 0.576250 0.000000 0.000000
 0.578000 0.000000 0.000000
 0.579750 0.000000 0.000000
 0.581500 0.000000 0.000000
 0.583250 0.000000 0.000000
 0.585000 0.000000 0.000000
 0.586750 0.000000 0.000000
 0.588500 0.000000 0.000000
 0.590250 0.000000 0.000000
 0.592000 0.000000 0.000000
 0.593750 0.000000 0.000000
 0.595500 0.000000 0.000000
 0.597250 0.000000 0.000000
 0.599000 0.000000 0.000000
 0.600750 0.000000 0.000000
 0.602500 0.000000 0.000000
 0.604250 0.000000 0.000000
 0.606000 0.000000 0.000000
 0.607750 0.000000 0.000000
 0.609500 0.000000 0.000000
 0.611250 0.000000 0.000000
 0.613000 0.000000 0.000000
 0.614750 0.000000 0.000000
 0.616500 0.000000 0.000000
 0.618250 0.000000 0.000000
 0.620000 0.000000 0.000000
 0.621750 0.000000 0.000000
 0.623500 0.000000 0.000000
 0.625250 0.000000 0.000000
 0.627000 0.000000 0.000000
 0.628750 0.000000 0.000000
 0.630500 0.000000 0.000000
 0.632250 0.000000 0.000000
 0.634000 0.000000 0.000000
 0.635750 0.000000 0.000000
 0.637500 0.000000 0.000000
 0.639250 0.000000 0.000000
 0.641000 0.000000 0.000000
 0.642750 0.000000 0.000000
 0.644500 0.000000 0.000000
 0.646250 0.000000 0.000000
 0.648000 0.000000 0.000000
 0.649750 0.000000 0.000000
 0.651500 0.000000 0.000000
 0.653250 0.000000 0.000000
 0.655000 0.000000 0.000000
 0.656750 0.000000 0.000000
 0.658500 0.000000 0.000000
 0.660250 0.000000 0.000000
 0.662000 0.000000 0.000000
 0.663750 0.000000 0.000000
 0.665500 0.000000 0.000000
 0.667250 0.000000 0.000000
 0.669000 0.000000 0.000000
 0.670750 0.000000 0.000000
 0.672500 0.000000 0.000000
 0.674250 0.000000 0.000000
 0.676000 0.000000 0.000000
 0.677750 0.000000 0.000000
 0.679500 0.000000 0.000000
 0.681250 0.000000 0.000000
 0.683000 0.000000 0.000000
 0.684750 0.000000 0.000000
 0.686500 0.000000 0.000000
 0.688250 0.000000 0.000000
 0.690000 0.000000 0.000000
 0.691750 0.000000 0.000000
 0.693500 0.000000 0.000000
 0.695250 0.000000 0.000000
 0.697000 0.000000 0.000000
 0.698750 0.000000 0.000000
 0.700500 0.000000 0.000000
 0.702250 0.000000 0.000000
 0.704000 0.000000 0.000000
 0.705750 0.000000 0.000000
 0.707500 0.000000 0.000000
 0.709250 0.000000 0.000000
 0.711000 0.000000 0.000000
 0.712750 0.000000 0.000000
 0.714500 0.000000 0.000000
 0.716250 0.000000 0.000000
 0.718000 0.000000 0.000000
 0.719750 0.000000 0.000000
 0.721500 0.000000 0.000000
 0.723250 0.000000 0.000000
 0.725000 0.000000 0.000000
 0.726750 0.000000 0.000000
 0.728500 0.000000 0.000000
 0.730250 0.000000 0.000000
 0.732000 0.000000 0.000000
 0.733750 0.000000 0.000000
 0.735500 0.000000 0.000000
 0.737250 0.000000 0.000000
 0.739000 0.000000 0.000000
 0.740750 0.000000 0.000000
 0.742500 0.000000 0.000000
 0.744250 0.000000 0.000000
 0.746000 0.000000 0.000000
 0.747750 0.000000 0.000000
 0.749500 0.000000 0.000000
 0.751250 0.000000 0.000000
 0.753000 0.000000 0.000000
 0.754750 0.000000 0.000000
 0.756500 0.000000 0.000000
 0.758250 0.000000 0.000000
 0.760000 0.000000 0.000000
 0.761750 0.000000 0.000000
 0.763500 0.000000 0.000000
 0.765250 0.000000 0.000000
 0.767000 0.000000 0.000000
 0.768750 0.000000 0.000000
 0.770500 0.000000 0.000000
 0.772250 0.000000 0.000000
 0.774000 0.000000 0.000000
 0.775750 0.000000 0.000000
 0.777500 0.000000 0.000000
 0.779250 0.000000 0.000000
 0.781000 0.000000 0.000000
 0.782750 0.000000 0.000000
 0.784500 0.000000 0.000000
 0.786250 0.000000 0.000000
 0.788000 0.000000 0.000000
 0.789750 0.000000 0.000000
 0.791500 0.000000 0.000000
 0.793250 0.000000 0.000000
 0.795000 0.000000 0.000000
 0.796750 0.000000 0.000000
 0.798500 0.000000 0.000000
 0.800250 0.000000 0.000000
 0.802000 0.000000 0.000000
 0.803750 0.000000 0.000000
 0.805500 0.000000 0.000000
 0.807250 0.000000 0.000000
 0.809000 0.000000 0.000000
 0.810750 0.000000 0.000000
 0.812500 0.000000 0.000000
 0.814250 0.000000 0.000000
 0.816000 0.000000 0.000000
 0.817750 0.000000 0.000000
 0.819500 0.000000 0.000000
 0.821250 0.000000 0.000000
 0.823000 0.000000 0.000000
 0.824750 0.000000 0.000000
 0.826500 0.000000 0.000000
 0.828250 0.000000 0.000000
 0.830000 0.000000 0.000000
 0.831750 0.000000 0.000000
 0.833500 0.000000 0.000000
 0.835250 0.000000 0.000000
 0.837000 0.000000 0.000000
 0.838750 0.000000 0.000000
 0.840500 0.000000 0.000000
 0.842250 0.000000 0.000000
 0.844000 0.000000 0.000000
 0.845750 0.000000 0.000000
 0.847500 0.000000 0.000000
 0.849250 0.000000 0.000000
 0.851000 0.000000 0.000000
 0.852750 0.000001 0.000380
 0.854500 0.000002 0.000680
 0.856250 0.000004 0.001176
 0.858000 0.000006 0.001966
 0.859750 0.000011 0.003179
 0.861500 0.000018 0.004968
 0.863250 0.000028 0.007501
 0.865000 0.000044 0.010934
 0.866750 0.000067 0.015380
 0.868500 0.000099 0.020859
 0.870250 0.000141 0.027246
 0.872000 0.000195 0.034234
 0.873750 0.000261 0.041304
 0.875500 0.000339 0.047741
 0.877250 0.000428 0.052999
 0.879000 0.000523 0.055823
 0.880750 0.000621 0.055658
 0.882500 0.000717 0.052300
 0.884250 0.000803 0.045703
 0.886000 0.000875 0.036242
 0.887750 0.000929 0.025146
 0.889500 0.000963 0.013949
 0.891250 0.000979 0.004434
 0.893000 0.000981 -0.001629
 0.894750 0.000976 -0.002760
 0.896500 0.000975 0.001973
 0.898250 0.000988 0.013067
 0.900000 0.001024 0.029506
 0.901750 0.001093 0.050047
 0.903500 0.001200 0.072606
 0.905250 0.001347 0.094660
 0.907000 0.001530 0.113539
 0.908750 0.001741 0.126764
 0.910500 0.001969 0.132370
 0.912250 0.002200 0.129539
 0.914000 0.002418 0.117645
 0.915750 0.002607 0.097758
 0.917500 0.002756 0.071692
 0.919250 0.002856 0.041945
 0.921000 0.002903 0.011347
 0.922750 0.002897 -0.017348
 0.924500 0.002845 -0.041453
 0.926250 0.002757 -0.059613
 0.928000 0.002642 -0.070294
 0.929750 0.002515 -0.074448
 0.931500 0.002388 -0.071203
 0.933250 0.002271 -0.062505
 0.935000 0.002173 -0.048633
 0.936750 0.002104 -0.029848
 0.938500 0.002075 -0.005582
 0.940250 0.002090 0.023244
 0.942000 0.002164 0.058952
 0.943750 0.002304 0.101266
 0.945500 0.002523 0.151086
 0.947250 0.002838 0.209454
 0.949000 0.003265 0.277210
 0.950750 0.003817 0.352685
 0.952500 0.004506 0.434538
 0.954250 0.005341 0.519296
 0.956000 0.006326 0.604144
 0.957750 0.007455 0.685738
 0.959500 0.008724 0.760755
 0.961250 0.010115 0.825370
 0.963000 0.011608 0.878094
 0.964750 0.013189 0.920325
 0.966500 0.014828 0.949809
 0.968250 0.016511 0.969039
 0.970000 0.018219 0.979504
 0.971750 0.019941 0.984343
 0.973500 0.021672 0.987091
 0.975250 0.023406 0.988115
 0.977000 0.025140 0.989678
 0.978750 0.026878 0.994147
 0.980500 0.028631 1.004894
 0.982250 0.030409 1.024493
 0.984000 0.032230 1.055379
 0.985750 0.034121 1.102732
 0.987500 0.036115 1.170795
 0.989250 0.038242 1.259816
 0.991000 0.040548 1.373764
 0.992750 0.043080 1.514029
 0.994500 0.045875 1.677137
 0.996250 0.048973 1.859537
 0.998000 0.052409 2.056354
 0.999750 0.056192 2.257911
 1.001500 0.060325 2.454956
 1.003250 0.064791 2.639406
 1.005000 0.069569 2.805643
 1.006750 0.074614 2.949828
 1.008500 0.079900 3.074446
 1.010250 0.085387 3.184481
 1.012000 0.091065 3.291845
 1.013750 0.096934 3.407553
 1.015500 0.103027 3.542021
 1.017250 0.109370 3.703643
 1.019000 0.116025 3.895408
 1.020750 0.123050 4.119068
 1.022500 0.130489 4.369256
 1.024250 0.138382 4.638585
 1.026000 0.146747 4.911745
 1.027750 0.155602 5.184216
 1.029500 0.164922 5.444353
 1.031250 0.174683 5.688792
 1.033000 0.184864 5.919942
 1.034750 0.195440 6.142841
 1.036500 0.206411 6.364501
 1.038250 0.217771 6.592928
 1.040000 0.229545 6.842426
 1.041750 0.241769 7.113800
 1.043500 0.254516 7.424906
 1.045250 0.267845 7.778647
 1.047000 0.281827 8.176845
 1.048750 0.296539 8.622316
 1.050500 0.312072 9.110820
 1.052250 0.328504 9.639740
 1.054000 0.345903 10.207536
 1.055750 0.364309 10.803294
 1.057500 0.383800 11.426957
 1.059250 0.404399 12.063129
 1.061000 0.426109 12.704404
 1.062750 0.448927 13.336144
 1.064500 0.472840 13.948934
 1.066250 0.497820 14.547442
 1.068000 0.523820 15.124314
 1.069750 0.550814 15.680860
 1.071500 0.578793 16.233314
 1.073250 0.607734 16.787762
 1.075000 0.637644 17.343967
 1.076750 0.668560 17.916715
 1.078500 0.700478 18.499913
 1.080250 0.733405 19.087540
 1.082000 0.767376 19.677966
 1.083750 0.802387 20.271432
 1.085500 0.838438 20.861340
 1.087250 0.875539 21.461823
 1.089000 0.913677 22.067700
 1.090750 0.952895 22.702558
 1.092500 0.993286 23.384088
 1.094250 1.034916 24.126521
 1.096000 1.077915 24.947470
 1.097750 1.122400 25.832750
 1.099500 1.168498 26.779259
 1.101250 1.216299 27.755551
 1.103000 1.265777 28.723005
 1.104750 1.316896 29.627269
 1.106500 1.369555 30.445200
 1.108250 1.423544 31.150524
 1.110000 1.478664 31.734709
 1.111750 1.534706 32.213249
 1.113500 1.591512 32.606656
 1.115250 1.648961 32.958298
 1.117000 1.707022 33.293178
 1.118750 1.765661 33.658342
 1.120500 1.825000 34.070441
 1.122250 1.885101 34.528609
 1.124000 1.946037 35.033566
 1.125750 2.007908 35.579317
 1.127500 2.070757 36.164262
 1.129250 2.134649 36.781998
 1.131000 2.199661 37.427450
 1.132750 2.265805 38.113360
 1.134500 2.333197 38.842167
 1.136250 2.401882 39.593669
 1.138000 2.471933 40.357491
 1.139750 2.543276 41.086274
 1.141500 2.615821 41.738953
 1.143250 2.689401 42.243566
 1.145000 2.763700 42.544757
 1.146750 2.838294 42.588835
 1.148500 2.912672 42.320667
 1.150250 2.986345 41.741274
 1.152000 3.058705 40.862570
 1.153750 3.129267 39.699487
 1.155500 3.197633 38.332758
 1.157250 3.263541 36.881296
 1.159000 3.326865 35.440348
 1.160750 3.387774 34.129384
 1.162500 3.446545 33.054267
 1.164250 3.503719 32.294251
 1.166000 3.559895 31.927858
 1.167750 3.615772 31.982850
 1.169500 3.672123 32.451342
 1.171250 3.729608 33.293795
 1.173000 3.788833 34.414954
 1.174750 3.850213 35.744263
 1.176500 3.913982 37.152045
 1.178250 3.980248 38.515086
 1.180000 4.048737 39.689190
 1.181750 4.119020 40.583293
 1.183500 4.190539 41.067011
 1.185250 4.262444 41.044758
 1.187000 4.333810 40.466085
 1.188750 4.403677 39.313684
 1.190500 4.471022 37.617831
 1.192250 4.534975 35.451910
 1.194000 4.594815 32.943171
 1.195750 4.650067 30.278463
 1.197500 4.700656 27.619026
 1.199250 4.746697 25.121240
 1.201000 4.788618 22.923689
 1.202750 4.826983 21.092093
 1.204500 4.862507 19.638108
 1.206250 4.895739 18.490208
 1.208000 4.927187 17.538569
 1.209750 4.957029 16.652698
 1.211500 4.985241 15.667228
 1.213250 5.011514 14.473924
 1.215000 5.035505 12.993907
 1.216750 5.056614 11.224519
 1.218500 5.074392 9.209323
 1.220250 5.088497 7.046256
 1.222000 5.098777 4.857511
 1.223750 5.105306 2.757605
 1.225500 5.108266 0.875590
 1.227250 5.108146 -0.745316
 1.229000 5.105496 -2.076114
 1.230750 5.100731 -3.130556
 1.232500 5.094282 -3.942753
 1.234250 5.086567 -4.618060
 1.236000 5.077749 -5.213248
 1.237750 5.067873 -5.818712
 1.239500 5.056925 -6.464645
 1.241250 5.044791 -7.184147
 1.243000 5.031324 -7.999906
 1.244750 5.016319 -8.884460
 1.246500 4.999736 -9.830521
 1.248250 4.981479 -10.822673
 1.250000 4.961420 -11.831493
 1.251750 4.939561 -12.874758
 1.253500 4.915838 -13.916216
 1.255250 4.890270 -15.022871
 1.257000 4.862730 -16.159078
 1.258750 4.833143 -17.325946
 1.260500 4.801521 -18.537430
 1.262250 4.767735 -19.761779
 1.264000 4.731803 -20.973584
 1.265750 4.693757 -22.182486
 1.267500 4.653606 -23.382461
 1.269250 4.611410 -24.568652
 1.271000 4.567119 -25.738963
 1.272750 4.520743 -26.922849
 1.274500 4.472290 -28.138529
 1.276250 4.421670 -29.389512
 1.278000 4.368800 -30.700495
 1.279750 4.313603 -32.011238
 1.281500 4.256126 -33.330607
 1.283250 4.196369 -34.593551
 1.285000 4.134495 -35.767331
 1.286750 4.070660 -36.827363
 1.288500 4.005105 -37.759742
 1.290250 3.938004 -38.547600
 1.292000 3.869625 -39.233118
 1.293750 3.800126 -39.846467
 1.295500 3.729566 -40.429953
 1.297250 3.657993 -41.003959
 1.299000 3.585424 -41.593981
 1.300750 3.511811 -42.182634
 1.302500 3.437202 -42.731399
 1.304250 3.361694 -43.165188
 1.306000 3.285585 -43.441694
 1.307750 3.209182 -43.473656
 1.309500 3.132994 -43.222504
 1.311250 3.057493 -42.659596
 1.313000 2.983247 -41.850386
 1.314750 2.910594 -40.823271
 1.316500 2.839800 -39.712486
 1.318250 2.770961 -38.646656
 1.320000 2.703876 -37.723222
 1.321750 2.638215 -37.024875
 1.323500 2.573538 -36.602343
 1.325250 2.509367 -36.458400
 1.327000 2.445269 -36.539492
 1.328750 2.380882 -36.726475
 1.330500 2.316139 -36.958465
 1.332250 2.251058 -37.111306
 1.334000 2.185838 -37.108250
 1.335750 2.120786 -36.898953
 1.337500 2.056303 -36.488792
 1.339250 1.992696 -35.888067
 1.341000 1.930253 -35.171715
 1.342750 1.869139 -34.400173
 1.344500 1.809368 -33.636101
 1.346250 1.750886 -32.944329
 1.348000 1.693547 -32.361075
 1.349750 1.637131 -31.875032
 1.351500 1.581480 -31.477110
 1.353250 1.526516 -31.145892
 1.355000 1.472119 -30.794873
 1.356750 1.418393 -30.399816
 1.358500 1.365412 -29.915370
 1.360250 1.313355 -29.324875
 1.362000 1.262425 -28.644620
 1.363750 1.212757 -27.893499
 1.365500 1.164451 -27.101890
 1.367250 1.117534 -26.309092
 1.369000 1.071999 -25.544746
 1.370750 1.027776 -24.823734
 1.372500 0.984784 -24.134196
 1.374250 0.942977 -23.464028
 1.376000 0.902360 -22.786841
 1.377750 0.862956 -22.065909
 1.379500 0.824871 -21.279096
 1.381250 0.788247 -20.417085
 1.383000 0.753216 -19.480839
 1.384750 0.719864 -18.489259
 1.386500 0.688262 -17.478319
 1.388250 0.658424 -16.493454
 1.390000 0.630236 -15.565763
 1.391750 0.603614 -14.751421
 1.393500 0.578321 -14.058241
 1.395250 0.554137 -13.486720
 1.397000 0.530848 -13.024338
 1.398750 0.508291 -12.652338
 1.400500 0.486343 -12.342322
 1.402250 0.464919 -12.049895
 1.404000 0.444017 -11.738766
 1.405750 0.423689 -11.404787
 1.407500 0.403974 -11.022064
 1.409250 0.384969 -10.601826
 1.411000 0.366735 -10.150768
 1.412750 0.349300 -9.687984
 1.414500 0.332673 -9.227300
 1.416250 0.316856 -8.795334
 1.418000 0.301764 -8.389823
 1.419750 0.287355 -8.017789
 1.421500 0.273573 -7.682297
 1.423250 0.260351 -7.371939
 1.425000 0.247655 -7.081952
 1.426750 0.235461 -6.805952
 1.428500 0.223747 -6.537097
 1.430250 0.212494 -6.265262
 1.432000 0.201713 -5.999433
 1.433750 0.191401 -5.742507
 1.435500 0.181528 -5.493674
 1.437250 0.172085 -5.260174
 1.439000 0.163036 -5.044558
 1.440750 0.154344 -4.846846
 1.442500 0.145988 -4.674899
 1.444250 0.137918 -4.519527
 1.446000 0.130109 -4.372864
 1.447750 0.122551 -4.229891
 1.449500 0.115253 -4.083286
 1.451250 0.108222 -3.920157
 1.453000 0.101495 -3.735163
 1.454750 0.095116 -3.524110
 1.456500 0.089131 -3.284336
 1.458250 0.083582 -3.019242
 1.460000 0.078521 -2.743075
 1.461750 0.073952 -2.465220
 1.463500 0.069855 -2.198378
 1.465250 0.066198 -1.963823
 1.467000 0.062914 -1.780270
 1.468750 0.059902 -1.658013
 1.470500 0.057042 -1.600411
 1.472250 0.054228 -1.608441
 1.474000 0.051353 -1.669868
 1.475750 0.048343 -1.767137
 1.477500 0.045149 -1.874291
 1.479250 0.041766 -1.962452
 1.481000 0.038264 -2.021968
 1.482750 0.034701 -2.029730
 1.484500 0.031174 -1.978487
 1.486250 0.027787 -1.869223
 1.488000 0.024641 -1.714125
 1.489750 0.021798 -1.522183
 1.491500 0.019307 -1.311781
 1.493250 0.017192 -1.101035
 1.495000 0.015433 -0.902883
 1.496750 0.014004 -0.729867
 1.498500 0.012852 -0.587380
 1.500250 0.011921 -0.478168
 1.502000 0.011152 -0.401119
 1.503750 0.010494 -0.353515
 1.505500 0.009893 -0.327370
 1.507250 0.009327 -0.321367
 1.509000 0.008757 -0.325975
 1.510750 0.008175 -0.336542
 1.512500 0.007569 -0.346257
 1.514250 0.006949 -0.352571
 1.516000 0.006324 -0.352479
 1.517750 0.005709 -0.344090
 1.519500 0.005121 -0.326649
 1.521250 0.004571 -0.298842
 1.523000 0.004077 -0.263844
 1.524750 0.003650 -0.223375
 1.526500 0.003295 -0.179768
 1.528250 0.003017 -0.137436
 1.530000 0.002810 -0.098578
 1.531750 0.002666 -0.065728
 1.533500 0.002574 -0.040949
 1.535250 0.002517 -0.024406
 1.537000 0.002481 -0.017424
 1.538750 0.002449 -0.019305
 1.540500 0.002407 -0.028691
 1.542250 0.002344 -0.043665
 1.544000 0.002252 -0.061047
 1.545750 0.002129 -0.078382
 1.547500 0.001977 -0.093040
 1.549250 0.001804 -0.102679
 1.551000 0.001620 -0.106068
 1.552750 0.001437 -0.102226
 1.554500 0.001265 -0.091128
 1.556250 0.001119 -0.075360
 1.558000 0.001003 -0.056069
 1.559750 0.000923 -0.035651
 1.561500 0.000878 -0.016514
 1.563250 0.000863 -0.000769
 1.565000 0.000872 0.010020
 1.566750 0.000895 0.015003
 1.568500 0.000921 0.014363
 1.570250 0.000941 0.008155
 1.572000 0.000947 -0.001922
 1.573750 0.000933 -0.014232
 1.575500 0.000897 -0.027003
 1.577250 0.000839 -0.038591
 1.579000 0.000763 -0.047702
 1.580750 0.000673 -0.053239
 1.582500 0.000577 -0.055366
 1.584250 0.000480 -0.054501
 1.586000 0.000388 -0.050793
 1.587750 0.000304 -0.045090
 1.589500 0.000231 -0.038281
 1.591250 0.000170 -0.031170
 1.593000 0.000121 -0.024390
 1.594750 0.000084 -0.018369
 1.596500 0.000056 -0.013331
 1.598250 0.000037 -0.009331
 1.600000 0.000023 -0.006304
 1.601750 0.000014 -0.004114
 1.603500 0.000008 -0.002594
 1.605250 0.000005 -0.001581
 1.607000 0.000003 -0.000932
 1.608750 0.000001 -0.000531
 1.610500 0.000000 0.000000
 1.612250 0.000000 0.000000
 1.614000 0.000000 0.000000
 1.615750 0.000000 0.000000
 1.617500 0.000000 0.000000
 1.619250 0.000000 0.000000
 1.621000 0.000000 0.000000
 1.622750 0.000000 0.000000
 1.624500 0.000000 0.000000
 1.626250 0.000000 0.000000
 1.628000 0.000000 0.000000
 1.629750 0.000000 0.000000
 1.631500 0.000000 0.000000
 1.633250 0.000000 0.000000
 1.635000 0.000000 0.000000
 1.636750 0.000000 0.000000
 1.638500 0.000000 0.000000
 1.640250 0.000000 0.000000
 1.642000 0.000000 0.000000
 1.643750 0.000000 0.000000
 1.645500 0.000000 0.000000
 1.647250 0.000000 0.000000
 1.649000 0.000000 0.000000
 1.650750 0.000000 0.000000
 1.652500 0.000000 0.000000
 1.654250 0.000000 0.000000
 1.656000 0.000000 0.000000
 1.657750 0.000000 0.000000
 1.659500 0.000000 0.000000
 1.661250 0.000000 0.000000
 1.663000 0.000000 0.000000
 1.664750 0.000000 0.000000
 1.666500 0.000000 0.000000
 1.668250 0.000000 0.000000
 1.670000 0.000000 0.000000
 1.671750 0.000000 0.000000
 1.673500 0.000000 0.000000
 1.675250 0.000000 0.000000
 1.677000 0.000000 0.000000
 1.678750 0.000000 0.000000
 1.680500 0.000000 0.000000
 1.682250 0.000000 0.000000
 1.684000 0.000000 0.000000
 1.685750 0.000000 0.000000
 1.687500 0.000000 0.000000
 1.689250 0.000000 0.000000
 1.691000 0.000000 0.000000
 1.692750 0.000000 0.000000
 1.694500 0.000000 0.000000
 1.696250 0.000000 0.000000
 1.698000 0.000000 0.000000
 1.699750 0.000000 0.000000
 1.701500 0.000000 0.000000
 1.703250 0.000000 0.000000
 1.705000 0.000000 0.000000
 1.706750 0.000000 0.000000
 1.708500 0.000000 0.000000
 1.710250 0.000000 0.000000
 1.712000 0.000000 0.000000
 1.713750 0.000000 0.000000
 1.715500 0.000000 0.000000
 1.717250 0.000000 0.000000
 1.719000 0.000000 0.000000
 1.720750 0.000000 0.000000
 1.722500 0.000000 0.000000
 1.724250 0.000000 0.000000
 1.726000 0.000000 0.000000
 1.727750 0.000000 0.000000
 1.729500 0.000000 0.000000
 1.731250 0.000000 0.000000
 1.733000 0.000000 0.000000
 1.734750 0.000000 0.000000
 1.736500 0.000000 0.000000
 1.738250 0.000000 0.000000
 1.740000 0.000000 0.000000
 1.741750 0.000000 0.000000
 1.743500 0.000000 0.000000
 1.745250 0.000000 0.000000
 1.747000 0.000000 0.000000
 1.748750 0.000000 0.000000
 1.750500 0.000000 0.000000
 1.752250 0.000000 0.000000
 1.754000 0.000000 0.000000
 1.755750 0.000000 0.000000
 1.757500 0.000000 0.000000
 1.759250 0.000000 0.000000
 1.761000 0.000000 0.000000
 1.762750 0.000000 0.000000
 1.764500 0.000000 0.000000
 1.766250 0.000000 0.000000
 1.768000 0.000000 0.000000
 1.769750 0.000000 0.000000
 1.771500 0.000000 0.000000
 1.773250 0.000000 0.000000
 1.775000 0.000000 0.000000
 1.776750 0.000000 0.000000
 1.778500 0.000000 0.000000
 1.780250 0.000000 0.000000
 1.782000 0.000000 0.000000
 1.783750 0.000000 0.000000
 1.785500 0.000000 0.000000
 1.787250 0.000000 0.000000
 1.789000 0.000000 0.000000
 1.790750 0.000000 0.000000
 1.792500 0.000000 0.000000
 1.794250 0.000000 0.000000
 1.796000 0.000000 0.000000
 1.797750 0.000000 0.000000
 1.799500 0.000000 0.000000
 1.801250 0.000000 0.000000
 1.803000 0.000000 0.000000
 1.804750 0.000000 0.000000
 1.806500 0.000000 0.000000
 1.808250 0.000000 0.000000
 1.810000 0.000000 0.000000
 1.811750 0.000000 0.000000
 1.813500 0.000000 0.000000
 1.815250 0.000000 0.000000
 1.817000 0.000000 0.000000
 1.818750 0.000000 0.000000
 1.820500 0.000000 0.000000
 1.822250 0.000000 0.000000
 1.824000 0.000000 0.000000
 1.825750 0.000000 0.000000
 1.827500 0.000000 0.000000
 1.829250 0.000000 0.000000
 1.831000 0.000000 0.000000
 1.832750 0.000000 0.000000
 1.834500 0.000000 0.000000
 1.836250 0.000000 0.000000
 1.838000 0.000000 0.000000
 1.839750 0.000000 0.000000
 1.841500 0.000000 0.000000
 1.843250 0.000000 0.000000
 1.845000 0.000000 0.000000
 1.846750 0.000000 0.000000
 1.848500 0.000000 0.000000
 1.850250 0.000000 0.000000
 1.852000 0.000000 0.000000
 1.853750 0.000000 0.000000
 1.855500 0.000000 0.000000
 1.857250 0.000000 0.000000
 1.859000 0.000000 0.000000
 1.860750 0.000000 0.000000
 1.862500 0.000000 0.000000
 1.864250 0.000000 0.000000
 1.866000 0.000000 0.000000
 1.867750 0.000000 0.000000
 1.869500 0.000000 0.000000
 1.871250 0.000000 0.000000
 1.873000 0.000000 0.000000
 1.874750 0.000000 0.000000
 1.876500 0.000000 0.000000
 1.878250 0.000000 0.000000
 1.880000 0.000000 0.000000
 1.881750 0.000000 0.000000
 1.883500 0.000000 0.000000
 1.885250 0.000000 0.000000
 1.887000 0.000000 0.000000
 1.888750 0.000000 0.000000
 1.890500 0.000000 0.000000
 1.892250 0.000000 0.000000
 1.894000 0.000000 0.000000
 1.895750 0.000000 0.000000
 1.897500 0.000000 0.000000
 1.899250 0.000000 0.000000
 1.901000 0.000000 0.000000
 1.902750 0.000000 0.000000
 1.904500 0.000000 0.000000
 1.906250 0.000000 0.000000
 1.908000 0.000000 0.000000
 1.909750 0.000000 0.000000
 1.911500 0.000000 0.000000
 1.913250 0.000000 0.000000
 1.915000 0.000000 0.000000
 1.916750 0.000000 0.000000
 1.918500 0.000000 0.000000
 1.920250 0.000000 0.000000
 1.922000 0.000000 0.000000
 1.923750 0.000000 0.000000
 1.925500 0.000000 0.000000
 1.927250 0.000000 0.000000
 1.929000 0.000000 0.000000
 1.930750 0.000000 0.000000
 1.932500 0.000000 0.000000
 1.934250 0.000000 0.000000
 1.936000 0.000000 0.000000
 1.937750 0.000000 0.000000
 1.939500 0.000000 0.000000
 1.941250 0.000000 0.000000
 1.943000 0.000000 0.000000
 1.944750 0.000000 0.000000
 1.946500 0.000000 0.000000
 1.948250 0.000000 0.000000
 1.950000 0.000000 0.000000
 1.951750 0.000000 0.000000
 1.953500 0.000000 0.000000
 1.955250 0.000000 0.000000
 1.957000 0.000000 0.000000
 1.958750 0.000000 0.000000
 1.960500 0.000000 0.000000
 1.962250 0.000000 0.000000
 1.964000 0.000000 0.000000
 1.965750 0.000000 0.000000
 1.967500 0.000000 0.000000
 1.969250 0.000000 0.000000
 1.971000 0.000000 0.000000
 1.972750 0.000000 0.000000
 1.974500 0.000000 0.000000
 1.976250 0.000000 0.000000
 1.978000 0.000000 0.000000
 1.979750 0.000000 0.000000
 1.981500 0.000000 0.000000
 1.983250 0.000000 0.000000
 1.985000 0.000000 0.000000
 1.986750 0.000000 0.000000
 1.988500 0.000000 0.000000
 1.990250 0.000000 0.000000
 1.992000 0.000000 0.000000
 1.993750 0.000000 0.000000
 1.995500 0.000000 0.000000
 1.997250 0.000000 0.000000
 1.999000 0.000000 0.000000
 2.000750 0.000000 0.000000
 2.002500 0.000000 0.000000
 2.004250 0.000000 0.000000
 2.006000 0.000000 0.000000
 2.007750 0.000000 0.000000
 2.009500 0.000000 0.000000
 2.011250 0.000000 0.000000
 2.013000 0.000000 0.000000
 2.014750 0.000000 0.000000
 2.016500 0.000000 0.000000
 2.018250 0.000000 0.000000
 2.020000 0.000000 0.000000
 2.021750 0.000000 0.000000
 2.023500 0.000000 0.000000
 2.025250 0.000000 0.000000
 2.027000 0.000000 0.000000
 2.028750 0.000000 0.000000
 2.030500 0.000000 0.000000
 2.032250 0.000000 0.000000
 2.034000 0.000000 0.000000
 2.035750 0.000000 0.000000
 2.037500 0.000000 0.000000
 2.039250 0.000000 0.000000
 2.041000 0.000000 0.000000
 2.042750 0.000000 0.000000
 2.044500 0.000000 0.000000
 2.046250 0.000000 0.000000
 2.048000 0.000000 0.000000
 2.049750 0.000000 0.000000
 2.051500 0.000000 0.000000
 2.053250 0.000000 0.000000
 2.055000 0.000000 0.000000
 2.056750 0.000000 0.000000
 2.058500 0.000000 0.000000
 2.060250 0.000000 0.000000
 2.062000 0.000000 0.000000
 2.063750 0.000000 0.000000
 2.065500 0.000000 0.000000
 2.067250 0.000000 0.000000
 2.069000 0.000000 0.000000
 2.070750 0.000000 0.000000
 2.072500 0.000000 0.000000
 2.074250 0.000000 0.000000
 2.076000 0.000000 0.000000
 2.077750 0.000000 0.000000
 2.079500 0.000000 0.000000
 2.081250 0.000000 0.000000
 2.083000 0.000000 0.000000
 2.084750 0.000000 0.000000
 2.086500 0.000000 0.000000
 2.088250 0.000000 0.000000
 2.090000 0.000000 0.000000
 2.091750 0.000000 0.000000
 2.093500 0.000000 0.000000
 2.095250 0.000000 0.000000
 2.097000 0.000000 0.000000
 2.098750 0.000000 0.000000
 2.100500 0.000000 0.000000
 2.102250 0.000000 0.000000
 2.104000 0.000000 0.000000
 2.105750 0.000000 0.000000
 2.107500 0.000000 0.000000
 2.109250 0.000000 0.000000
 2.111000 0.000000 0.000000
 2.112750 0.000000 0.000000
 2.114500 0.000000 0.000000
 2.116250 0.000000 0.000000
 2.118000 0.000000 0.000000
 2.119750 0.000000 0.000000
 2.121500 0.000000 0.000000
 2.123250 0.000000 0.000000
 2.125000 0.000000 0.000000
 2.126750 0.000000 0.000000
 2.128500 0.000000 0.000000
 2.130250 0.000000 0.000000
 2.132000 0.000000 0.000000
 2.133750 0.000000 0.000000
 2.135500 0.000000 0.000000
 2.137250 0.000000 0.000000
 2.139000 0.000000 0.000000
 2.140750 0.000000 0.000000
 2.142500 0.000000 0.000000
 2.144250 0.000000 0.000000
 2.146000 0.000000 0.000000
 2.147750 0.000000 0.000000
 2.149500 0.000000 0.000000
 2.151250 0.000000 0.000000
 2.153000 0.000000 0.000000
 2.154750 0.000000 0.000000
 2.156500 0.000000 0.000000
 2.158250 0.000000 0.000000
 2.160000 0.000000 0.000000
 2.161750 0.000000 0.000000
 2.163500 0.000000 0.000000
 2.165250 0.000000 0.000000
 2.167000 0.000000 0.000000
 2.168750 0.000000 0.000000
 2.170500 0.000000 0.000000
 2.172250 0.000000 0.000000
 2.174000 0.000000 0.000000
 2.175750 0.000000 0.000000
 2.177500 0.000000 0.000000
 2.179250 0.000000 0.000000
 2.181000 0.000000 0.000000
 2.182750 0.000000 0.000000
 2.184500 0.000000 0.000000
 2.186250 0.000000 0.000000
 2.188000 0.000000 0.000000
 2.189750 0.000000 0.000000
 2.191500 0.000000 0.000000
 2.193250 0.000000 0.000000
 2.195000 0.000000 0.000000
 2.196750 0.000000 0.000000
 2.198500 0.000000 0.000000
 2.200250 0.000000 0.000000
 2.202000 0.000000 0.000000
 2.203750 0.000000 0.000000
 2.205500 0.000000 0.000000
 2.207250 0.000000 0.000000
 2.209000 0.000000 0.000000
 2.210750 0.000000 0.000000
 2.212500 0.000000 0.000000
 2.214250 0.000000 0.000000
 2.216000 0.000000 0.000000
 2.217750 0.000000 0.000000
 2.219500 0.000000 0.000000
 2.221250 0.000000 0.000000
 2.223000 0.000000 0.000000
 2.224750 0.000000 0.000000
 2.226500 0.000000 0.000000
 2.228250 0.000000 0.000000
 2.230000 0.000000 0.000000
 2.231750 0.000000 0.000000
 2.233500 0.000000 0.000000
 2.235250 0.000000 0.000000
 2.237000 0.000000 0.000000
 2.238750 0.000000 0.000000
 2.240500 0.000000 0.000000
 2.242250 0.000000 0.000000
 2.244000 0.000000 0.000000
 2.245750 0.000000 0.000000
 2.247500 0.000000 0.000000
 2.249250 0.000000 0.000000
 2.251000 0.000000 0.000000
 2.252750 0.000000 0.000000
 2.254500 0.000000 0.000000
 2.256250 0.000000 0.000000
 2.258000 0.000000 0.000000
 2.259750 0.000000 0.000000
 2.261500 0.000000 0.000000
 2.263250 0.000000 0.000000
 2.265000 0.000000 0.000000
 2.266750 0.000000 0.000000
 2.268500 0.000000 0.000000
 2.270250 0.000000 0.000000
 2.272000 0.000000 0.000000
 2.273750 0.000000 0.000000
 2.275500 0.000000 0.000000
 2.277250 0.000000 0.000000
 2.279000 0.000000 0.000000
 2.280750 0.000000 0.000000
 2.282500 0.000000 0.000000
 2.284250 0.000000 0.000000
 2.286000 0.000000 0.000000
 2.287750 0.000000 0.000000
 2.289500 0.000000 0.000000
 2.291250 0.000000 0.000000
 2.293000 0.000000 0.000000
 2.294750 0.000000 0.000000
 2.296500 0.000000 0.000000
 2.298250 0.000000 0.000000
 2.300000 0.000000 0.000000
 2.301750 0.000000 0.000000
 2.303500 0.000000 0.000000
 2.305250 0.000000 0.000000
 2.307000 0.000000 0.000000
 2.308750 0.000000 0.000000
 2.310500 0.000000 0.000000
 2.312250 0.000000 0.000000
 2.314000 0.000000 0.000000
 2.315750 0.000000 0.000000
 2.317500 0.000000 0.000000
 2.319250 0.000000 0.000000
 2.321000 0.000000 0.000000
 2.322750 0.000000 0.000000
 2.324500 0.000000 0.000000
 2.326250 0.000000 0.000000
 2.328000 0.000000 0.000000
 2.329750 0.000000 0.000000
 2.331500 0.000000 0.000000
 2.333250 0.000000 0.000000
 2.335000 0.000000 0.000000
 2.336750 0.000000 0.000000
 2.338500 0.000000 0.000000
 2.340250 0.000000 0.000000
 2.342000 0.000000 0.000000
 2.343750 0.000000 0.000000
 2.345500 0.000000 0.000000
 2.347250 0.000000 0.000000
 2.349000 0.000000 0.000000
 2.350750 0.000000 0.000000
 2.352500 0.000000 0.000000
 2.354250 0.000000 0.000000
 2.356000 0.000000 0.000000
 2.357750 0.000000 0.000000
 2.359500 0.000000 0.000000
 2.361250 0.000000 0.000000
 2.363000 0.000000 0.000000
 2.364750 0.000000 0.000000
 2.366500 0.000000 0.000000
 2.368250 0.000000 0.000000
 2.370000 0.000000 0.000000
 2.371750 0.000000 0.000000
 2.373500 0.000000 0.000000
 2.375250 0.000000 0.000000
 2.377000 0.000000 0.000000
 2.378750 0.000000 0.000000
 2.380500 0.000000 0.000000
 2.382250 0.000000 0.000000
 2.384000 0.000000 0.000000
 2.385750 0.000000 0.000000
 2.387500 0.000000 0.000000
 2.389250 0.000000 0.000000
 2.391000 0.000000 0.000000
 2.392750 0.000000 0.000000
 2.394500 0.000000 0.000000
 2.396250 0.000000 0.000000
 2.398000 0.000000 0.000000
 2.399750 0.000000 0.000000
 2.401500 0.000000 0.000000
 2.403250 0.000000 0.000000
 2.405000 0.000000 0.000000
 2.406750 0.000000 0.000000
 2.408500 0.000000 0.000000
 2.410250 0.000000 0.000000
 2.412000 0.000000 0.000000
 2.413750 0.000000 0.000000
 2.415500 0.000000 0.000000
 2.417250 0.000000 0.000000
 2.419000 0.000000 0.000000
 2.420750 0.000000 0.000000
 2.422500 0.000000 0.000000
 2.424250 0.000000 0.000000
 2.426000 0.000000 0.000000
 2.427750 0.000000 0.000000
 2.429500 0.000000 0.000000
 2.431250 0.000000 0.000000
 2.433000 0.000000 0.000000
 2.434750 0.000000 0.000000
 2.436500 0.000000 0.000000
 2.438250 0.000000 0.000000
 2.440000 0.000000 0.000000
 2.441750 0.000000 0.000000
 2.443500 0.000000 0.000000
 2.445250 0.000000 0.000000
 2.447000 0.000000 0.000000
 2.448750 0.000000 0.000000
 2.450500 0.000000 0.000000
 2.452250 0.000000 0.000000
 2.454000 0.000000 0.000000
 2.455750 0.000000 0.000000
 2.457500 0.000000 0.000000
 2.459250 0.000000 0.000000
 2.461000 0.000000 0.000000
 2.462750 0.000000 0.000000
 2.464500 0.000000 0.000000
 2.466250 0.000000 0.000000
 2.468000 0.000000 0.000000
 2.469750 0.000000 0.000000
 2.471500 0.000000 0.000000
 2.473250 0.000000 0.000000
 2.475000 0.000000 0.000000
 2.476750 0.000000 0.000000
 2.478500 0.000000 0.000000
 2.480250 0.000000 0.000000
 2.482000 0.000000 0.000000
 2.483750 0.000000 0.000000
 2.485500 0.000000 0.000000
 2.487250 0.000000 0.000000
 2.489000 0.000000 0.000000
 2.490750 0.000000 0.000000
 2.492500 0.000000 0.000000
 2.494250 0.000000 0.000000
 2.496000 0.000000 0.000000
 2.497750 0.000000 0.000000
 2.499500 0.000000 0.000000
 2.501250 0.000000 0.000000
 2.503000 0.000000 0.000000
 2.504750 0.000000 0.000000
 2.506500 0.000000 0.000000
 2.508250 0.000000 0.000000
 2.510000 0.000000 0.000000
 2.511750 0.000000 0.000000
 2.513500 0.000000 0.000000
 2.515250 0.000000 0.000000
 2.517000 0.000000 0.000000
 2.518750 0.000000 0.000000
 2.520500 0.000000 0.000000
 2.522250 0.000000 0.000000
 2.524000 0.000000 0.000000
 2.525750 0.000000 0.000000
 2.527500 0.000000 0.000000
 2.529250 0.000000 0.000000
 2.531000 0.000000 0.000000
 2.532750 0.000000 0.000000
 2.534500 0.000000 0.000000
 2.536250 0.000000 0.000000
 2.538000 0.000000 0.000000
 2.539750 0.000000 0.000000
 2.541500 0.000000 0.000000
 2.543250 0.000000 0.000000
 2.545000 0.000000 0.000000
 2.546750 0.000000 0.000000
 2.548500 0.000000 0.000000
 2.550250 0.000000 0.000000
 2.552000 0.000000 0.000000
 2.553750 0.000000 0.000000
 2.555500 0.000000 0.000000
 2.557250 0.000000 0.000000
 2.559000 0.000000 0.000000
 2.560750 0.000000 0.000000
 2.562500 0.000000 0.000000
 2.564250 0.000000 0.000000
 2.566000 0.000000 0.000000
 2.567750 0.000000 0.000000
 2.569500 0.000000 0.000000
 2.571250 0.000000 0.000000
 2.573000 0.000000 0.000000
 2.574750 0.000000 0.000000
 2.576500 0.000000 0.000000
 2.578250 0.000000 0.000000
 2.580000 0.000000 0.000000
 2.581750 0.000000 0.000000
 2.583500 0.000000 0.000000
 2.585250 0.000000 0.000000
 2.587000 0.000000 0.000000
 2.588750 0.000000 0.000000
 2.590500 0.000000 0.000000
 2.592250 0.000000 0.000000
 2.594000 0.000000 0.000000
 2.595750 0.000000 0.000000
 2.597500 0.000000 0.000000
 2.599250 0.000000 0.000000
 2.601000 0.000000 0.000000
 2.602750 0.000000 0.000000
 2.604500 0.000000 0.000000
 2.606250 0.000000 0.000000
 2.608000 0.000000 0.000000
 2.609750 0.000000 0.000000
 2.611500 0.000000 0.000000
 2.613250 0.000000 0.000000
 2.615000 0.000000 0.000000
 2.616750 0.000000 0.000000
 2.618500 0.000000 0.000000
 2.620250 0.000000 0.000000
 2.622000 0.000000 0.000000
 2.623750 0.000000 0.000000
 2.625500 0.000000 0.000000
 2.627250 0.000000 0.000000
 2.629000 0.000000 0.000000
 2.630750 0.000000 0.000000
 2.632500 0.000000 0.000000
 2.634250 0.000000 0.000000
 2.636000 0.000000 0.000000
 2.637750 0.000000 0.000000
 2.639500 0.000000 0.000000
 2.641250 0.000000 0.000000
 2.643000 0.000000 0.000000
 2.644750 0.000000 0.000000
 2.646500 0.000000 0.000000
 2.648250 0.000000 0.000000
 2.650000 0.000000 0.000000
 2.651750 0.000000 0.000000
 2.653500 0.000000 0.000000
 2.655250 0.000000 0.000000
 2.657000 0.000000 0.000000
 2.658750 0.000000 0.000000
 2.660500 0.000000 0.000000
 2.662250 0.000000 0.000000
 2.664000 0.000000 0.000000
 2.665750 0.000000 0.000000
 2.667500 0.000000 0.000000
 2.669250 0.000000 0.000000
 2.671000 0.000000 0.000000
 2.672750 0.000000 0.000000
 2.674500 0.000000 0.000000
 2.676250 0.000000 0.000000
 2.678000 0.000000 0.000000
 2.679750 0.000000 0.000000
 2.681500 0.000000 0.000000
 2.683250 0.000000 0.000000
 2.685000 0.000000 0.000000
 2.686750 0.000000 0.000000
 2.688500 0.000000 0.000000
 2.690250 0.000000 0.000000
 2.692000 0.000000 0.000000
 2.693750 0.000000 0.000000
 2.695500 0.000000 0.000000
 2.697250 0.000000 0.000000
 2.699000 0.000000 0.000000
 2.700750 0.000000 0.000000
 2.702500 0.000000 0.000000
 2.704250 0.000000 0.000000
 2.706000 0.000000 0.000000
 2.707750 0.000000 0.000000
 2.709500 0.000000 0.000000
 2.711250 0.000000 0.000000
 2.713000 0.000000 0.000000
 2.714750 0.000000 0.000000
 2.716500 0.000000 0.000000
 2.718250 0.000000 0.000000
 2.720000 0.000000 0.000000
 2.721750 0.000000 0.000000
 2.723500 0.000000 0.000000
 2.725250 0.000000 0.000000
 2.727000 0.000000 0.000000
 2.728750 0.000000 0.000000
 2.730500 0.000000 0.000000
 2.732250 0.000000 0.000000
 2.734000 0.000000 0.000000
 2.735750 0.000000 0.000000
 2.737500 0.000000 0.000000
 2.739250 0.000000 0.000000
 2.741000 0.000000 0.000000
 2.742750 0.000000 0.000000
 2.744500 0.000000 0.000000
 2.746250 0.000000 0.000000
 2.748000 0.000000 0.000000
 2.749750 0.000000 0.000000
 2.751500 0.000000 0.000000
 2.753250 0.000000 0.000000
 2.755000 0.000000 0.000000
 2.756750 0.000000 0.000000
 2.758500 0.000000 0.000000
 2.760250 0.000000 0.000000
 2.762000 0.000000 0.000000
 2.763750 0.000000 0.000000
 2.765500 0.000000 0.000000
 2.767250 0.000000 0.000000
 2.769000 0.000000 0.000000
 2.770750 0.000000 0.000000
 2.772500 0.000000 0.000000
 2.774250 0.000000 0.000000
 2.776000 0.000000 0.000000
 2.777750 0.000000 0.000000
 2.779500 0.000000 0.000000
 2.781250 0.000000 0.000000
 2.783000 0.000000 0.000000
 2.784750 0.000000 0.000000
 2.786500 0.000000 0.000000
 2.788250 0.000000 0.000000
 2.790000 0.000000 0.000000
 2.791750 0.000000 0.000000
 2.793500 0.000000 0.000000
 2.795250 0.000000 0.000000
 2.797000 0.000000 0.000000
 2.798750 0.000000 0.000000
 2.800500 0.000000 0.000000
 2.802250 0.000000 0.000000
 2.804000 0.000000 0.000000
 2.805750 0.000000 0.000000
 2.807500 0.000000 0.000000
 2.809250 0.000000 0.000000
 2.811000 0.000000 0.000000
 2.812750 0.000000 0.000000
 2.814500 0.000000 0.000000
 2.816250 0.000000 0.000000
 2.818000 0.000000 0.000000
 2.819750 0.000000 0.000000
 2.821500 0.000000 0.000000
 2.823250 0.000000 0.000000
 2.825000 0.000000 0.000000
 2.826750 0.000000 0.000000
 2.828500 0.000000 0.000000
 2.830250 0.000000 0.000000
 2.832000 0.000000 0.000000
 2.833750 0.000000 0.000000
 2.835500 0.000000 0.000000
 2.837250 0.000000 0.000000
 2.839000 0.000000 0.000000
 2.840750 0.000000 0.000000
 2.842500 0.000000 0.000000
 2.844250 0.000000 0.000000
 2.846000 0.000000 0.000000
 2.847750 0.000000 0.000000
 2.849500 0.000000 0.000000
 2.851250 0.000000 0.000000
 2.853000 0.000000 0.000000
 2.854750 0.000000 0.000000
 2.856500 0.000000 0.000000
 2.858250 0.000000 0.000000
 2.860000 0.000000 0.000000
 2.861750 0.000000 0.000000
 2.863500 0.000000 0.000000
 2.865250 0.000000 0.000000
 2.867000 0.000000 0.000000
 2.868750 0.000000 0.000000
 2.870500 0.000000 0.000000
 2.872250 0.000000 0.000000
 2.874000 0.000000 0.000000
 2.875750 0.000000 0.000000
 2.877500 0.000000 0.000000
 2.879250 0.000000 0.000000
 2.881000 0.000000 0.000000
 2.882750 0.000000 0.000000
 2.884500 0.000000 0.000000
 2.886250 0.000000 0.000000
 2.888000 0.000000 0.000000
 2.889750 0.000000 0.000000
 2.891500 0.000000 0.000000
 2.893250 0.000000 0.000000
 2.895000 0.000000 0.000000
 2.896750 0.000000 0.000000
 2.898500 0.000000 0.000000
 2.900250 0.000000 0.000000
 2.902000 0.000000 0.000000
 2.903750 0.000000 0.000000
 2.905500 0.000000 0.000000
 2.907250 0.000000 0.000000
 2.909000 0.000000 0.000000
 2.910750 0.000000 0.000000
 2.912500 0.000000 0.000000
 2.914250 0.000000 0.000000
 2.916000 0.000000 0.000000
 2.917750 0.000000 0.000000
 2.919500 0.000000 0.000000
 2.921250 0.000000 0.000000
 2.923000 0.000000 0.000000
 2.924750 0.000000 0.000000
 2.926500 0.000000 0.000000
 2.928250 0.000000 0.000000
 2.930000 0.000000 0.000000
 2.931750 0.000000 0.000000
 2.933500 0.000000 0.000000
 2.935250 0.000000 0.000000
 2.937000 0.000000 0.000000
 2.938750 0.000000 0.000000
 2.940500 0.000000 0.000000
 2.942250 0.000000 0.000000
 2.944000 0.000000 0.000000
 2.945750 0.000000 0.000000
 2.947500 0.000000 0.000000
 2.949250 0.000000 0.000000
 2.951000 0.000000 0.000000
 2.952750 0.000000 0.000000
 2.954500 0.000000 0.000000
 2.956250 0.000000 0.000000
 2.958000 0.000000 0.000000
 2.959750 0.000000 0.000000
 2.961500 0.000000 0.000000
 2.963250 0.000000 0.000000
 2.965000 0.000000 0.000000
 2.966750 0.000000 0.000000
 2.968500 0.000000 0.000000
 2.970250 0.000000 0.000000
 2.972000 0.000000 0.000000
 2.973750 0.000000 0.000000
 2.975500 0.000000 0.000000
 2.977250 0.000000 0.000000
 2.979000 0.000000 0.000000
 2.980750 0.000000 0.000000
 2.982500 0.000000 0.000000
 2.984250 0.000000 0.000000
 2.986000 0.000000 0.000000
 2.987750 0.000000 0.000000
 2.989500 0.000000 0.000000
 2.991250 0.000000 0.000000
 2.993000 0.000000 0.000000
 2.994750 0.000000 0.000000
 2.996500 0.000000 0.000000
 2.998250 0.000000 0.000000
 3.000000 0.000000 0.000000
