#! FIELDS refcv hh dhh_refcv
#! SET normalisation  4000.000000
#! SET min_refcv -0.5
#! SET max_refcv 2
#! SET nbins_refcv  1000
#! SET periodic_refcv false
 -0.500000 0.000000 0.000000
 -0.497500 0.000000 0.000000
 -0.495000 0.000000 0.000000
 -0.492500 0.000000 0.000000
 -0.490000 0.000000 0.000000
 -0.487500 0.000000 0.000000
 -0.485000 0.000000 0.000000
 -0.482500 0.000000 0.000000
 -0.480000 0.000000 0.000000
 -0.477500 0.000000 0.000000
 -0.475000 0.000000 0.000000
 -0.472500 0.000000 0.000000
 -0.470000 0.000000 0.000000
 -0.467500 0.000000 0.000000
 -0.465000 0.000000 0.000000
 -0.462500 0.000000 0.000000
 -0.460000 0.000000 0.000000
 -0.457500 0.000000 0.000000
 -0.455000 0.000000 0.000000
 -0.452500 0.000000 0.000000
 -0.450000 0.000000 0.000000
 -0.447500 0.000000 0.000000
 -0.445000 0.000000 0.000000
 -0.442500 0.000000 0.000000
 -0.440000 0.000000 0.000000
 -0.437500 0.000000 0.000000
 -0.435000 0.000000 0.000000
 -0.432500 0.000000 0.000000
 -0.430000 0.000000 0.000000
 -0.427500 0.000000 0.000000
 -0.425000 0.000000 0.000000
 -0.422500 0.000000 0.000000
 -0.420000 0.000000 0.000000
 -0.417500 0.000000 0.000000
 -0.415000 0.000000 0.000000
 -0.412500 0.000000 0.000000
 -0.410000 0.000000 0.000000
 -0.407500 0.000000 0.000000
 -0.405000 0.000000 0.000000
 -0.402500 0.000000 0.000000
 -0.400000 0.000000 0.000000
 -0.397500 0.000000 0.000000
 -0.395000 0.000000 0.000000
 -0.392500 0.000000 0.000000
 -0.390000 0.000000 0.000000
 -0.387500 0.000000 0.000000
 -0.385000 0.000000 0.000000
 -0.382500 0.000000 0.000000
 -0.380000 0.000000 0.000000
 -0.377500 0.000000 0.000000
 -0.375000 0.000000 0.000000
 -0.372500 0.000000 0.000000
 -0.370000 0.000000 0.000000
 -0.367500 0.000000 0.000000
 -0.365000 0.000000 0.000000
 -0.362500 0.000000 0.000000
 -0.360000 0.000000 0.000000
 -0.357500 0.000000 0.000000
 -0.355000 0.000000 0.000000
 -0.352500 0.000000 0.000000
 -0.350000 0.000000 0.000000
 -0.347500 0.000000 0.000000
 -0.345000 0.000000 0.000000
 -0.342500 0.000000 0.000000
 -0.340000 0.000000 0.000000
 -0.337500 0.000000 0.000000
 -0.335000 0.000000 0.000000
 -0.332500 0.000000 0.000000
 -0.330000 0.000000 0.000000
 -0.327500 0.000000 0.000000
 -0.325000 0.000000 0.000000
 -0.322500 0.000000 0.000000
 -0.320000 0.000000 0.000000
 -0.317500 0.000000 0.000000
 -0.315000 0.000000 0.000000
 -0.312500 0.000000 0.000000
 -0.310000 0.000000 0.000000
 -0.307500 0.000000 0.000000
 -0.305000 0.000000 0.000000
 -0.302500 0.000000 0.000000
 -0.300000 0.000000 0.000000
 -0.297500 0.000000 0.000000
 -0.295000 0.000000 0.000000
 -0.292500 0.000000 0.000000
 -0.290000 0.000000 0.000000
 -0.287500 0.000000 0.000000
 -0.285000 0.000000 0.000000
 -0.282500 0.000000 0.000000
 -0.280000 0.000000 0.000000
 -0.277500 0.000000 0.000000
 -0.275000 0.000000 0.000000
 -0.272500 0.000000 0.000000
 -0.270000 0.000000 0.000000
 -0.267500 0.000000 0.000000
 -0.265000 0.000000 0.000000
 -0.262500 0.000000 0.000000
 -0.260000 0.000000 0.000000
 -0.257500 0.000000 0.000000
 -0.255000 0.000000 0.000000
 -0.252500 0.000000 0.000000
 -0.250000 0.000000 0.000000
 -0.247500 0.000000 0.000000
 -0.245000 0.000000 0.000000
 -0.242500 0.000000 0.000000
 -0.240000 0.000000 0.000000
 -0.237500 0.000000 0.000000
 -0.235000 0.000000 0.000000
 -0.232500 0.000000 0.000000
 -0.230000 0.000000 0.000000
 -0.227500 0.000000 0.000000
 -0.225000 0.000000 0.000000
 -0.222500 0.000000 0.000000
 -0.220000 0.000000 0.000000
 -0.217500 0.000000 0.000000
 -0.215000 0.000000 0.000000
 -0.212500 0.000000 0.000000
 -0.210000 0.000000 0.000000
 -0.207500 0.000000 0.000000
 -0.205000 0.000000 0.000000
 -0.202500 0.000000 0.000000
 -0.200000 0.000000 0.000000
 -0.197500 0.000000 0.000000
 -0.195000 0.000000 0.000000
 -0.192500 0.000000 0.000000
 -0.190000 0.000000 0.000000
 -0.187500 0.000000 0.000000
 -0.185000 0.000000 0.000000
 -0.182500 0.000000 0.000000
 -0.180000 0.000000 0.000000
 -0.177500 0.000000 0.000000
 -0.175000 0.000000 0.000000
 -0.172500 0.000000 0.000000
 -0.170000 0.000000 0.000000
 -0.167500 0.000000 0.000000
 -0.165000 0.000000 0.000000
 -0.162500 0.000000 0.000000
 -0.160000 0.000000 0.000000
 -0.157500 0.000000 0.000000
 -0.155000 0.000000 0.000000
 -0.152500 0.000000 0.000000
 -0.150000 0.000000 0.000000
 -0.147500 0.000000 0.000000
 -0.145000 0.000000 0.000000
 -0.142500 0.000000 0.000000
 -0.140000 0.000000 0.000000
 -0.137500 0.000000 0.000000
 -0.135000 0.000000 0.000000
 -0.132500 0.000000 0.000000
 -0.130000 0.000000 0.000000
 -0.127500 0.000000 0.000000
 -0.125000 0.000000 0.000000
 -0.122500 0.000000 0.000000
 -0.120000 0.000000 0.000000
 -0.117500 0.000000 0.000000
 -0.115000 0.000000 0.000000
 -0.112500 0.000000 0.000000
 -0.110000 0.000000 0.000000
 -0.107500 0.000000 0.000000
 -0.105000 0.000000 0.000000
 -0.102500 0.000000 0.000000
 -0.100000 0.000000 0.000000
 -0.097500 0.000000 0.000000
 -0.095000 0.000000 0.000000
 -0.092500 0.000000 0.000000
 -0.090000 0.000000 0.000000
 -0.087500 0.000000 0.000000
 -0.085000 0.000000 0.000000
 -0.082500 0.000000 0.000000
 -0.080000 0.000000 0.000000
 -0.077500 0.000000 0.000000
 -0.075000 0.000000 0.000000
 -0.072500 0.000000 0.000000
 -0.070000 0.000000 0.000000
 -0.067500 0.000000 0.000000
 -0.065000 0.000000 0.000000
 -0.062500 0.000000 0.000000
 -0.060000 0.000000 0.000000
 -0.057500 0.000000 0.000000
 -0.055000 0.000000 0.000000
 -0.052500 0.000000 0.000000
 -0.050000 0.000000 0.000000
 -0.047500 0.000000 0.000000
 -0.045000 0.000000 0.000000
 -0.042500 0.000000 0.000000
 -0.040000 0.000000 0.000000
 -0.037500 0.000000 0.000000
 -0.035000 0.000000 0.000000
 -0.032500 0.000000 0.000000
 -0.030000 0.000000 0.000000
 -0.027500 0.000000 0.000000
 -0.025000 0.000000 0.000000
 -0.022500 0.000000 0.000000
 -0.020000 0.000000 0.000000
 -0.017500 0.000000 0.000000
 -0.015000 0.000000 0.000000
 -0.012500 0.000000 0.000000
 -0.010000 0.000000 0.000000
 -0.007500 0.000000 0.000000
 -0.005000 0.000000 0.000000
 -0.002500 0.000000 0.000000
 0.000000 0.000000 0.000000
 0.002500 0.000000 0.000000
 0.005000 0.000000 0.000000
 0.007500 0.000000 0.000000
 0.010000 0.000000 0.000000
 0.012500 0.000000 0.000000
 0.015000 0.000000 0.000000
 0.017500 0.000000 0.000000
 0.020000 0.000000 0.000000
 0.022500 0.000000 0.000000
 0.025000 0.000000 0.000000
 0.027500 0.000000 0.000000
 0.030000 0.000000 0.000000
 0.032500 0.000000 0.000000
 0.035000 0.000000 0.000000
 0.037500 0.000000 0.000000
 0.040000 0.000000 0.000000
 0.042500 0.000000 0.000000
 0.045000 0.000000 0.000000
 0.047500 0.000000 0.000000
 0.050000 0.000000 0.000000
 0.052500 0.000000 0.000000
 0.055000 0.000000 0.000000
 0.057500 0.000000 0.000000
 0.060000 0.000000 0.000000
 0.062500 0.000000 0.000000
 0.065000 0.000000 0.000000
 0.067500 0.000000 0.000000
 0.070000 0.000000 0.000000
 0.072500 0.000000 0.000000
 0.075000 0.000000 0.000000
 0.077500 0.000000 0.000000
 0.080000 0.000000 0.000000
 0.082500 0.000000 0.000000
 0.085000 0.000000 0.000000
 0.087500 0.000000 0.000000
 0.090000 0.000000 0.000000
 0.092500 0.000000 0.000000
 0.095000 0.000000 0.000000
 0.097500 0.000000 0.000000
 0.100000 0.000000 0.000000
 0.102500 0.000000 0.000000
 0.105000 0.000000 0.000000
 0.107500 0.000000 0.000000
 0.110000 0.000000 0.000000
 0.112500 0.000000 0.000000
 0.115000 0.000000 0.000000
 0.117500 0.000000 0.000000
 0.120000 0.000000 0.000000
 0.122500 0.000000 0.000000
 0.125000 0.000000 0.000000
 0.127500 0.000000 0.000000
 0.130000 0.000000 0.000000
 0.132500 0.000000 0.000000
 0.135000 0.000000 0.000000
 0.137500 0.000000 0.000000
 0.140000 0.000000 0.000000
 0.142500 0.000000 0.000000
 0.145000 0.000000 0.000000
 0.147500 0.000000 0.000000
 0.150000 0.000000 0.000013
 0.152500 0.000000 0.000038
 0.155000 0.000000 0.000133
 0.157500 0.000001 0.000301
 0.160000 0.000002 0.000656
 0.162500 0.000005 0.001349
 0.165000 0.000010 0.002611
 0.167500 0.000019 0.004760
 0.170000 0.000035 0.008226
 0.172500 0.000062 0.013500
 0.175000 0.000105 0.021175
 0.177500 0.000171 0.031917
 0.180000 0.000269 0.046515
 0.182500 0.000410 0.066084
 0.185000 0.000608 0.092236
 0.187500 0.000881 0.127058
 0.190000 0.001257 0.173747
 0.192500 0.001769 0.236659
 0.195000 0.002465 0.321334
 0.197500 0.003409 0.434821
 0.200000 0.004682 0.585583
 0.202500 0.006391 0.783990
 0.205000 0.008670 1.042067
 0.207500 0.011685 1.373786
 0.210000 0.015639 1.794465
 0.212500 0.020778 2.322411
 0.215000 0.027394 2.976951
 0.217500 0.035833 3.780674
 0.220000 0.046496 4.756758
 0.222500 0.059848 5.931506
 0.225000 0.076417 7.330392
 0.227500 0.096793 8.978422
 0.230000 0.121640 10.904213
 0.232500 0.151683 13.134426
 0.235000 0.187722 15.698531
 0.237500 0.230630 18.627908
 0.240000 0.281361 21.953056
 0.242500 0.340937 25.700199
 0.245000 0.410437 29.887327
 0.247500 0.490981 34.523714
 0.250000 0.583686 39.605275
 0.252500 0.689646 45.118469
 0.255000 0.809922 51.045037
 0.257500 0.945521 57.362995
 0.260000 1.097391 64.044295
 0.262500 1.266381 71.043649
 0.265000 1.453214 78.295743
 0.267500 1.658410 85.704349
 0.270000 1.882203 93.141442
 0.272500 2.124469 100.450825
 0.275000 2.384681 107.467520
 0.277500 2.661914 114.037203
 0.280000 2.954877 120.029803
 0.282500 3.262005 125.351017
 0.285000 3.581525 129.934081
 0.287500 3.911526 133.726820
 0.290000 4.249965 136.674928
 0.292500 4.594636 138.700759
 0.295000 4.943108 139.706454
 0.297500 5.292705 139.591824
 0.300000 5.640517 138.283382
 0.302500 5.983524 135.762951
 0.305000 6.318746 132.079174
 0.307500 6.643401 127.351480
 0.310000 6.955048 121.712264
 0.312500 7.251563 115.283089
 0.315000 7.531052 108.125063
 0.317500 7.791713 100.234443
 0.320000 8.031633 91.554188
 0.322500 8.248766 82.023044
 0.325000 8.440951 71.633237
 0.327500 8.606114 60.458394
 0.330000 8.742488 48.662194
 0.332500 8.848803 36.483322
 0.335000 8.924408 24.174741
 0.337500 8.969272 11.960524
 0.340000 8.983856 0.001089
 0.342500 8.968935 -11.594260
 0.345000 8.925496 -22.773901
 0.347500 8.854631 -33.491340
 0.350000 8.757567 -43.693427
 0.352500 8.635691 -53.301834
 0.355000 8.490602 -62.221474
 0.357500 8.324135 -70.368015
 0.360000 8.138300 -77.683592
 0.362500 7.935193 -84.160811
 0.365000 7.716891 -89.830434
 0.367500 7.485337 -94.748136
 0.370000 7.242339 -98.980760
 0.372500 6.989552 -102.579540
 0.375000 6.728523 -105.565110
 0.377500 6.460802 -107.924695
 0.380000 6.188002 -109.617910
 0.382500 5.911852 -110.594275
 0.385000 5.634192 -110.811962
 0.387500 5.356949 -110.268301
 0.390000 5.081984 -109.003004
 0.392500 4.811014 -107.109903
 0.395000 4.545441 -104.699702
 0.397500 4.286412 -101.917611
 0.400000 4.034707 -98.868883
 0.402500 3.790888 -95.631951
 0.405000 3.555366 -92.249944
 0.407500 3.328476 -88.740958
 0.410000 3.110524 -85.114783
 0.412500 2.901793 -81.389649
 0.415000 2.702495 -77.590236
 0.417500 2.512775 -73.753267
 0.420000 2.332672 -69.915393
 0.422500 2.162152 -66.116961
 0.425000 2.001073 -62.383078
 0.427500 1.849247 -58.737724
 0.430000 1.706436 -55.195212
 0.432500 1.572371 -51.763046
 0.435000 1.446770 -48.442158
 0.437500 1.329346 -45.231077
 0.440000 1.219831 -42.135201
 0.442500 1.117930 -39.155288
 0.445000 1.023346 -36.304328
 0.447500 0.935734 -33.593027
 0.450000 0.854727 -31.035770
 0.452500 0.779931 -28.642293
 0.455000 0.710935 -26.409586
 0.457500 0.647339 -24.327285
 0.460000 0.588790 -22.382842
 0.462500 0.534962 -20.562013
 0.465000 0.485555 -18.852453
 0.467500 0.440300 -17.251889
 0.470000 0.398923 -15.759767
 0.472500 0.361150 -14.376799
 0.475000 0.326704 -13.103460
 0.477500 0.295321 -11.937364
 0.480000 0.266736 -10.869971
 0.482500 0.240711 -9.893633
 0.485000 0.217030 -9.001341
 0.487500 0.195489 -8.185831
 0.490000 0.175900 -7.442940
 0.492500 0.158089 -6.768240
 0.495000 0.141889 -6.155757
 0.497500 0.127156 -5.600296
 0.500000 0.113754 -5.092229
 0.502500 0.101574 -4.623673
 0.505000 0.090529 -4.187484
 0.507500 0.080545 -3.777566
 0.510000 0.071558 -3.390550
 0.512500 0.063513 -3.027062
 0.515000 0.056348 -2.689868
 0.517500 0.049992 -2.381890
 0.520000 0.044368 -2.106344
 0.522500 0.039393 -1.864339
 0.525000 0.034984 -1.654662
 0.527500 0.031065 -1.473076
 0.530000 0.027571 -1.314796
 0.532500 0.024449 -1.174789
 0.535000 0.021661 -1.050838
 0.537500 0.019166 -0.939615
 0.540000 0.016934 -0.840432
 0.542500 0.014936 -0.753053
 0.545000 0.013146 -0.675786
 0.547500 0.011538 -0.606376
 0.550000 0.010097 -0.542673
 0.552500 0.008812 -0.482866
 0.555000 0.007672 -0.425803
 0.557500 0.006672 -0.371700
 0.560000 0.005803 -0.321717
 0.562500 0.005053 -0.276892
 0.565000 0.004408 -0.238265
 0.567500 0.003851 -0.206109
 0.570000 0.003368 -0.179874
 0.572500 0.002944 -0.158479
 0.575000 0.002570 -0.140523
 0.577500 0.002237 -0.124533
 0.580000 0.001943 -0.109903
 0.582500 0.001684 -0.096288
 0.585000 0.001458 -0.083840
 0.587500 0.001262 -0.073059
 0.590000 0.001090 -0.064103
 0.592500 0.000938 -0.056976
 0.595000 0.000802 -0.051520
 0.597500 0.000679 -0.046807
 0.600000 0.000568 -0.042229
 0.602500 0.000468 -0.037184
 0.605000 0.000381 -0.031634
 0.607500 0.000309 -0.025796
 0.610000 0.000252 -0.020157
 0.612500 0.000207 -0.015275
 0.615000 0.000174 -0.011666
 0.617500 0.000148 -0.009345
 0.620000 0.000126 -0.008085
 0.622500 0.000106 -0.007546
 0.625000 0.000088 -0.007225
 0.627500 0.000070 -0.006832
 0.630000 0.000054 -0.006174
 0.632500 0.000039 -0.005290
 0.635000 0.000027 -0.004247
 0.637500 0.000018 -0.003164
 0.640000 0.000011 -0.002226
 0.642500 0.000007 -0.001469
 0.645000 0.000004 -0.000906
 0.647500 0.000002 -0.000523
 0.650000 0.000001 -0.000283
 0.652500 0.000000 -0.000144
 0.655000 0.000000 -0.000055
 0.657500 0.000000 -0.000025
 0.660000 0.000000 0.000000
 0.662500 0.000000 0.000000
 0.665000 0.000000 0.000000
 0.667500 0.000000 0.000000
 0.670000 0.000000 0.000000
 0.672500 0.000000 0.000000
 0.675000 0.000000 0.000000
 0.677500 0.000000 0.000000
 0.680000 0.000000 0.000000
 0.682500 0.000000 0.000000
 0.685000 0.000000 0.000000
 0.687500 0.000000 0.000000
 0.690000 0.000000 0.000000
 0.692500 0.000000 0.000000
 0.695000 0.000000 0.000000
 0.697500 0.000000 0.000000
 0.700000 0.000000 0.000000
 0.702500 0.000000 0.000000
 0.705000 0.000000 0.000000
 0.707500 0.000000 0.000000
 0.710000 0.000000 0.000000
 0.712500 0.000000 0.000000
 0.715000 0.000000 0.000000
 0.717500 0.000000 0.000000
 0.720000 0.000000 0.000000
 0.722500 0.000000 0.000000
 0.725000 0.000000 0.000000
 0.727500 0.000000 0.000000
 0.730000 0.000000 0.000000
 0.732500 0.000000 0.000000
 0.735000 0.000000 0.000000
 0.737500 0.000000 0.000000
 0.740000 0.000000 0.000000
 0.742500 0.000000 0.000000
 0.745000 0.000000 0.000000
 0.747500 0.000000 0.000000
 0.750000 0.000000 0.000000
 0.752500 0.000000 0.000000
 0.755000 0.000000 0.000000
 0.757500 0.000000 0.000000
 0.760000 0.000000 0.000000
 0.762500 0.000000 0.000000
 0.765000 0.000000 0.000000
 0.767500 0.000000 0.000000
 0.770000 0.000000 0.000000
 0.772500 0.000000 0.000000
 0.775000 0.000000 0.000000
 0.777500 0.000000 0.000000
 0.780000 0.000000 0.000000
 0.782500 0.000000 0.000000
 0.785000 0.000000 0.000000
 0.787500 0.000000 0.000000
 0.790000 0.000000 0.000000
 0.792500 0.000000 0.000000
 0.795000 0.000000 0.000000
 0.797500 0.000000 0.000000
 0.800000 0.000000 0.000000
 0.802500 0.000000 0.000000
 0.805000 0.000000 0.000000
 0.807500 0.000000 0.000000
 0.810000 0.000000 0.000000
 0.812500 0.000000 0.000000
 0.815000 0.000000 0.000000
 0.817500 0.000000 0.000000
 0.820000 0.000000 0.000000
 0.822500 0.000000 0.000000
 0.825000 0.000000 0.000000
 0.827500 0.000000 0.000000
 0.830000 0.000000 0.000000
 0.832500 0.000000 0.000000
 0.835000 0.000000 0.000000
 0.837500 0.000000 0.000000
 0.840000 0.000000 0.000000
 0.842500 0.000000 0.000000
 0.845000 0.000000 0.000000
 0.847500 0.000000 0.000000
 0.850000 0.000000 0.000000
 0.852500 0.000000 0.000000
 0.855000 0.000000 0.000000
 0.857500 0.000000 0.000000
 0.860000 0.000000 0.000000
 0.862500 0.000000 0.000000
 0.865000 0.000000 0.000000
 0.867500 0.000000 0.000000
 0.870000 0.000000 0.000000
 0.872500 0.000000 0.000000
 0.875000 0.000000 0.000000
 0.877500 0.000000 0.000000
 0.880000 0.000000 0.000000
 0.882500 0.000000 0.000000
 0.885000 0.000000 0.000000
 0.887500 0.000000 0.000000
 0.890000 0.000000 0.000000
 0.892500 0.000000 0.000000
 0.895000 0.000000 0.000000
 0.897500 0.000000 0.000000
 0.900000 0.000000 0.000000
 0.902500 0.000000 0.000000
 0.905000 0.000000 0.000000
 0.907500 0.000000 0.000000
 0.910000 0.000000 0.000000
 0.912500 0.000000 0.000000
 0.915000 0.000000 0.000000
 0.917500 0.000000 0.000000
 0.920000 0.000000 0.000000
 0.922500 0.000000 0.000000
 0.925000 0.000000 0.000000
 0.927500 0.000000 0.000000
 0.930000 0.000000 0.000000
 0.932500 0.000000 0.000000
 0.935000 0.000000 0.000000
 0.937500 0.000000 0.000000
 0.940000 0.000000 0.000000
 0.942500 0.000000 0.000000
 0.945000 0.000000 0.000000
 0.947500 0.000000 0.000000
 0.950000 0.000000 0.000000
 0.952500 0.000000 0.000000
 0.955000 0.000000 0.000000
 0.957500 0.000000 0.000000
 0.960000 0.000000 0.000000
 0.962500 0.000000 0.000000
 0.965000 0.000000 0.000000
 0.967500 0.000000 0.000000
 0.970000 0.000000 0.000000
 0.972500 0.000000 0.000000
 0.975000 0.000000 0.000000
 0.977500 0.000000 0.000000
 0.980000 0.000000 0.000000
 0.982500 0.000000 0.000000
 0.985000 0.000000 0.000000
 0.987500 0.000000 0.000000
 0.990000 0.000000 0.000000
 0.992500 0.000000 0.000000
 0.995000 0.000000 0.000000
 0.997500 0.000000 0.000000
 1.000000 0.000000 0.000000
 1.002500 0.000000 0.000000
 1.005000 0.000000 0.000000
 1.007500 0.000000 0.000000
 1.010000 0.000000 0.000000
 1.012500 0.000000 0.000000
 1.015000 0.000000 0.000000
 1.017500 0.000000 0.000000
 1.020000 0.000000 0.000000
 1.022500 0.000000 0.000000
 1.025000 0.000000 0.000000
 1.027500 0.000000 0.000000
 1.030000 0.000000 0.000000
 1.032500 0.000000 0.000000
 1.035000 0.000000 0.000000
 1.037500 0.000000 0.000000
 1.040000 0.000000 0.000000
 1.042500 0.000000 0.000000
 1.045000 0.000000 0.000000
 1.047500 0.000000 0.000000
 1.050000 0.000000 0.000000
 1.052500 0.000000 0.000000
 1.055000 0.000000 0.000000
 1.057500 0.000000 0.000000
 1.060000 0.000000 0.000000
 1.062500 0.000000 0.000000
 1.065000 0.000000 0.000000
 1.067500 0.000000 0.000000
 1.070000 0.000000 0.000000
 1.072500 0.000000 0.000000
 1.075000 0.000000 0.000000
 1.077500 0.000000 0.000000
 1.080000 0.000000 0.000000
 1.082500 0.000000 0.000000
 1.085000 0.000000 0.000000
 1.087500 0.000000 0.000000
 1.090000 0.000000 0.000000
 1.092500 0.000000 0.000000
 1.095000 0.000000 0.000000
 1.097500 0.000000 0.000000
 1.100000 0.000000 0.000000
 1.102500 0.000000 0.000000
 1.105000 0.000000 0.000000
 1.107500 0.000000 0.000000
 1.110000 0.000000 0.000000
 1.112500 0.000000 0.000000
 1.115000 0.000000 0.000000
 1.117500 0.000000 0.000000
 1.120000 0.000000 0.000000
 1.122500 0.000000 0.000000
 1.125000 0.000000 0.000000
 1.127500 0.000000 0.000000
 1.130000 0.000000 0.000000
 1.132500 0.000000 0.000000
 1.135000 0.000000 0.000000
 1.137500 0.000000 0.000000
 1.140000 0.000000 0.000000
 1.142500 0.000000 0.000000
 1.145000 0.000000 0.000000
 1.147500 0.000000 0.000000
 1.150000 0.000000 0.000000
 1.152500 0.000000 0.000000
 1.155000 0.000000 0.000000
 1.157500 0.000000 0.000000
 1.160000 0.000000 0.000000
 1.162500 0.000000 0.000000
 1.165000 0.000000 0.000000
 1.167500 0.000000 0.000000
 1.170000 0.000000 0.000000
 1.172500 0.000000 0.000000
 1.175000 0.000000 0.000000
 1.177500 0.000000 0.000000
 1.180000 0.000000 0.000000
 1.182500 0.000000 0.000000
 1.185000 0.000000 0.000000
 1.187500 0.000000 0.000000
 1.190000 0.000000 0.000000
 1.192500 0.000000 0.000000
 1.195000 0.000000 0.000000
 1.197500 0.000000 0.000000
 1.200000 0.000000 0.000000
 1.202500 0.000000 0.000000
 1.205000 0.000000 0.000000
 1.207500 0.000000 0.000000
 1.210000 0.000000 0.000000
 1.212500 0.000000 0.000000
 1.215000 0.000000 0.000000
 1.217500 0.000000 0.000000
 1.220000 0.000000 0.000000
 1.222500 0.000000 0.000000
 1.225000 0.000000 0.000000
 1.227500 0.000000 0.000000
 1.230000 0.000000 0.000000
 1.232500 0.000000 0.000000
 1.235000 0.000000 0.000000
 1.237500 0.000000 0.000000
 1.240000 0.000000 0.000000
 1.242500 0.000000 0.000000
 1.245000 0.000000 0.000000
 1.247500 0.000000 0.000000
 1.250000 0.000000 0.000000
 1.252500 0.000000 0.000000
 1.255000 0.000000 0.000000
 1.257500 0.000000 0.000000
 1.260000 0.000000 0.000000
 1.262500 0.000000 0.000000
 1.265000 0.000000 0.000000
 1.267500 0.000000 0.000000
 1.270000 0.000000 0.000000
 1.272500 0.000000 0.000000
 1.275000 0.000000 0.000000
 1.277500 0.000000 0.000000
 1.280000 0.000000 0.000000
 1.282500 0.000000 0.000000
 1.285000 0.000000 0.000000
 1.287500 0.000000 0.000000
 1.290000 0.000000 0.000000
 1.292500 0.000000 0.000000
 1.295000 0.000000 0.000000
 1.297500 0.000000 0.000000
 1.300000 0.000000 0.000000
 1.302500 0.000000 0.000000
 1.305000 0.000000 0.000000
 1.307500 0.000000 0.000000
 1.310000 0.000000 0.000000
 1.312500 0.000000 0.000000
 1.315000 0.000000 0.000000
 1.317500 0.000000 0.000000
 1.320000 0.000000 0.000000
 1.322500 0.000000 0.000000
 1.325000 0.000000 0.000000
 1.327500 0.000000 0.000000
 1.330000 0.000000 0.000000
 1.332500 0.000000 0.000000
 1.335000 0.000000 0.000000
 1.337500 0.000000 0.000000
 1.340000 0.000000 0.000000
 1.342500 0.000000 0.000000
 1.345000 0.000000 0.000000
 1.347500 0.000000 0.000000
 1.350000 0.000000 0.000000
 1.352500 0.000000 0.000000
 1.355000 0.000000 0.000000
 1.357500 0.000000 0.000000
 1.360000 0.000000 0.000000
 1.362500 0.000000 0.000000
 1.365000 0.000000 0.000000
 1.367500 0.000000 0.000000
 1.370000 0.000000 0.000000
 1.372500 0.000000 0.000000
 1.375000 0.000000 0.000000
 1.377500 0.000000 0.000000
 1.380000 0.000000 0.000000
 1.382500 0.000000 0.000000
 1.385000 0.000000 0.000000
 1.387500 0.000000 0.000000
 1.390000 0.000000 0.000000
 1.392500 0.000000 0.000000
 1.395000 0.000000 0.000000
 1.397500 0.000000 0.000000
 1.400000 0.000000 0.000000
 1.402500 0.000000 0.000000
 1.405000 0.000000 0.000000
 1.407500 0.000000 0.000000
 1.410000 0.000000 0.000000
 1.412500 0.000000 0.000000
 1.415000 0.000000 0.000000
 1.417500 0.000000 0.000000
 1.420000 0.000000 0.000000
 1.422500 0.000000 0.000000
 1.425000 0.000000 0.000000
 1.427500 0.000000 0.000000
 1.430000 0.000000 0.000000
 1.432500 0.000000 0.000000
 1.435000 0.000000 0.000000
 1.437500 0.000000 0.000000
 1.440000 0.000000 0.000000
 1.442500 0.000000 0.000000
 1.445000 0.000000 0.000000
 1.447500 0.000000 0.000000
 1.450000 0.000000 0.000000
 1.452500 0.000000 0.000000
 1.455000 0.000000 0.000000
 1.457500 0.000000 0.000000
 1.460000 0.000000 0.000000
 1.462500 0.000000 0.000000
 1.465000 0.000000 0.000000
 1.467500 0.000000 0.000000
 1.470000 0.000000 0.000000
 1.472500 0.000000 0.000000
 1.475000 0.000000 0.000000
 1.477500 0.000000 0.000000
 1.480000 0.000000 0.000000
 1.482500 0.000000 0.000000
 1.485000 0.000000 0.000000
 1.487500 0.000000 0.000000
 1.490000 0.000000 0.000000
 1.492500 0.000000 0.000000
 1.495000 0.000000 0.000000
 1.497500 0.000000 0.000000
 1.500000 0.000000 0.000000
 1.502500 0.000000 0.000000
 1.505000 0.000000 0.000000
 1.507500 0.000000 0.000000
 1.510000 0.000000 0.000000
 1.512500 0.000000 0.000000
 1.515000 0.000000 0.000000
 1.517500 0.000000 0.000000
 1.520000 0.000000 0.000000
 1.522500 0.000000 0.000000
 1.525000 0.000000 0.000000
 1.527500 0.000000 0.000000
 1.530000 0.000000 0.000000
 1.532500 0.000000 0.000000
 1.535000 0.000000 0.000000
 1.537500 0.000000 0.000000
 1.540000 0.000000 0.000000
 1.542500 0.000000 0.000000
 1.545000 0.000000 0.000000
 1.547500 0.000000 0.000000
 1.550000 0.000000 0.000000
 1.552500 0.000000 0.000000
 1.555000 0.000000 0.000000
 1.557500 0.000000 0.000000
 1.560000 0.000000 0.000000
 1.562500 0.000000 0.000000
 1.565000 0.000000 0.000000
 1.567500 0.000000 0.000000
 1.570000 0.000000 0.000000
 1.572500 0.000000 0.000000
 1.575000 0.000000 0.000000
 1.577500 0.000000 0.000000
 1.580000 0.000000 0.000000
 1.582500 0.000000 0.000000
 1.585000 0.000000 0.000000
 1.587500 0.000000 0.000000
 1.590000 0.000000 0.000000
 1.592500 0.000000 0.000000
 1.595000 0.000000 0.000000
 1.597500 0.000000 0.000000
 1.600000 0.000000 0.000000
 1.602500 0.000000 0.000000
 1.605000 0.000000 0.000000
 1.607500 0.000000 0.000000
 1.610000 0.000000 0.000000
 1.612500 0.000000 0.000000
 1.615000 0.000000 0.000000
 1.617500 0.000000 0.000000
 1.620000 0.000000 0.000000
 1.622500 0.000000 0.000000
 1.625000 0.000000 0.000000
 1.627500 0.000000 0.000000
 1.630000 0.000000 0.000000
 1.632500 0.000000 0.000000
 1.635000 0.000000 0.000000
 1.637500 0.000000 0.000000
 1.640000 0.000000 0.000000
 1.642500 0.000000 0.000000
 1.645000 0.000000 0.000000
 1.647500 0.000000 0.000000
 1.650000 0.000000 0.000000
 1.652500 0.000000 0.000000
 1.655000 0.000000 0.000000
 1.657500 0.000000 0.000000
 1.660000 0.000000 0.000000
 1.662500 0.000000 0.000000
 1.665000 0.000000 0.000000
 1.667500 0.000000 0.000000
 1.670000 0.000000 0.000000
 1.672500 0.000000 0.000000
 1.675000 0.000000 0.000000
 1.677500 0.000000 0.000000
 1.680000 0.000000 0.000000
 1.682500 0.000000 0.000000
 1.685000 0.000000 0.000000
 1.687500 0.000000 0.000000
 1.690000 0.000000 0.000000
 1.692500 0.000000 0.000000
 1.695000 0.000000 0.000000
 1.697500 0.000000 0.000000
 1.700000 0.000000 0.000000
 1.702500 0.000000 0.000000
 1.705000 0.000000 0.000000
 1.707500 0.000000 0.000000
 1.710000 0.000000 0.000000
 1.712500 0.000000 0.000000
 1.715000 0.000000 0.000000
 1.717500 0.000000 0.000000
 1.720000 0.000000 0.000000
 1.722500 0.000000 0.000000
 1.725000 0.000000 0.000000
 1.727500 0.000000 0.000000
 1.730000 0.000000 0.000000
 1.732500 0.000000 0.000000
 1.735000 0.000000 0.000000
 1.737500 0.000000 0.000000
 1.740000 0.000000 0.000000
 1.742500 0.000000 0.000000
 1.745000 0.000000 0.000000
 1.747500 0.000000 0.000000
 1.750000 0.000000 0.000000
 1.752500 0.000000 0.000000
 1.755000 0.000000 0.000000
 1.757500 0.000000 0.000000
 1.760000 0.000000 0.000000
 1.762500 0.000000 0.000000
 1.765000 0.000000 0.000000
 1.767500 0.000000 0.000000
 1.770000 0.000000 0.000000
 1.772500 0.000000 0.000000
 1.775000 0.000000 0.000000
 1.777500 0.000000 0.000000
 1.780000 0.000000 0.000000
 1.782500 0.000000 0.000000
 1.785000 0.000000 0.000000
 1.787500 0.000000 0.000000
 1.790000 0.000000 0.000000
 1.792500 0.000000 0.000000
 1.795000 0.000000 0.000000
 1.797500 0.000000 0.000000
 1.800000 0.000000 0.000000
 1.802500 0.000000 0.000000
 1.805000 0.000000 0.000000
 1.807500 0.000000 0.000000
 1.810000 0.000000 0.000000
 1.812500 0.000000 0.000000
 1.815000 0.000000 0.000000
 1.817500 0.000000 0.000000
 1.820000 0.000000 0.000000
 1.822500 0.000000 0.000000
 1.825000 0.000000 0.000000
 1.827500 0.000000 0.000000
 1.830000 0.000000 0.000000
 1.832500 0.000000 0.000000
 1.835000 0.000000 0.000000
 1.837500 0.000000 0.000000
 1.840000 0.000000 0.000000
 1.842500 0.000000 0.000000
 1.845000 0.000000 0.000000
 1.847500 0.000000 0.000000
 1.850000 0.000000 0.000000
 1.852500 0.000000 0.000000
 1.855000 0.000000 0.000000
 1.857500 0.000000 0.000000
 1.860000 0.000000 0.000000
 1.862500 0.000000 0.000000
 1.865000 0.000000 0.000000
 1.867500 0.000000 0.000000
 1.870000 0.000000 0.000000
 1.872500 0.000000 0.000000
 1.875000 0.000000 0.000000
 1.877500 0.000000 0.000000
 1.880000 0.000000 0.000000
 1.882500 0.000000 0.000000
 1.885000 0.000000 0.000000
 1.887500 0.000000 0.000000
 1.890000 0.000000 0.000000
 1.892500 0.000000 0.000000
 1.895000 0.000000 0.000000
 1.897500 0.000000 0.000000
 1.900000 0.000000 0.000000
 1.902500 0.000000 0.000000
 1.905000 0.000000 0.000000
 1.907500 0.000000 0.000000
 1.910000 0.000000 0.000000
 1.912500 0.000000 0.000000
 1.915000 0.000000 0.000000
 1.917500 0.000000 0.000000
 1.920000 0.000000 0.000000
 1.922500 0.000000 0.000000
 1.925000 0.000000 0.000000
 1.927500 0.000000 0.000000
 1.930000 0.000000 0.000000
 1.932500 0.000000 0.000000
 1.935000 0.000000 0.000000
 1.937500 0.000000 0.000000
 1.940000 0.000000 0.000000
 1.942500 0.000000 0.000000
 1.945000 0.000000 0.000000
 1.947500 0.000000 0.000000
 1.950000 0.000000 0.000000
 1.952500 0.000000 0.000000
 1.955000 0.000000 0.000000
 1.957500 0.000000 0.000000
 1.960000 0.000000 0.000000
 1.962500 0.000000 0.000000
 1.965000 0.000000 0.000000
 1.967500 0.000000 0.000000
 1.970000 0.000000 0.000000
 1.972500 0.000000 0.000000
 1.975000 0.000000 0.000000
 1.977500 0.000000 0.000000
 1.980000 0.000000 0.000000
 1.982500 0.000000 0.000000
 1.985000 0.000000 0.000000
 1.987500 0.000000 0.000000
 1.990000 0.000000 0.000000
 1.992500 0.000000 0.000000
 1.995000 0.000000 0.000000
 1.997500 0.000000 0.000000
 2.000000 0.000000 0.000000
