#! FIELDS time refcv.mean refcv.morethan
 20.000000 0.843075 635.423809
 25.000000 0.838764 636.814455
 30.000000 0.832872 631.290228
 35.000000 0.839062 636.943614
 40.000000 0.855148 637.267689
 45.000000 0.837020 635.041878
 50.000000 0.842583 633.681854
 55.000000 0.844223 635.244285
 60.000000 0.842954 636.053288
 65.000000 0.849698 636.838371
 70.000000 0.837347 634.806377
 75.000000 0.838208 635.414369
 80.000000 0.843425 636.137843
 85.000000 0.830803 635.002119
 90.000000 0.838453 635.331679
 95.000000 0.838874 635.778712
 100.000000 0.837772 635.382200
 105.000000 0.831964 634.722605
 110.000000 0.836421 635.091347
 115.000000 0.845120 636.995238
 120.000000 0.830008 633.929735
 125.000000 0.837288 636.671246
 130.000000 0.840425 635.437390
 135.000000 0.838833 634.567340
 140.000000 0.833330 634.109786
 145.000000 0.832524 634.495913
 150.000000 0.836079 635.159331
 155.000000 0.839219 634.423316
 160.000000 0.842371 635.571499
 165.000000 0.841781 635.821196
 170.000000 0.842675 635.379048
 175.000000 0.835017 634.457198
 180.000000 0.838612 636.147374
 185.000000 0.849816 637.277115
 190.000000 0.841056 636.802445
 195.000000 0.844085 634.101802
 200.000000 0.841415 635.801507
 205.000000 0.850700 636.741409
 210.000000 0.839093 634.755752
 215.000000 0.843319 635.664798
 220.000000 0.842542 636.868264
 225.000000 0.850530 637.090745
 230.000000 0.845454 636.475062
 235.000000 0.852080 636.531898
 240.000000 0.838319 635.813797
 245.000000 0.844416 635.730056
 250.000000 0.838995 635.095740
 255.000000 0.837942 635.431276
 260.000000 0.839476 634.865194
 265.000000 0.837458 632.790943
 270.000000 0.848641 636.260577
 275.000000 0.851384 637.032584
 280.000000 0.836807 634.299675
 285.000000 0.844322 635.285071
 290.000000 0.834638 634.107230
 295.000000 0.830770 631.249235
 300.000000 0.847389 634.223783
 305.000000 0.849322 637.040670
 310.000000 0.847162 637.313923
 315.000000 0.844206 636.667932
 320.000000 0.843691 636.199279
 325.000000 0.843634 635.204983
 330.000000 0.826290 632.281429
 335.000000 0.832643 635.457118
 340.000000 0.844354 637.215116
 345.000000 0.835762 635.313298
 350.000000 0.832828 634.493747
 355.000000 0.839072 636.735971
 360.000000 0.833338 635.636795
 365.000000 0.845425 636.080467
 370.000000 0.836684 635.906274
 375.000000 0.838815 634.657887
 380.000000 0.840263 635.924462
 385.000000 0.832180 632.692676
 390.000000 0.852954 635.459288
 395.000000 0.838578 635.756981
 400.000000 0.847696 635.872134
