#! FIELDS time refcv.mean refcv.morethan
 20.000000 1.116558 639.956049
 25.000000 1.118165 639.957236
 30.000000 1.114152 639.954503
 35.000000 1.121009 639.958636
 40.000000 1.124661 639.960391
 45.000000 1.116087 639.955915
 50.000000 1.119005 639.957146
 55.000000 1.119989 639.957506
 60.000000 1.118671 639.957312
 65.000000 1.121583 639.958824
 70.000000 1.116488 639.956230
 75.000000 1.116798 639.956416
 80.000000 1.123823 639.959590
 85.000000 1.113963 639.955058
 90.000000 1.119920 639.957537
 95.000000 1.123047 639.959229
 100.000000 1.112372 639.954243
 105.000000 1.117833 639.956907
 110.000000 1.114620 639.955149
 115.000000 1.121831 639.958861
 120.000000 1.114597 639.954823
 125.000000 1.118514 639.957398
 130.000000 1.118939 639.957609
 135.000000 1.117433 639.956205
 140.000000 1.114883 639.955474
 145.000000 1.114427 639.954805
 150.000000 1.118290 639.956769
 155.000000 1.116926 639.956304
 160.000000 1.119352 639.957461
 165.000000 1.118011 639.956891
 170.000000 1.118662 639.957394
 175.000000 1.114524 639.955473
 180.000000 1.120759 639.958329
 185.000000 1.121466 639.959099
 190.000000 1.117886 639.957142
 195.000000 1.122125 639.958574
 200.000000 1.118746 639.957345
 205.000000 1.121053 639.958611
 210.000000 1.119791 639.957861
 215.000000 1.117815 639.956884
 220.000000 1.121909 639.958911
 225.000000 1.119671 639.957804
 230.000000 1.120576 639.958517
 235.000000 1.121922 639.958955
 240.000000 1.119174 639.957652
 245.000000 1.115007 639.955127
 250.000000 1.120106 639.957973
 255.000000 1.116952 639.956209
 260.000000 1.115662 639.956016
 265.000000 1.113579 639.954388
 270.000000 1.122699 639.958877
 275.000000 1.121534 639.958866
 280.000000 1.116246 639.955716
 285.000000 1.122840 639.959106
 290.000000 1.114657 639.955207
 295.000000 1.113448 639.953738
 300.000000 1.122980 639.958802
 305.000000 1.117675 639.957175
 310.000000 1.123084 639.959547
 315.000000 1.118552 639.957258
 320.000000 1.118526 639.957261
 325.000000 1.118838 639.957404
 330.000000 1.114357 639.954509
 335.000000 1.117599 639.956810
 340.000000 1.118314 639.957312
 345.000000 1.117582 639.956762
 350.000000 1.114697 639.954868
 355.000000 1.121234 639.958630
 360.000000 1.113436 639.954715
 365.000000 1.121269 639.958570
 370.000000 1.116317 639.956164
 375.000000 1.116866 639.956182
 380.000000 1.118129 639.957071
 385.000000 1.112712 639.954010
 390.000000 1.122329 639.959021
 395.000000 1.115725 639.955722
 400.000000 1.125364 639.960258
