#! FIELDS time refcv.mean refcv.morethan
 20.000000 1.072466 639.928094
 25.000000 1.073424 639.929799
 30.000000 1.069737 639.924719
 35.000000 1.075893 639.931904
 40.000000 1.079898 639.935087
 45.000000 1.071217 639.927390
 50.000000 1.074957 639.929810
 55.000000 1.074956 639.929805
 60.000000 1.074310 639.930108
 65.000000 1.077092 639.932656
 70.000000 1.071899 639.928075
 75.000000 1.072397 639.928468
 80.000000 1.078907 639.933552
 85.000000 1.069266 639.925890
 90.000000 1.075268 639.930002
 95.000000 1.078033 639.932668
 100.000000 1.068310 639.925172
 105.000000 1.072774 639.928814
 110.000000 1.070095 639.926250
 115.000000 1.077034 639.932515
 120.000000 1.069351 639.924941
 125.000000 1.073695 639.929937
 130.000000 1.073645 639.929945
 135.000000 1.073160 639.927567
 140.000000 1.070209 639.926721
 145.000000 1.069122 639.924918
 150.000000 1.073501 639.928742
 155.000000 1.072742 639.928427
 160.000000 1.074689 639.930080
 165.000000 1.073080 639.928866
 170.000000 1.074178 639.930023
 175.000000 1.070364 639.927002
 180.000000 1.075764 639.931319
 185.000000 1.076771 639.933024
 190.000000 1.073388 639.929880
 195.000000 1.077205 639.931545
 200.000000 1.073551 639.929589
 205.000000 1.076465 639.932152
 210.000000 1.074935 639.930569
 215.000000 1.073619 639.929520
 220.000000 1.076536 639.932188
 225.000000 1.075570 639.931389
 230.000000 1.075634 639.931781
 235.000000 1.077378 639.932744
 240.000000 1.073720 639.929923
 245.000000 1.071091 639.926848
 250.000000 1.075391 639.930830
 255.000000 1.071796 639.927275
 260.000000 1.071659 639.928115
 265.000000 1.069244 639.924716
 270.000000 1.077842 639.932454
 275.000000 1.076740 639.932420
 280.000000 1.071657 639.927094
 285.000000 1.077556 639.932459
 290.000000 1.070474 639.926547
 295.000000 1.068910 639.923480
 300.000000 1.078076 639.932026
 305.000000 1.074104 639.930603
 310.000000 1.077975 639.933442
 315.000000 1.074270 639.930106
 320.000000 1.074126 639.929908
 325.000000 1.074389 639.929997
 330.000000 1.069346 639.924442
 335.000000 1.072520 639.928632
 340.000000 1.073869 639.930025
 345.000000 1.073251 639.929282
 350.000000 1.070681 639.925886
 355.000000 1.076110 639.931727
 360.000000 1.068961 639.925691
 365.000000 1.076567 639.932058
 370.000000 1.071606 639.927959
 375.000000 1.072383 639.927955
 380.000000 1.073605 639.929577
 385.000000 1.067842 639.923776
 390.000000 1.077858 639.932896
 395.000000 1.071433 639.927546
 400.000000 1.080458 639.934794
