#! FIELDS time refcv.mean refcv.morethan
 20.000000 0.975862 639.764649
 25.000000 0.975845 639.771949
 30.000000 0.972537 639.736195
 35.000000 0.977680 639.778129
 40.000000 0.982896 639.792278
 45.000000 0.974391 639.761684
 50.000000 0.976895 639.762960
 55.000000 0.977546 639.768559
 60.000000 0.976864 639.771107
 65.000000 0.980071 639.783282
 70.000000 0.974510 639.762267
 75.000000 0.974911 639.762488
 80.000000 0.979606 639.778930
 85.000000 0.972142 639.754860
 90.000000 0.976159 639.760518
 95.000000 0.977581 639.764621
 100.000000 0.973707 639.761578
 105.000000 0.973731 639.760530
 110.000000 0.973667 639.758934
 115.000000 0.979444 639.781684
 120.000000 0.971898 639.749120
 125.000000 0.975843 639.771758
 130.000000 0.976312 639.770088
 135.000000 0.974893 639.741982
 140.000000 0.972748 639.755611
 145.000000 0.971991 639.750257
 150.000000 0.975031 639.763300
 155.000000 0.975303 639.761890
 160.000000 0.977759 639.771973
 165.000000 0.976512 639.769830
 170.000000 0.976532 639.767809
 175.000000 0.973284 639.759127
 180.000000 0.976656 639.771840
 185.000000 0.979994 639.785609
 190.000000 0.976160 639.774284
 195.000000 0.978281 639.768560
 200.000000 0.976531 639.769036
 205.000000 0.979544 639.781169
 210.000000 0.976048 639.767752
 215.000000 0.976662 639.768205
 220.000000 0.978158 639.778487
 225.000000 0.979698 639.781294
 230.000000 0.978613 639.779620
 235.000000 0.981311 639.785230
 240.000000 0.975905 639.769960
 245.000000 0.976441 639.766102
 250.000000 0.976673 639.767804
 255.000000 0.974749 639.753277
 260.000000 0.974586 639.761935
 265.000000 0.973296 639.749459
 270.000000 0.980269 639.779290
 275.000000 0.980927 639.786730
 280.000000 0.974268 639.758654
 285.000000 0.979214 639.774991
 290.000000 0.972954 639.754234
 295.000000 0.971232 639.735623
 300.000000 0.980007 639.770760
 305.000000 0.978240 639.778919
 310.000000 0.980320 639.785496
 315.000000 0.977311 639.773555
 320.000000 0.976958 639.769064
 325.000000 0.977588 639.770972
 330.000000 0.970292 639.736715
 335.000000 0.974004 639.762982
 340.000000 0.977151 639.775411
 345.000000 0.975005 639.765298
 350.000000 0.972582 639.745931
 355.000000 0.977180 639.774750
 360.000000 0.972532 639.759238
 365.000000 0.978386 639.776244
 370.000000 0.974965 639.766852
 375.000000 0.974600 639.756113
 380.000000 0.975939 639.769414
 385.000000 0.971552 639.744726
 390.000000 0.980534 639.779587
 395.000000 0.974805 639.763729
 400.000000 0.980668 639.781536
