#! FIELDS time refcv.mean refcv.morethan
 20.000000 1.001701 639.832326
 25.000000 1.002473 639.837763
 30.000000 0.998880 639.818711
 35.000000 1.004592 639.842255
 40.000000 1.009076 639.851104
 45.000000 1.000842 639.831598
 50.000000 1.002931 639.832723
 55.000000 1.004113 639.835860
 60.000000 1.003334 639.837636
 65.000000 1.006103 639.844579
 70.000000 1.000968 639.831635
 75.000000 1.000928 639.832250
 80.000000 1.006961 639.844525
 85.000000 0.998268 639.826353
 90.000000 1.002986 639.832571
 95.000000 1.004713 639.836295
 100.000000 0.999146 639.829053
 105.000000 1.000524 639.831085
 110.000000 0.999598 639.828272
 115.000000 1.006264 639.844792
 120.000000 0.998501 639.823731
 125.000000 1.002432 639.837387
 130.000000 1.002840 639.836959
 135.000000 1.001455 639.823505
 140.000000 0.999062 639.827176
 145.000000 0.998533 639.824249
 150.000000 1.001643 639.832239
 155.000000 1.001469 639.831351
 160.000000 1.003897 639.837502
 165.000000 1.002713 639.836199
 170.000000 1.003030 639.836171
 175.000000 0.999824 639.830188
 180.000000 1.003604 639.839140
 185.000000 1.006159 639.846263
 190.000000 1.003077 639.839645
 195.000000 1.004838 639.836873
 200.000000 1.002834 639.836136
 205.000000 1.005818 639.843608
 210.000000 1.002643 639.835594
 215.000000 1.003335 639.836172
 220.000000 1.005074 639.842500
 225.000000 1.005426 639.842496
 230.000000 1.004826 639.842233
 235.000000 1.006662 639.844820
 240.000000 1.002431 639.836464
 245.000000 1.002022 639.832786
 250.000000 1.003362 639.836606
 255.000000 1.001227 639.828379
 260.000000 1.000862 639.831578
 265.000000 0.999311 639.823599
 270.000000 1.006879 639.843368
 275.000000 1.006483 639.845710
 280.000000 1.000647 639.829509
 285.000000 1.005623 639.840594
 290.000000 0.999343 639.826578
 295.000000 0.997963 639.817306
 300.000000 1.006853 639.839280
 305.000000 1.004225 639.841447
 310.000000 1.006828 639.846547
 315.000000 1.003256 639.837857
 320.000000 1.003018 639.836158
 325.000000 1.003929 639.837859
 330.000000 0.997435 639.817575
 335.000000 1.001246 639.833198
 340.000000 1.003361 639.839080
 345.000000 1.001870 639.834573
 350.000000 0.999219 639.822809
 355.000000 1.003817 639.839541
 360.000000 0.998290 639.827361
 365.000000 1.005284 639.841645
 370.000000 1.001481 639.834764
 375.000000 1.001021 639.829005
 380.000000 1.002834 639.836814
 385.000000 0.997527 639.820215
 390.000000 1.006628 639.843236
 395.000000 1.000994 639.831980
 400.000000 1.007582 639.845283
