#! FIELDS refcv hh dhh_refcv
#! SET normalisation  77.000000
#! SET min_refcv -0.5
#! SET max_refcv 2
#! SET nbins_refcv  1000
#! SET periodic_refcv false
 -0.500000 0.000000 0.000000
 -0.497500 0.000000 0.000000
 -0.495000 0.000000 0.000000
 -0.492500 0.000000 0.000000
 -0.490000 0.000000 0.000000
 -0.487500 0.000000 0.000000
 -0.485000 0.000000 0.000000
 -0.482500 0.000000 0.000000
 -0.480000 0.000000 0.000000
 -0.477500 0.000000 0.000000
 -0.475000 0.000000 0.000000
 -0.472500 0.000000 0.000000
 -0.470000 0.000000 0.000000
 -0.467500 0.000000 0.000000
 -0.465000 0.000000 0.000000
 -0.462500 0.000000 0.000000
 -0.460000 0.000000 0.000000
 -0.457500 0.000000 0.000000
 -0.455000 0.000000 0.000000
 -0.452500 0.000000 0.000000
 -0.450000 0.000000 0.000000
 -0.447500 0.000000 0.000000
 -0.445000 0.000000 0.000000
 -0.442500 0.000000 0.000000
 -0.440000 0.000000 0.000000
 -0.437500 0.000000 0.000000
 -0.435000 0.000000 0.000000
 -0.432500 0.000000 0.000000
 -0.430000 0.000000 0.000000
 -0.427500 0.000000 0.000000
 -0.425000 0.000000 0.000000
 -0.422500 0.000000 0.000000
 -0.420000 0.000000 0.000000
 -0.417500 0.000000 0.000000
 -0.415000 0.000000 0.000000
 -0.412500 0.000000 0.000000
 -0.410000 0.000000 0.000000
 -0.407500 0.000000 0.000000
 -0.405000 0.000000 0.000000
 -0.402500 0.000000 0.000000
 -0.400000 0.000000 0.000000
 -0.397500 0.000000 0.000000
 -0.395000 0.000000 0.000000
 -0.392500 0.000000 0.000000
 -0.390000 0.000000 0.000000
 -0.387500 0.000000 0.000000
 -0.385000 0.000000 0.000000
 -0.382500 0.000000 0.000000
 -0.380000 0.000000 0.000000
 -0.377500 0.000000 0.000000
 -0.375000 0.000000 0.000000
 -0.372500 0.000000 0.000000
 -0.370000 0.000000 0.000000
 -0.367500 0.000000 0.000000
 -0.365000 0.000000 0.000000
 -0.362500 0.000000 0.000000
 -0.360000 0.000000 0.000000
 -0.357500 0.000000 0.000000
 -0.355000 0.000000 0.000000
 -0.352500 0.000000 0.000000
 -0.350000 0.000000 0.000000
 -0.347500 0.000000 0.000000
 -0.345000 0.000000 0.000000
 -0.342500 0.000000 0.000000
 -0.340000 0.000000 0.000000
 -0.337500 0.000000 0.000000
 -0.335000 0.000000 0.000000
 -0.332500 0.000000 0.000000
 -0.330000 0.000000 0.000000
 -0.327500 0.000000 0.000000
 -0.325000 0.000000 0.000000
 -0.322500 0.000000 0.000000
 -0.320000 0.000000 0.000000
 -0.317500 0.000000 0.000000
 -0.315000 0.000000 0.000000
 -0.312500 0.000000 0.000000
 -0.310000 0.000000 0.000000
 -0.307500 0.000000 0.000000
 -0.305000 0.000000 0.000000
 -0.302500 0.000000 0.000000
 -0.300000 0.000000 0.000000
 -0.297500 0.000000 0.000000
 -0.295000 0.000000 0.000000
 -0.292500 0.000000 0.000000
 -0.290000 0.000000 0.000000
 -0.287500 0.000000 0.000000
 -0.285000 0.000000 0.000000
 -0.282500 0.000000 0.000000
 -0.280000 0.000000 0.000000
 -0.277500 0.000000 0.000000
 -0.275000 0.000000 0.000000
 -0.272500 0.000000 0.000000
 -0.270000 0.000000 0.000000
 -0.267500 0.000000 0.000000
 -0.265000 0.000000 0.000000
 -0.262500 0.000000 0.000000
 -0.260000 0.000000 0.000000
 -0.257500 0.000000 0.000000
 -0.255000 0.000000 0.000000
 -0.252500 0.000000 0.000000
 -0.250000 0.000000 0.000000
 -0.247500 0.000000 0.000000
 -0.245000 0.000000 0.000000
 -0.242500 0.000000 0.000000
 -0.240000 0.000000 0.000000
 -0.237500 0.000000 0.000000
 -0.235000 0.000000 0.000000
 -0.232500 0.000000 0.000000
 -0.230000 0.000000 0.000000
 -0.227500 0.000000 0.000000
 -0.225000 0.000000 0.000000
 -0.222500 0.000000 0.000000
 -0.220000 0.000000 0.000000
 -0.217500 0.000000 0.000000
 -0.215000 0.000000 0.000000
 -0.212500 0.000000 0.000000
 -0.210000 0.000000 0.000000
 -0.207500 0.000000 0.000000
 -0.205000 0.000000 0.000000
 -0.202500 0.000000 0.000000
 -0.200000 0.000000 0.000000
 -0.197500 0.000000 0.000000
 -0.195000 0.000000 0.000000
 -0.192500 0.000000 0.000000
 -0.190000 0.000000 0.000000
 -0.187500 0.000000 0.000000
 -0.185000 0.000000 0.000000
 -0.182500 0.000000 0.000000
 -0.180000 0.000000 0.000000
 -0.177500 0.000000 0.000000
 -0.175000 0.000000 0.000000
 -0.172500 0.000000 0.000000
 -0.170000 0.000000 0.000000
 -0.167500 0.000000 0.000000
 -0.165000 0.000000 0.000000
 -0.162500 0.000000 0.000000
 -0.160000 0.000000 0.000000
 -0.157500 0.000000 0.000000
 -0.155000 0.000000 0.000000
 -0.152500 0.000000 0.000000
 -0.150000 0.000000 0.000000
 -0.147500 0.000000 0.000000
 -0.145000 0.000000 0.000000
 -0.142500 0.000000 0.000000
 -0.140000 0.000000 0.000000
 -0.137500 0.000000 0.000000
 -0.135000 0.000000 0.000000
 -0.132500 0.000000 0.000000
 -0.130000 0.000000 0.000000
 -0.127500 0.000000 0.000000
 -0.125000 0.000000 0.000000
 -0.122500 0.000000 0.000000
 -0.120000 0.000000 0.000000
 -0.117500 0.000000 0.000000
 -0.115000 0.000000 0.000000
 -0.112500 0.000000 0.000000
 -0.110000 0.000000 0.000000
 -0.107500 0.000000 0.000000
 -0.105000 0.000000 0.000000
 -0.102500 0.000000 0.000000
 -0.100000 0.000000 0.000000
 -0.097500 0.000000 0.000000
 -0.095000 0.000000 0.000000
 -0.092500 0.000000 0.000000
 -0.090000 0.000000 0.000000
 -0.087500 0.000000 0.000000
 -0.085000 0.000000 0.000000
 -0.082500 0.000000 0.000000
 -0.080000 0.000000 0.000000
 -0.077500 0.000000 0.000000
 -0.075000 0.000000 0.000000
 -0.072500 0.000000 0.000000
 -0.070000 0.000000 0.000000
 -0.067500 0.000000 0.000000
 -0.065000 0.000000 0.000000
 -0.062500 0.000000 0.000000
 -0.060000 0.000000 0.000000
 -0.057500 0.000000 0.000000
 -0.055000 0.000000 0.000000
 -0.052500 0.000000 0.000000
 -0.050000 0.000000 0.000000
 -0.047500 0.000000 0.000000
 -0.045000 0.000000 0.000000
 -0.042500 0.000000 0.000000
 -0.040000 0.000000 0.000000
 -0.037500 0.000000 0.000000
 -0.035000 0.000000 0.000000
 -0.032500 0.000000 0.000000
 -0.030000 0.000000 0.000000
 -0.027500 0.000000 0.000000
 -0.025000 0.000000 0.000000
 -0.022500 0.000000 0.000000
 -0.020000 0.000000 0.000000
 -0.017500 0.000000 0.000000
 -0.015000 0.000000 0.000000
 -0.012500 0.000000 0.000000
 -0.010000 0.000000 0.000000
 -0.007500 0.000000 0.000000
 -0.005000 0.000000 0.000000
 -0.002500 0.000000 0.000000
 0.000000 0.000000 0.000000
 0.002500 0.000000 0.000000
 0.005000 0.000000 0.000000
 0.007500 0.000000 0.000000
 0.010000 0.000000 0.000000
 0.012500 0.000000 0.000000
 0.015000 0.000000 0.000000
 0.017500 0.000000 0.000000
 0.020000 0.000000 0.000000
 0.022500 0.000000 0.000000
 0.025000 0.000000 0.000000
 0.027500 0.000000 0.000000
 0.030000 0.000000 0.000000
 0.032500 0.000000 0.000000
 0.035000 0.000000 0.000000
 0.037500 0.000000 0.000000
 0.040000 0.000000 0.000000
 0.042500 0.000000 0.000000
 0.045000 0.000000 0.000000
 0.047500 0.000000 0.000000
 0.050000 0.000000 0.000000
 0.052500 0.000000 0.000000
 0.055000 0.000000 0.000000
 0.057500 0.000000 0.000000
 0.060000 0.000000 0.000000
 0.062500 0.000000 0.000000
 0.065000 0.000000 0.000000
 0.067500 0.000000 0.000000
 0.070000 0.000000 0.000000
 0.072500 0.000000 0.000000
 0.075000 0.000000 0.000000
 0.077500 0.000000 0.000000
 0.080000 0.000000 0.000000
 0.082500 0.000000 0.000000
 0.085000 0.000000 0.000000
 0.087500 0.000000 0.000000
 0.090000 0.000000 0.000000
 0.092500 0.000000 0.000000
 0.095000 0.000000 0.000000
 0.097500 0.000000 0.000000
 0.100000 0.000000 0.000000
 0.102500 0.000000 0.000000
 0.105000 0.000000 0.000000
 0.107500 0.000000 0.000000
 0.110000 0.000000 0.000000
 0.112500 0.000000 0.000000
 0.115000 0.000000 0.000000
 0.117500 0.000000 0.000000
 0.120000 0.000000 0.000000
 0.122500 0.000000 0.000000
 0.125000 0.000000 0.000000
 0.127500 0.000000 0.000000
 0.130000 0.000000 0.000000
 0.132500 0.000000 0.000000
 0.135000 0.000000 0.000000
 0.137500 0.000000 0.000000
 0.140000 0.000000 0.000000
 0.142500 0.000000 0.000000
 0.145000 0.000000 0.000000
 0.147500 0.000000 0.000000
 0.150000 0.000000 0.000000
 0.152500 0.000000 0.000000
 0.155000 0.000000 0.000000
 0.157500 0.000000 0.000000
 0.160000 0.000000 0.000000
 0.162500 0.000000 0.000000
 0.165000 0.000000 0.000000
 0.167500 0.000000 0.000000
 0.170000 0.000000 0.000000
 0.172500 0.000000 0.000000
 0.175000 0.000000 0.000000
 0.177500 0.000000 0.000000
 0.180000 0.000000 0.000000
 0.182500 0.000000 0.000000
 0.185000 0.000000 0.000000
 0.187500 0.000000 0.000000
 0.190000 0.000000 0.000000
 0.192500 0.000000 0.000000
 0.195000 0.000000 0.000000
 0.197500 0.000000 0.000000
 0.200000 0.000000 0.000000
 0.202500 0.000000 0.000000
 0.205000 0.000000 0.000000
 0.207500 0.000000 0.000000
 0.210000 0.000000 0.000000
 0.212500 0.000000 0.000000
 0.215000 0.000000 0.000000
 0.217500 0.000000 0.000000
 0.220000 0.000000 0.000000
 0.222500 0.000000 0.000000
 0.225000 0.000000 0.000000
 0.227500 0.000000 0.000000
 0.230000 0.000000 0.000000
 0.232500 0.000000 0.000000
 0.235000 0.000000 0.000000
 0.237500 0.000000 0.000000
 0.240000 0.000000 0.000000
 0.242500 0.000000 0.000000
 0.245000 0.000000 0.000000
 0.247500 0.000000 0.000000
 0.250000 0.000000 0.000000
 0.252500 0.000000 0.000000
 0.255000 0.000000 0.000000
 0.257500 0.000000 0.000000
 0.260000 0.000000 0.000000
 0.262500 0.000000 0.000000
 0.265000 0.000000 0.000000
 0.267500 0.000000 0.000188
 0.270000 0.000001 0.000446
 0.272500 0.000003 0.000989
 0.275000 0.000007 0.002050
 0.277500 0.000014 0.003965
 0.280000 0.000027 0.007151
 0.282500 0.000051 0.012003
 0.285000 0.000089 0.018714
 0.287500 0.000146 0.027019
 0.290000 0.000225 0.035979
 0.292500 0.000326 0.044133
 0.295000 0.000443 0.049141
 0.297500 0.000567 0.049106
 0.300000 0.000683 0.042951
 0.302500 0.000777 0.031179
 0.305000 0.000837 0.016073
 0.307500 0.000858 0.001213
 0.310000 0.000846 -0.009503
 0.312500 0.000816 -0.013364
 0.315000 0.000786 -0.009846
 0.317500 0.000772 -0.000553
 0.320000 0.000785 0.011241
 0.322500 0.000827 0.021990
 0.325000 0.000892 0.029300
 0.327500 0.000971 0.033057
 0.330000 0.001056 0.034669
 0.332500 0.001145 0.036819
 0.335000 0.001242 0.041438
 0.337500 0.001354 0.048496
 0.340000 0.001486 0.056004
 0.342500 0.001632 0.059984
 0.345000 0.001780 0.057495
 0.347500 0.001913 0.047298
 0.350000 0.002012 0.031315
 0.352500 0.002068 0.014040
 0.355000 0.002085 0.000822
 0.357500 0.002079 -0.003902
 0.360000 0.002075 0.001988
 0.362500 0.002098 0.017748
 0.365000 0.002169 0.040025
 0.367500 0.002299 0.063727
 0.370000 0.002484 0.082995
 0.372500 0.002706 0.091886
 0.375000 0.002932 0.086440
 0.377500 0.003125 0.065789
 0.380000 0.003251 0.033051
 0.382500 0.003286 -0.005043
 0.385000 0.003229 -0.038794
 0.387500 0.003104 -0.058288
 0.390000 0.002954 -0.056908
 0.392500 0.002837 -0.033012
 0.395000 0.002805 0.009279
 0.397500 0.002891 0.060048
 0.400000 0.003102 0.106942
 0.402500 0.003413 0.138497
 0.405000 0.003775 0.148087
 0.407500 0.004134 0.134996
 0.410000 0.004436 0.104522
 0.412500 0.004649 0.065084
 0.415000 0.004762 0.025147
 0.417500 0.004780 -0.009012
 0.420000 0.004723 -0.035039
 0.422500 0.004613 -0.051923
 0.425000 0.004471 -0.058682
 0.427500 0.004327 -0.054910
 0.430000 0.004209 -0.037546
 0.432500 0.004152 -0.005367
 0.435000 0.004194 0.040990
 0.437500 0.004367 0.097429
 0.440000 0.004685 0.156352
 0.442500 0.005143 0.208335
 0.445000 0.005713 0.245252
 0.447500 0.006351 0.261842
 0.450000 0.007004 0.258159
 0.452500 0.007627 0.237524
 0.455000 0.008186 0.208272
 0.457500 0.008668 0.177607
 0.460000 0.009076 0.149328
 0.462500 0.009419 0.125692
 0.465000 0.009705 0.104419
 0.467500 0.009939 0.083234
 0.470000 0.010121 0.061803
 0.472500 0.010251 0.042812
 0.475000 0.010342 0.031002
 0.477500 0.010417 0.031511
 0.480000 0.010513 0.046396
 0.482500 0.010662 0.074679
 0.485000 0.010895 0.112146
 0.487500 0.011224 0.151927
 0.490000 0.011651 0.188933
 0.492500 0.012165 0.220533
 0.495000 0.012750 0.246746
 0.497500 0.013397 0.270763
 0.500000 0.014103 0.294300
 0.502500 0.014873 0.320817
 0.505000 0.015712 0.350033
 0.507500 0.016622 0.379310
 0.510000 0.017602 0.403602
 0.512500 0.018636 0.421054
 0.515000 0.019703 0.430748
 0.517500 0.020783 0.433129
 0.520000 0.021865 0.430895
 0.522500 0.022940 0.428468
 0.525000 0.024010 0.427856
 0.527500 0.025083 0.429611
 0.530000 0.026164 0.434108
 0.532500 0.027260 0.443203
 0.535000 0.028388 0.460451
 0.537500 0.029575 0.489434
 0.540000 0.030852 0.534474
 0.542500 0.032261 0.595880
 0.545000 0.033848 0.674726
 0.547500 0.035656 0.771893
 0.550000 0.037723 0.884389
 0.552500 0.040091 1.011136
 0.555000 0.042788 1.145555
 0.557500 0.045817 1.275286
 0.560000 0.049149 1.384277
 0.562500 0.052714 1.458623
 0.565000 0.056411 1.489767
 0.567500 0.060136 1.483889
 0.570000 0.063816 1.457409
 0.572500 0.067425 1.431001
 0.575000 0.070989 1.423699
 0.577500 0.074571 1.445714
 0.580000 0.078248 1.496391
 0.582500 0.082071 1.560063
 0.585000 0.086044 1.613555
 0.587500 0.090119 1.637902
 0.590000 0.094201 1.619813
 0.592500 0.098178 1.554097
 0.595000 0.101949 1.453039
 0.597500 0.105445 1.339986
 0.600000 0.108674 1.246573
 0.602500 0.111730 1.204030
 0.605000 0.114762 1.233991
 0.607500 0.117972 1.347336
 0.610000 0.121577 1.544926
 0.612500 0.125773 1.822202
 0.615000 0.130753 2.173122
 0.617500 0.136695 2.589302
 0.620000 0.143754 3.064289
 0.622500 0.152056 3.581275
 0.625000 0.161666 4.105336
 0.627500 0.172541 4.577794
 0.630000 0.184471 4.938907
 0.632500 0.197083 5.116631
 0.635000 0.209868 5.066442
 0.637500 0.222221 4.774692
 0.640000 0.233567 4.269382
 0.642500 0.243460 3.625794
 0.645000 0.251680 2.953076
 0.647500 0.258320 2.383526
 0.650000 0.263794 2.034630
 0.652500 0.268768 1.995008
 0.655000 0.274076 2.298981
 0.657500 0.280546 2.918920
 0.660000 0.288874 3.767540
 0.662500 0.299485 4.718994
 0.665000 0.312474 5.649348
 0.667500 0.327646 6.455295
 0.670000 0.344621 7.086007
 0.672500 0.362941 7.540892
 0.675000 0.382228 7.862874
 0.677500 0.402224 8.119800
 0.680000 0.422839 8.372229
 0.682500 0.444118 8.651611
 0.685000 0.466135 8.964876
 0.687500 0.488969 9.300786
 0.690000 0.512664 9.649808
 0.692500 0.537264 10.022567
 0.695000 0.562852 10.441849
 0.697500 0.589576 10.934826
 0.700000 0.617626 11.514659
 0.702500 0.647248 12.178424
 0.705000 0.678592 12.887368
 0.707500 0.711707 13.592067
 0.710000 0.746523 14.235152
 0.712500 0.782837 14.799451
 0.715000 0.820447 15.266461
 0.717500 0.859124 15.648751
 0.720000 0.898656 15.954163
 0.722500 0.938852 16.166774
 0.725000 0.979445 16.273443
 0.727500 1.020138 16.249188
 0.730000 1.060619 16.103111
 0.732500 1.100662 15.905855
 0.735000 1.140242 15.760768
 0.737500 1.179653 15.802292
 0.740000 1.219550 16.158942
 0.742500 1.260835 16.923934
 0.745000 1.304590 18.125635
 0.747500 1.351833 19.728799
 0.750000 1.403486 21.621185
 0.752500 1.460078 23.651623
 0.755000 1.521727 25.631199
 0.757500 1.588065 27.366555
 0.760000 1.658250 28.686393
 0.762500 1.731071 29.462642
 0.765000 1.805112 29.663075
 0.767500 1.879010 29.363344
 0.770000 1.951687 28.738209
 0.772500 2.022654 28.042043
 0.775000 2.092074 27.563159
 0.777500 2.160882 27.548281
 0.780000 2.230423 28.180591
 0.782500 2.302385 29.479499
 0.785000 2.378317 31.330697
 0.787500 2.459345 33.515172
 0.790000 2.545997 35.783686
 0.792500 2.638182 37.898049
 0.795000 2.735287 39.720698
 0.797500 2.836538 41.222354
 0.800000 2.941207 42.470780
 0.802500 3.048797 43.579506
 0.805000 3.159066 44.631652
 0.807500 3.271912 45.636117
 0.810000 3.387171 46.559317
 0.812500 3.504497 47.268467
 0.815000 3.623257 47.669980
 0.817500 3.742514 47.687150
 0.820000 3.861371 47.327398
 0.822500 3.978871 46.637054
 0.825000 4.094351 45.725862
 0.827500 4.207445 44.759027
 0.830000 4.318208 43.906970
 0.832500 4.427170 43.342799
 0.835000 4.535267 43.245442
 0.837500 4.643800 43.718009
 0.840000 4.754262 44.765892
 0.842500 4.867904 46.262779
 0.845000 4.985649 47.992012
 0.847500 5.107681 49.651998
 0.850000 5.233490 50.967978
 0.852500 5.361889 51.711160
 0.855000 5.491290 51.773816
 0.857500 5.619949 51.132809
 0.860000 5.746164 49.832983
 0.862500 5.868361 47.941554
 0.865000 5.985182 45.532732
 0.867500 6.095323 42.658372
 0.870000 6.197720 39.338436
 0.872500 6.291328 35.614860
 0.875000 6.375133 31.531001
 0.877500 6.448331 27.142229
 0.880000 6.510167 22.465621
 0.882500 6.559983 17.522859
 0.885000 6.597100 12.314364
 0.887500 6.620869 6.900451
 0.890000 6.630897 1.321334
 0.892500 6.626893 -4.246730
 0.895000 6.609101 -9.707878
 0.897500 6.577891 -14.903100
 0.900000 6.534064 -19.818029
 0.902500 6.478268 -24.483753
 0.905000 6.410955 -29.025069
 0.907500 6.332193 -33.652352
 0.910000 6.241523 -38.561770
 0.912500 6.138036 -43.923593
 0.915000 6.020463 -49.847688
 0.917500 5.887305 -56.344027
 0.920000 5.737216 -63.406969
 0.922500 5.568866 -70.898928
 0.925000 5.381384 -78.687018
 0.927500 5.174264 -86.535950
 0.930000 4.947729 -94.192678
 0.932500 4.702628 -101.320698
 0.935000 4.440709 -107.567373
 0.937500 4.164610 -112.599422
 0.940000 3.877779 -116.147741
 0.942500 3.584143 -118.018460
 0.945000 3.287982 -118.198039
 0.947500 2.993370 -116.793735
 0.950000 2.703988 -114.056187
 0.952500 2.422837 -110.285926
 0.955000 2.152133 -105.735971
 0.957500 1.893588 -100.611782
 0.960000 1.648458 -94.976026
 0.962500 1.418056 -88.869144
 0.965000 1.203579 -82.233079
 0.967500 1.006398 -75.067865
 0.970000 0.827767 -67.410819
 0.972500 0.668769 -59.409263
 0.975000 0.530034 -51.279284
 0.977500 0.411546 -43.262888
 0.980000 0.312710 -35.633918
 0.982500 0.232241 -28.610593
 0.985000 0.168414 -22.377358
 0.987500 0.119112 -17.029701
 0.990000 0.082063 -12.596378
 0.992500 0.054996 -9.042302
 0.995000 0.035804 -6.293414
 0.997500 0.022622 -4.246184
 1.000000 0.013829 -2.765149
 1.002500 0.008173 -1.739529
 1.005000 0.004662 -1.055381
 1.007500 0.002554 -0.613396
 1.010000 0.001342 -0.341666
 1.012500 0.000670 -0.180181
 1.015000 0.000316 -0.089555
 1.017500 0.000141 -0.041794
 1.020000 0.000060 -0.018988
 1.022500 0.000024 -0.007769
 1.025000 0.000007 -0.002351
 1.027500 0.000003 -0.000908
 1.030000 0.000000 0.000000
 1.032500 0.000000 0.000000
 1.035000 0.000000 0.000000
 1.037500 0.000000 0.000000
 1.040000 0.000000 0.000000
 1.042500 0.000000 0.000000
 1.045000 0.000000 0.000000
 1.047500 0.000000 0.000000
 1.050000 0.000000 0.000000
 1.052500 0.000000 0.000000
 1.055000 0.000000 0.000000
 1.057500 0.000000 0.000000
 1.060000 0.000000 0.000000
 1.062500 0.000000 0.000000
 1.065000 0.000000 0.000000
 1.067500 0.000000 0.000000
 1.070000 0.000000 0.000000
 1.072500 0.000000 0.000000
 1.075000 0.000000 0.000000
 1.077500 0.000000 0.000000
 1.080000 0.000000 0.000000
 1.082500 0.000000 0.000000
 1.085000 0.000000 0.000000
 1.087500 0.000000 0.000000
 1.090000 0.000000 0.000000
 1.092500 0.000000 0.000000
 1.095000 0.000000 0.000000
 1.097500 0.000000 0.000000
 1.100000 0.000000 0.000000
 1.102500 0.000000 0.000000
 1.105000 0.000000 0.000000
 1.107500 0.000000 0.000000
 1.110000 0.000000 0.000000
 1.112500 0.000000 0.000000
 1.115000 0.000000 0.000000
 1.117500 0.000000 0.000000
 1.120000 0.000000 0.000000
 1.122500 0.000000 0.000000
 1.125000 0.000000 0.000000
 1.127500 0.000000 0.000000
 1.130000 0.000000 0.000000
 1.132500 0.000000 0.000000
 1.135000 0.000000 0.000000
 1.137500 0.000000 0.000000
 1.140000 0.000000 0.000000
 1.142500 0.000000 0.000000
 1.145000 0.000000 0.000000
 1.147500 0.000000 0.000000
 1.150000 0.000000 0.000000
 1.152500 0.000000 0.000000
 1.155000 0.000000 0.000000
 1.157500 0.000000 0.000000
 1.160000 0.000000 0.000000
 1.162500 0.000000 0.000000
 1.165000 0.000000 0.000000
 1.167500 0.000000 0.000000
 1.170000 0.000000 0.000000
 1.172500 0.000000 0.000000
 1.175000 0.000000 0.000000
 1.177500 0.000000 0.000000
 1.180000 0.000000 0.000000
 1.182500 0.000000 0.000000
 1.185000 0.000000 0.000000
 1.187500 0.000000 0.000000
 1.190000 0.000000 0.000000
 1.192500 0.000000 0.000000
 1.195000 0.000000 0.000000
 1.197500 0.000000 0.000000
 1.200000 0.000000 0.000000
 1.202500 0.000000 0.000000
 1.205000 0.000000 0.000000
 1.207500 0.000000 0.000000
 1.210000 0.000000 0.000000
 1.212500 0.000000 0.000000
 1.215000 0.000000 0.000000
 1.217500 0.000000 0.000000
 1.220000 0.000000 0.000000
 1.222500 0.000000 0.000000
 1.225000 0.000000 0.000000
 1.227500 0.000000 0.000000
 1.230000 0.000000 0.000000
 1.232500 0.000000 0.000000
 1.235000 0.000000 0.000000
 1.237500 0.000000 0.000000
 1.240000 0.000000 0.000000
 1.242500 0.000000 0.000000
 1.245000 0.000000 0.000000
 1.247500 0.000000 0.000000
 1.250000 0.000000 0.000000
 1.252500 0.000000 0.000000
 1.255000 0.000000 0.000000
 1.257500 0.000000 0.000000
 1.260000 0.000000 0.000000
 1.262500 0.000000 0.000000
 1.265000 0.000000 0.000000
 1.267500 0.000000 0.000000
 1.270000 0.000000 0.000000
 1.272500 0.000000 0.000000
 1.275000 0.000000 0.000000
 1.277500 0.000000 0.000000
 1.280000 0.000000 0.000000
 1.282500 0.000000 0.000000
 1.285000 0.000000 0.000000
 1.287500 0.000000 0.000000
 1.290000 0.000000 0.000000
 1.292500 0.000000 0.000000
 1.295000 0.000000 0.000000
 1.297500 0.000000 0.000000
 1.300000 0.000000 0.000000
 1.302500 0.000000 0.000000
 1.305000 0.000000 0.000000
 1.307500 0.000000 0.000000
 1.310000 0.000000 0.000000
 1.312500 0.000000 0.000000
 1.315000 0.000000 0.000000
 1.317500 0.000000 0.000000
 1.320000 0.000000 0.000000
 1.322500 0.000000 0.000000
 1.325000 0.000000 0.000000
 1.327500 0.000000 0.000000
 1.330000 0.000000 0.000000
 1.332500 0.000000 0.000000
 1.335000 0.000000 0.000000
 1.337500 0.000000 0.000000
 1.340000 0.000000 0.000000
 1.342500 0.000000 0.000000
 1.345000 0.000000 0.000000
 1.347500 0.000000 0.000000
 1.350000 0.000000 0.000000
 1.352500 0.000000 0.000000
 1.355000 0.000000 0.000000
 1.357500 0.000000 0.000000
 1.360000 0.000000 0.000000
 1.362500 0.000000 0.000000
 1.365000 0.000000 0.000000
 1.367500 0.000000 0.000000
 1.370000 0.000000 0.000000
 1.372500 0.000000 0.000000
 1.375000 0.000000 0.000000
 1.377500 0.000000 0.000000
 1.380000 0.000000 0.000000
 1.382500 0.000000 0.000000
 1.385000 0.000000 0.000000
 1.387500 0.000000 0.000000
 1.390000 0.000000 0.000000
 1.392500 0.000000 0.000000
 1.395000 0.000000 0.000000
 1.397500 0.000000 0.000000
 1.400000 0.000000 0.000000
 1.402500 0.000000 0.000000
 1.405000 0.000000 0.000000
 1.407500 0.000000 0.000000
 1.410000 0.000000 0.000000
 1.412500 0.000000 0.000000
 1.415000 0.000000 0.000000
 1.417500 0.000000 0.000000
 1.420000 0.000000 0.000000
 1.422500 0.000000 0.000000
 1.425000 0.000000 0.000000
 1.427500 0.000000 0.000000
 1.430000 0.000000 0.000000
 1.432500 0.000000 0.000000
 1.435000 0.000000 0.000000
 1.437500 0.000000 0.000000
 1.440000 0.000000 0.000000
 1.442500 0.000000 0.000000
 1.445000 0.000000 0.000000
 1.447500 0.000000 0.000000
 1.450000 0.000000 0.000000
 1.452500 0.000000 0.000000
 1.455000 0.000000 0.000000
 1.457500 0.000000 0.000000
 1.460000 0.000000 0.000000
 1.462500 0.000000 0.000000
 1.465000 0.000000 0.000000
 1.467500 0.000000 0.000000
 1.470000 0.000000 0.000000
 1.472500 0.000000 0.000000
 1.475000 0.000000 0.000000
 1.477500 0.000000 0.000000
 1.480000 0.000000 0.000000
 1.482500 0.000000 0.000000
 1.485000 0.000000 0.000000
 1.487500 0.000000 0.000000
 1.490000 0.000000 0.000000
 1.492500 0.000000 0.000000
 1.495000 0.000000 0.000000
 1.497500 0.000000 0.000000
 1.500000 0.000000 0.000000
 1.502500 0.000000 0.000000
 1.505000 0.000000 0.000000
 1.507500 0.000000 0.000000
 1.510000 0.000000 0.000000
 1.512500 0.000000 0.000000
 1.515000 0.000000 0.000000
 1.517500 0.000000 0.000000
 1.520000 0.000000 0.000000
 1.522500 0.000000 0.000000
 1.525000 0.000000 0.000000
 1.527500 0.000000 0.000000
 1.530000 0.000000 0.000000
 1.532500 0.000000 0.000000
 1.535000 0.000000 0.000000
 1.537500 0.000000 0.000000
 1.540000 0.000000 0.000000
 1.542500 0.000000 0.000000
 1.545000 0.000000 0.000000
 1.547500 0.000000 0.000000
 1.550000 0.000000 0.000000
 1.552500 0.000000 0.000000
 1.555000 0.000000 0.000000
 1.557500 0.000000 0.000000
 1.560000 0.000000 0.000000
 1.562500 0.000000 0.000000
 1.565000 0.000000 0.000000
 1.567500 0.000000 0.000000
 1.570000 0.000000 0.000000
 1.572500 0.000000 0.000000
 1.575000 0.000000 0.000000
 1.577500 0.000000 0.000000
 1.580000 0.000000 0.000000
 1.582500 0.000000 0.000000
 1.585000 0.000000 0.000000
 1.587500 0.000000 0.000000
 1.590000 0.000000 0.000000
 1.592500 0.000000 0.000000
 1.595000 0.000000 0.000000
 1.597500 0.000000 0.000000
 1.600000 0.000000 0.000000
 1.602500 0.000000 0.000000
 1.605000 0.000000 0.000000
 1.607500 0.000000 0.000000
 1.610000 0.000000 0.000000
 1.612500 0.000000 0.000000
 1.615000 0.000000 0.000000
 1.617500 0.000000 0.000000
 1.620000 0.000000 0.000000
 1.622500 0.000000 0.000000
 1.625000 0.000000 0.000000
 1.627500 0.000000 0.000000
 1.630000 0.000000 0.000000
 1.632500 0.000000 0.000000
 1.635000 0.000000 0.000000
 1.637500 0.000000 0.000000
 1.640000 0.000000 0.000000
 1.642500 0.000000 0.000000
 1.645000 0.000000 0.000000
 1.647500 0.000000 0.000000
 1.650000 0.000000 0.000000
 1.652500 0.000000 0.000000
 1.655000 0.000000 0.000000
 1.657500 0.000000 0.000000
 1.660000 0.000000 0.000000
 1.662500 0.000000 0.000000
 1.665000 0.000000 0.000000
 1.667500 0.000000 0.000000
 1.670000 0.000000 0.000000
 1.672500 0.000000 0.000000
 1.675000 0.000000 0.000000
 1.677500 0.000000 0.000000
 1.680000 0.000000 0.000000
 1.682500 0.000000 0.000000
 1.685000 0.000000 0.000000
 1.687500 0.000000 0.000000
 1.690000 0.000000 0.000000
 1.692500 0.000000 0.000000
 1.695000 0.000000 0.000000
 1.697500 0.000000 0.000000
 1.700000 0.000000 0.000000
 1.702500 0.000000 0.000000
 1.705000 0.000000 0.000000
 1.707500 0.000000 0.000000
 1.710000 0.000000 0.000000
 1.712500 0.000000 0.000000
 1.715000 0.000000 0.000000
 1.717500 0.000000 0.000000
 1.720000 0.000000 0.000000
 1.722500 0.000000 0.000000
 1.725000 0.000000 0.000000
 1.727500 0.000000 0.000000
 1.730000 0.000000 0.000000
 1.732500 0.000000 0.000000
 1.735000 0.000000 0.000000
 1.737500 0.000000 0.000000
 1.740000 0.000000 0.000000
 1.742500 0.000000 0.000000
 1.745000 0.000000 0.000000
 1.747500 0.000000 0.000000
 1.750000 0.000000 0.000000
 1.752500 0.000000 0.000000
 1.755000 0.000000 0.000000
 1.757500 0.000000 0.000000
 1.760000 0.000000 0.000000
 1.762500 0.000000 0.000000
 1.765000 0.000000 0.000000
 1.767500 0.000000 0.000000
 1.770000 0.000000 0.000000
 1.772500 0.000000 0.000000
 1.775000 0.000000 0.000000
 1.777500 0.000000 0.000000
 1.780000 0.000000 0.000000
 1.782500 0.000000 0.000000
 1.785000 0.000000 0.000000
 1.787500 0.000000 0.000000
 1.790000 0.000000 0.000000
 1.792500 0.000000 0.000000
 1.795000 0.000000 0.000000
 1.797500 0.000000 0.000000
 1.800000 0.000000 0.000000
 1.802500 0.000000 0.000000
 1.805000 0.000000 0.000000
 1.807500 0.000000 0.000000
 1.810000 0.000000 0.000000
 1.812500 0.000000 0.000000
 1.815000 0.000000 0.000000
 1.817500 0.000000 0.000000
 1.820000 0.000000 0.000000
 1.822500 0.000000 0.000000
 1.825000 0.000000 0.000000
 1.827500 0.000000 0.000000
 1.830000 0.000000 0.000000
 1.832500 0.000000 0.000000
 1.835000 0.000000 0.000000
 1.837500 0.000000 0.000000
 1.840000 0.000000 0.000000
 1.842500 0.000000 0.000000
 1.845000 0.000000 0.000000
 1.847500 0.000000 0.000000
 1.850000 0.000000 0.000000
 1.852500 0.000000 0.000000
 1.855000 0.000000 0.000000
 1.857500 0.000000 0.000000
 1.860000 0.000000 0.000000
 1.862500 0.000000 0.000000
 1.865000 0.000000 0.000000
 1.867500 0.000000 0.000000
 1.870000 0.000000 0.000000
 1.872500 0.000000 0.000000
 1.875000 0.000000 0.000000
 1.877500 0.000000 0.000000
 1.880000 0.000000 0.000000
 1.882500 0.000000 0.000000
 1.885000 0.000000 0.000000
 1.887500 0.000000 0.000000
 1.890000 0.000000 0.000000
 1.892500 0.000000 0.000000
 1.895000 0.000000 0.000000
 1.897500 0.000000 0.000000
 1.900000 0.000000 0.000000
 1.902500 0.000000 0.000000
 1.905000 0.000000 0.000000
 1.907500 0.000000 0.000000
 1.910000 0.000000 0.000000
 1.912500 0.000000 0.000000
 1.915000 0.000000 0.000000
 1.917500 0.000000 0.000000
 1.920000 0.000000 0.000000
 1.922500 0.000000 0.000000
 1.925000 0.000000 0.000000
 1.927500 0.000000 0.000000
 1.930000 0.000000 0.000000
 1.932500 0.000000 0.000000
 1.935000 0.000000 0.000000
 1.937500 0.000000 0.000000
 1.940000 0.000000 0.000000
 1.942500 0.000000 0.000000
 1.945000 0.000000 0.000000
 1.947500 0.000000 0.000000
 1.950000 0.000000 0.000000
 1.952500 0.000000 0.000000
 1.955000 0.000000 0.000000
 1.957500 0.000000 0.000000
 1.960000 0.000000 0.000000
 1.962500 0.000000 0.000000
 1.965000 0.000000 0.000000
 1.967500 0.000000 0.000000
 1.970000 0.000000 0.000000
 1.972500 0.000000 0.000000
 1.975000 0.000000 0.000000
 1.977500 0.000000 0.000000
 1.980000 0.000000 0.000000
 1.982500 0.000000 0.000000
 1.985000 0.000000 0.000000
 1.987500 0.000000 0.000000
 1.990000 0.000000 0.000000
 1.992500 0.000000 0.000000
 1.995000 0.000000 0.000000
 1.997500 0.000000 0.000000
 2.000000 0.000000 0.000000
