#! FIELDS refcv hh dhh_refcv
#! SET normalisation  101.000000
#! SET min_refcv -0.5
#! SET max_refcv 3
#! SET nbins_refcv  2000
#! SET periodic_refcv false
 -0.500000 0.000000 0.000000
 -0.498250 0.000000 0.000000
 -0.496500 0.000000 0.000000
 -0.494750 0.000000 0.000000
 -0.493000 0.000000 0.000000
 -0.491250 0.000000 0.000000
 -0.489500 0.000000 0.000000
 -0.487750 0.000000 0.000000
 -0.486000 0.000000 0.000000
 -0.484250 0.000000 0.000000
 -0.482500 0.000000 0.000000
 -0.480750 0.000000 0.000000
 -0.479000 0.000000 0.000000
 -0.477250 0.000000 0.000000
 -0.475500 0.000000 0.000000
 -0.473750 0.000000 0.000000
 -0.472000 0.000000 0.000000
 -0.470250 0.000000 0.000000
 -0.468500 0.000000 0.000000
 -0.466750 0.000000 0.000000
 -0.465000 0.000000 0.000000
 -0.463250 0.000000 0.000000
 -0.461500 0.000000 0.000000
 -0.459750 0.000000 0.000000
 -0.458000 0.000000 0.000000
 -0.456250 0.000000 0.000000
 -0.454500 0.000000 0.000000
 -0.452750 0.000000 0.000000
 -0.451000 0.000000 0.000000
 -0.449250 0.000000 0.000000
 -0.447500 0.000000 0.000000
 -0.445750 0.000000 0.000000
 -0.444000 0.000000 0.000000
 -0.442250 0.000000 0.000000
 -0.440500 0.000000 0.000000
 -0.438750 0.000000 0.000000
 -0.437000 0.000000 0.000000
 -0.435250 0.000000 0.000000
 -0.433500 0.000000 0.000000
 -0.431750 0.000000 0.000000
 -0.430000 0.000000 0.000000
 -0.428250 0.000000 0.000000
 -0.426500 0.000000 0.000000
 -0.424750 0.000000 0.000000
 -0.423000 0.000000 0.000000
 -0.421250 0.000000 0.000000
 -0.419500 0.000000 0.000000
 -0.417750 0.000000 0.000000
 -0.416000 0.000000 0.000000
 -0.414250 0.000000 0.000000
 -0.412500 0.000000 0.000000
 -0.410750 0.000000 0.000000
 -0.409000 0.000000 0.000000
 -0.407250 0.000000 0.000000
 -0.405500 0.000000 0.000000
 -0.403750 0.000000 0.000000
 -0.402000 0.000000 0.000000
 -0.400250 0.000000 0.000000
 -0.398500 0.000000 0.000000
 -0.396750 0.000000 0.000000
 -0.395000 0.000000 0.000000
 -0.393250 0.000000 0.000000
 -0.391500 0.000000 0.000000
 -0.389750 0.000000 0.000000
 -0.388000 0.000000 0.000000
 -0.386250 0.000000 0.000000
 -0.384500 0.000000 0.000000
 -0.382750 0.000000 0.000000
 -0.381000 0.000000 0.000000
 -0.379250 0.000000 0.000000
 -0.377500 0.000000 0.000000
 -0.375750 0.000000 0.000000
 -0.374000 0.000000 0.000000
 -0.372250 0.000000 0.000000
 -0.370500 0.000000 0.000000
 -0.368750 0.000000 0.000000
 -0.367000 0.000000 0.000000
 -0.365250 0.000000 0.000000
 -0.363500 0.000000 0.000000
 -0.361750 0.000000 0.000000
 -0.360000 0.000000 0.000000
 -0.358250 0.000000 0.000000
 -0.356500 0.000000 0.000000
 -0.354750 0.000000 0.000000
 -0.353000 0.000000 0.000000
 -0.351250 0.000000 0.000000
 -0.349500 0.000000 0.000000
 -0.347750 0.000000 0.000000
 -0.346000 0.000000 0.000000
 -0.344250 0.000000 0.000000
 -0.342500 0.000000 0.000000
 -0.340750 0.000000 0.000000
 -0.339000 0.000000 0.000000
 -0.337250 0.000000 0.000000
 -0.335500 0.000000 0.000000
 -0.333750 0.000000 0.000000
 -0.332000 0.000000 0.000000
 -0.330250 0.000000 0.000000
 -0.328500 0.000000 0.000000
 -0.326750 0.000000 0.000000
 -0.325000 0.000000 0.000000
 -0.323250 0.000000 0.000000
 -0.321500 0.000000 0.000000
 -0.319750 0.000000 0.000000
 -0.318000 0.000000 0.000000
 -0.316250 0.000000 0.000000
 -0.314500 0.000000 0.000000
 -0.312750 0.000000 0.000000
 -0.311000 0.000000 0.000000
 -0.309250 0.000000 0.000000
 -0.307500 0.000000 0.000000
 -0.305750 0.000000 0.000000
 -0.304000 0.000000 0.000000
 -0.302250 0.000000 0.000000
 -0.300500 0.000000 0.000000
 -0.298750 0.000000 0.000000
 -0.297000 0.000000 0.000000
 -0.295250 0.000000 0.000000
 -0.293500 0.000000 0.000000
 -0.291750 0.000000 0.000000
 -0.290000 0.000000 0.000000
 -0.288250 0.000000 0.000000
 -0.286500 0.000000 0.000000
 -0.284750 0.000000 0.000000
 -0.283000 0.000000 0.000000
 -0.281250 0.000000 0.000000
 -0.279500 0.000000 0.000000
 -0.277750 0.000000 0.000000
 -0.276000 0.000000 0.000000
 -0.274250 0.000000 0.000000
 -0.272500 0.000000 0.000000
 -0.270750 0.000000 0.000000
 -0.269000 0.000000 0.000000
 -0.267250 0.000000 0.000000
 -0.265500 0.000000 0.000000
 -0.263750 0.000000 0.000000
 -0.262000 0.000000 0.000000
 -0.260250 0.000000 0.000000
 -0.258500 0.000000 0.000000
 -0.256750 0.000000 0.000000
 -0.255000 0.000000 0.000000
 -0.253250 0.000000 0.000000
 -0.251500 0.000000 0.000000
 -0.249750 0.000000 0.000000
 -0.248000 0.000000 0.000000
 -0.246250 0.000000 0.000000
 -0.244500 0.000000 0.000000
 -0.242750 0.000000 0.000000
 -0.241000 0.000000 0.000000
 -0.239250 0.000000 0.000000
 -0.237500 0.000000 0.000000
 -0.235750 0.000000 0.000000
 -0.234000 0.000000 0.000000
 -0.232250 0.000000 0.000000
 -0.230500 0.000000 0.000000
 -0.228750 0.000000 0.000000
 -0.227000 0.000000 0.000000
 -0.225250 0.000000 0.000000
 -0.223500 0.000000 0.000000
 -0.221750 0.000000 0.000000
 -0.220000 0.000000 0.000000
 -0.218250 0.000000 0.000000
 -0.216500 0.000000 0.000000
 -0.214750 0.000000 0.000000
 -0.213000 0.000000 0.000000
 -0.211250 0.000000 0.000000
 -0.209500 0.000000 0.000000
 -0.207750 0.000000 0.000000
 -0.206000 0.000000 0.000000
 -0.204250 0.000000 0.000000
 -0.202500 0.000000 0.000000
 -0.200750 0.000000 0.000000
 -0.199000 0.000000 0.000000
 -0.197250 0.000000 0.000000
 -0.195500 0.000000 0.000000
 -0.193750 0.000000 0.000000
 -0.192000 0.000000 0.000000
 -0.190250 0.000000 0.000000
 -0.188500 0.000000 0.000000
 -0.186750 0.000000 0.000000
 -0.185000 0.000000 0.000000
 -0.183250 0.000000 0.000000
 -0.181500 0.000000 0.000000
 -0.179750 0.000000 0.000000
 -0.178000 0.000000 0.000000
 -0.176250 0.000000 0.000000
 -0.174500 0.000000 0.000000
 -0.172750 0.000000 0.000000
 -0.171000 0.000000 0.000000
 -0.169250 0.000000 0.000000
 -0.167500 0.000000 0.000000
 -0.165750 0.000000 0.000000
 -0.164000 0.000000 0.000000
 -0.162250 0.000000 0.000000
 -0.160500 0.000000 0.000000
 -0.158750 0.000000 0.000000
 -0.157000 0.000000 0.000000
 -0.155250 0.000000 0.000000
 -0.153500 0.000000 0.000000
 -0.151750 0.000000 0.000000
 -0.150000 0.000000 0.000000
 -0.148250 0.000000 0.000000
 -0.146500 0.000000 0.000000
 -0.144750 0.000000 0.000000
 -0.143000 0.000000 0.000000
 -0.141250 0.000000 0.000000
 -0.139500 0.000000 0.000000
 -0.137750 0.000000 0.000000
 -0.136000 0.000000 0.000000
 -0.134250 0.000000 0.000000
 -0.132500 0.000000 0.000000
 -0.130750 0.000000 0.000000
 -0.129000 0.000000 0.000000
 -0.127250 0.000000 0.000000
 -0.125500 0.000000 0.000000
 -0.123750 0.000000 0.000000
 -0.122000 0.000000 0.000000
 -0.120250 0.000000 0.000000
 -0.118500 0.000000 0.000000
 -0.116750 0.000000 0.000000
 -0.115000 0.000000 0.000000
 -0.113250 0.000000 0.000000
 -0.111500 0.000000 0.000000
 -0.109750 0.000000 0.000000
 -0.108000 0.000000 0.000000
 -0.106250 0.000000 0.000000
 -0.104500 0.000000 0.000000
 -0.102750 0.000000 0.000000
 -0.101000 0.000000 0.000000
 -0.099250 0.000000 0.000000
 -0.097500 0.000000 0.000000
 -0.095750 0.000000 0.000000
 -0.094000 0.000000 0.000000
 -0.092250 0.000000 0.000000
 -0.090500 0.000000 0.000000
 -0.088750 0.000000 0.000000
 -0.087000 0.000000 0.000000
 -0.085250 0.000000 0.000000
 -0.083500 0.000000 0.000000
 -0.081750 0.000000 0.000000
 -0.080000 0.000000 0.000000
 -0.078250 0.000000 0.000000
 -0.076500 0.000000 0.000000
 -0.074750 0.000000 0.000000
 -0.073000 0.000000 0.000000
 -0.071250 0.000000 0.000000
 -0.069500 0.000000 0.000000
 -0.067750 0.000000 0.000000
 -0.066000 0.000000 0.000000
 -0.064250 0.000000 0.000000
 -0.062500 0.000000 0.000000
 -0.060750 0.000000 0.000000
 -0.059000 0.000000 0.000000
 -0.057250 0.000000 0.000000
 -0.055500 0.000000 0.000000
 -0.053750 0.000000 0.000000
 -0.052000 0.000000 0.000000
 -0.050250 0.000000 0.000000
 -0.048500 0.000000 0.000000
 -0.046750 0.000000 0.000000
 -0.045000 0.000000 0.000000
 -0.043250 0.000000 0.000000
 -0.041500 0.000000 0.000000
 -0.039750 0.000000 0.000000
 -0.038000 0.000000 0.000000
 -0.036250 0.000000 0.000000
 -0.034500 0.000000 0.000000
 -0.032750 0.000000 0.000000
 -0.031000 0.000000 0.000000
 -0.029250 0.000000 0.000000
 -0.027500 0.000000 0.000000
 -0.025750 0.000000 0.000000
 -0.024000 0.000000 0.000000
 -0.022250 0.000000 0.000000
 -0.020500 0.000000 0.000000
 -0.018750 0.000000 0.000000
 -0.017000 0.000000 0.000000
 -0.015250 0.000000 0.000000
 -0.013500 0.000000 0.000000
 -0.011750 0.000000 0.000000
 -0.010000 0.000000 0.000000
 -0.008250 0.000000 0.000000
 -0.006500 0.000000 0.000000
 -0.004750 0.000000 0.000000
 -0.003000 0.000000 0.000000
 -0.001250 0.000000 0.000000
 0.000500 0.000000 0.000000
 0.002250 0.000000 0.000000
 0.004000 0.000000 0.000000
 0.005750 0.000000 0.000000
 0.007500 0.000000 0.000000
 0.009250 0.000000 0.000000
 0.011000 0.000000 0.000000
 0.012750 0.000000 0.000000
 0.014500 0.000000 0.000000
 0.016250 0.000000 0.000000
 0.018000 0.000000 0.000000
 0.019750 0.000000 0.000000
 0.021500 0.000000 0.000000
 0.023250 0.000000 0.000000
 0.025000 0.000000 0.000000
 0.026750 0.000000 0.000000
 0.028500 0.000000 0.000000
 0.030250 0.000000 0.000000
 0.032000 0.000000 0.000000
 0.033750 0.000000 0.000000
 0.035500 0.000000 0.000000
 0.037250 0.000000 0.000000
 0.039000 0.000000 0.000000
 0.040750 0.000000 0.000000
 0.042500 0.000000 0.000000
 0.044250 0.000000 0.000000
 0.046000 0.000000 0.000000
 0.047750 0.000000 0.000000
 0.049500 0.000000 0.000000
 0.051250 0.000000 0.000000
 0.053000 0.000000 0.000000
 0.054750 0.000000 0.000000
 0.056500 0.000000 0.000000
 0.058250 0.000000 0.000000
 0.060000 0.000000 0.000000
 0.061750 0.000000 0.000000
 0.063500 0.000000 0.000000
 0.065250 0.000000 0.000000
 0.067000 0.000000 0.000000
 0.068750 0.000000 0.000000
 0.070500 0.000000 0.000000
 0.072250 0.000000 0.000000
 0.074000 0.000000 0.000000
 0.075750 0.000000 0.000000
 0.077500 0.000000 0.000000
 0.079250 0.000000 0.000000
 0.081000 0.000000 0.000000
 0.082750 0.000000 0.000000
 0.084500 0.000000 0.000000
 0.086250 0.000000 0.000000
 0.088000 0.000000 0.000000
 0.089750 0.000000 0.000000
 0.091500 0.000000 0.000000
 0.093250 0.000000 0.000000
 0.095000 0.000000 0.000000
 0.096750 0.000000 0.000000
 0.098500 0.000000 0.000000
 0.100250 0.000000 0.000000
 0.102000 0.000000 0.000000
 0.103750 0.000000 0.000000
 0.105500 0.000000 0.000000
 0.107250 0.000000 0.000000
 0.109000 0.000000 0.000000
 0.110750 0.000000 0.000000
 0.112500 0.000000 0.000000
 0.114250 0.000000 0.000000
 0.116000 0.000000 0.000000
 0.117750 0.000000 0.000000
 0.119500 0.000000 0.000000
 0.121250 0.000000 0.000000
 0.123000 0.000000 0.000000
 0.124750 0.000000 0.000000
 0.126500 0.000000 0.000000
 0.128250 0.000000 0.000000
 0.130000 0.000000 0.000000
 0.131750 0.000000 0.000000
 0.133500 0.000000 0.000000
 0.135250 0.000000 0.000000
 0.137000 0.000000 0.000000
 0.138750 0.000000 0.000000
 0.140500 0.000000 0.000000
 0.142250 0.000000 0.000000
 0.144000 0.000000 0.000000
 0.145750 0.000000 0.000000
 0.147500 0.000000 0.000000
 0.149250 0.000000 0.000000
 0.151000 0.000000 0.000000
 0.152750 0.000000 0.000000
 0.154500 0.000000 0.000000
 0.156250 0.000000 0.000000
 0.158000 0.000000 0.000000
 0.159750 0.000000 0.000000
 0.161500 0.000000 0.000000
 0.163250 0.000000 0.000000
 0.165000 0.000000 0.000000
 0.166750 0.000000 0.000000
 0.168500 0.000000 0.000000
 0.170250 0.000000 0.000000
 0.172000 0.000000 0.000000
 0.173750 0.000000 0.000000
 0.175500 0.000000 0.000000
 0.177250 0.000000 0.000000
 0.179000 0.000000 0.000000
 0.180750 0.000000 0.000000
 0.182500 0.000000 0.000000
 0.184250 0.000000 0.000000
 0.186000 0.000000 0.000000
 0.187750 0.000000 0.000000
 0.189500 0.000000 0.000000
 0.191250 0.000000 0.000000
 0.193000 0.000000 0.000000
 0.194750 0.000000 0.000000
 0.196500 0.000000 0.000000
 0.198250 0.000000 0.000000
 0.200000 0.000000 0.000000
 0.201750 0.000000 0.000000
 0.203500 0.000000 0.000000
 0.205250 0.000000 0.000000
 0.207000 0.000000 0.000000
 0.208750 0.000000 0.000000
 0.210500 0.000000 0.000000
 0.212250 0.000000 0.000000
 0.214000 0.000000 0.000000
 0.215750 0.000000 0.000000
 0.217500 0.000000 0.000000
 0.219250 0.000000 0.000000
 0.221000 0.000000 0.000000
 0.222750 0.000000 0.000000
 0.224500 0.000000 0.000000
 0.226250 0.000000 0.000000
 0.228000 0.000000 0.000000
 0.229750 0.000000 0.000000
 0.231500 0.000000 0.000000
 0.233250 0.000000 0.000000
 0.235000 0.000000 0.000000
 0.236750 0.000000 0.000000
 0.238500 0.000000 0.000000
 0.240250 0.000000 0.000000
 0.242000 0.000000 0.000000
 0.243750 0.000000 0.000000
 0.245500 0.000000 0.000000
 0.247250 0.000000 0.000000
 0.249000 0.000000 0.000000
 0.250750 0.000000 0.000000
 0.252500 0.000000 0.000000
 0.254250 0.000000 0.000000
 0.256000 0.000001 0.000346
 0.257750 0.000002 0.000622
 0.259500 0.000003 0.001081
 0.261250 0.000006 0.002106
 0.263000 0.000011 0.003479
 0.264750 0.000020 0.006032
 0.266500 0.000034 0.009683
 0.268250 0.000055 0.014817
 0.270000 0.000090 0.023039
 0.271750 0.000141 0.034378
 0.273500 0.000215 0.049868
 0.275250 0.000322 0.070777
 0.277000 0.000471 0.098318
 0.278750 0.000676 0.134457
 0.280500 0.000951 0.179725
 0.282250 0.001317 0.237127
 0.284000 0.001794 0.307379
 0.285750 0.002405 0.392279
 0.287500 0.003185 0.495653
 0.289250 0.004159 0.616510
 0.291000 0.005364 0.757154
 0.292750 0.006832 0.917026
 0.294500 0.008596 1.094796
 0.296250 0.010690 1.289927
 0.298000 0.013138 1.498770
 0.299750 0.015966 1.719833
 0.301500 0.019182 1.948085
 0.303250 0.022813 2.187038
 0.305000 0.026878 2.439453
 0.306750 0.031394 2.707741
 0.308500 0.036401 3.001669
 0.310250 0.041958 3.334655
 0.312000 0.048147 3.721461
 0.313750 0.055071 4.175905
 0.315500 0.062865 4.713170
 0.317250 0.071690 5.346399
 0.319000 0.081705 6.078557
 0.320750 0.093092 6.912634
 0.322500 0.106035 7.848179
 0.324250 0.120698 8.876860
 0.326000 0.137239 9.990005
 0.327750 0.155800 11.179723
 0.329500 0.176521 12.443697
 0.331250 0.199514 13.775474
 0.333000 0.224906 15.178396
 0.334750 0.252831 16.660813
 0.336500 0.283411 18.224505
 0.338250 0.316812 19.880005
 0.340000 0.353211 21.639757
 0.341750 0.392777 23.500421
 0.343500 0.435711 25.469009
 0.345250 0.482187 27.542458
 0.347000 0.532376 29.709563
 0.348750 0.586442 31.964341
 0.350500 0.644555 34.307755
 0.352250 0.706836 36.727279
 0.354000 0.773398 39.210243
 0.355750 0.844391 41.763256
 0.357500 0.919902 44.376298
 0.359250 1.000055 47.047389
 0.361000 1.084920 49.766670
 0.362750 1.174586 52.537759
 0.364500 1.269167 55.363390
 0.366250 1.368771 58.259290
 0.368000 1.473472 61.213182
 0.369750 1.583400 64.232402
 0.371500 1.698686 67.314726
 0.373250 1.819408 70.429326
 0.375000 1.945560 73.522889
 0.376750 2.077082 76.531086
 0.378500 2.213756 79.382202
 0.380250 2.355186 81.971960
 0.382000 2.500873 84.213272
 0.383750 2.650118 86.034554
 0.385500 2.802178 87.406748
 0.387250 2.956242 88.320645
 0.389000 3.111490 88.790756
 0.390750 3.267210 88.883422
 0.392500 3.422810 88.683123
 0.394250 3.577907 88.293974
 0.396000 3.732210 87.811047
 0.397750 3.885665 87.340650
 0.399500 4.038365 86.945789
 0.401250 4.190437 86.652509
 0.403000 4.342145 86.492114
 0.404750 4.493606 86.413145
 0.406500 4.644943 86.344730
 0.408250 4.796109 86.192852
 0.410000 4.946850 85.848124
 0.411750 5.096719 85.185260
 0.413500 5.245110 84.123531
 0.415250 5.391201 82.599653
 0.417000 5.534197 80.570011
 0.418750 5.673153 78.059428
 0.420500 5.807366 75.137633
 0.422250 5.936168 71.894943
 0.424000 6.059055 68.436497
 0.425750 6.175736 64.890955
 0.427500 6.286210 61.333087
 0.429250 6.390506 57.812897
 0.431000 6.488659 54.372079
 0.432750 6.580865 50.994870
 0.434500 6.667133 47.630187
 0.436250 6.747453 44.191496
 0.438000 6.821647 40.637544
 0.439750 6.889463 36.920227
 0.441500 6.950569 33.014960
 0.443250 7.004675 28.887992
 0.445000 7.051387 24.581400
 0.446750 7.090406 20.161246
 0.448500 7.121578 15.645590
 0.450250 7.144794 11.061132
 0.452000 7.159941 6.459643
 0.453750 7.166981 1.862530
 0.455500 7.165963 -2.770189
 0.457250 7.156787 -7.438106
 0.459000 7.139382 -12.191062
 0.460750 7.113528 -17.033684
 0.462500 7.079053 -21.988149
 0.464250 7.035845 -27.068661
 0.466000 6.983658 -32.213096
 0.467750 6.922502 -37.330541
 0.469500 6.852461 -42.290814
 0.471250 6.773948 -46.998080
 0.473000 6.687515 -51.273363
 0.474750 6.594066 -54.995354
 0.476500 6.494662 -58.072573
 0.478250 6.390430 -60.408948
 0.480000 6.282796 -62.021950
 0.481750 6.172950 -62.917117
 0.483500 6.062109 -63.166757
 0.485250 5.951338 -62.868809
 0.487000 5.841461 -62.160091
 0.488750 5.733046 -61.182883
 0.490500 5.626461 -60.082006
 0.492250 5.521797 -59.008597
 0.494000 5.418942 -58.097567
 0.495750 5.317404 -57.434686
 0.497500 5.216728 -57.103268
 0.499250 5.116372 -57.167315
 0.501000 5.015567 -57.591040
 0.502750 4.913699 -58.323029
 0.504500 4.810355 -59.291471
 0.506250 4.705203 -60.360717
 0.508000 4.598142 -61.401476
 0.509750 4.489395 -62.291470
 0.511500 4.379330 -62.935990
 0.513250 4.268428 -63.239406
 0.515000 4.157337 -63.165031
 0.516750 4.046706 -62.718005
 0.518500 3.937174 -61.942522
 0.520250 3.829252 -60.887207
 0.522000 3.723356 -59.632160
 0.523750 3.619783 -58.262360
 0.525500 3.518642 -56.862595
 0.527250 3.419949 -55.521091
 0.529000 3.323475 -54.305496
 0.530750 3.228994 -53.290862
 0.532500 3.136058 -52.517622
 0.534250 3.044281 -52.010915
 0.536000 2.953151 -51.764716
 0.537750 2.862267 -51.713895
 0.539500 2.771355 -51.786637
 0.541250 2.680285 -51.895068
 0.543000 2.589060 -51.911508
 0.544750 2.497958 -51.744236
 0.546500 2.407389 -51.342536
 0.548250 2.317805 -50.634200
 0.550000 2.229705 -49.618267
 0.551750 2.143673 -48.336872
 0.553500 2.060083 -46.835887
 0.555250 1.979266 -45.186190
 0.557000 1.901403 -43.477134
 0.558750 1.826556 -41.764851
 0.560500 1.754645 -40.101356
 0.562250 1.685560 -38.549014
 0.564000 1.619125 -37.126161
 0.565750 1.555064 -35.826100
 0.567500 1.493197 -34.642819
 0.569250 1.433294 -33.552941
 0.571000 1.375264 -32.542140
 0.572750 1.318953 -31.561861
 0.574500 1.264329 -30.588910
 0.576250 1.211428 -29.611142
 0.578000 1.160270 -28.606365
 0.579750 1.110919 -27.559939
 0.581500 1.063440 -26.467914
 0.583250 1.017929 -25.349731
 0.585000 0.974388 -24.202548
 0.586750 0.932880 -23.062794
 0.588500 0.893355 -21.942032
 0.590250 0.855752 -20.868823
 0.592000 0.819966 -19.862654
 0.593750 0.785879 -18.944828
 0.595500 0.753318 -18.119421
 0.597250 0.722130 -17.392817
 0.599000 0.692143 -16.750151
 0.600750 0.663212 -16.187407
 0.602500 0.635209 -15.683646
 0.604250 0.608057 -15.235770
 0.606000 0.581647 -14.823188
 0.607750 0.555935 -14.446242
 0.609500 0.530841 -14.097847
 0.611250 0.506356 -13.795631
 0.613000 0.482364 -13.519937
 0.614750 0.458825 -13.273934
 0.616500 0.435715 -13.049489
 0.618250 0.413004 -12.822451
 0.620000 0.390695 -12.566597
 0.621750 0.368885 -12.270872
 0.623500 0.347644 -11.901458
 0.625250 0.327138 -11.462897
 0.627000 0.307456 -10.940574
 0.628750 0.288749 -10.356337
 0.630500 0.271106 -9.726910
 0.632250 0.254605 -9.085801
 0.634000 0.239205 -8.441604
 0.635750 0.224912 -7.829996
 0.637500 0.211665 -7.268594
 0.639250 0.199348 -6.749232
 0.641000 0.187905 -6.287078
 0.642750 0.177223 -5.868092
 0.644500 0.167253 -5.492793
 0.646250 0.157903 -5.147577
 0.648000 0.149139 -4.832973
 0.649750 0.140901 -4.544949
 0.651500 0.133145 -4.280504
 0.653250 0.125835 -4.041406
 0.655000 0.118918 -3.820472
 0.656750 0.112371 -3.619271
 0.658500 0.106173 -3.433697
 0.660250 0.100291 -3.255671
 0.662000 0.094719 -3.083906
 0.663750 0.089449 -2.915766
 0.665500 0.084474 -2.750763
 0.667250 0.079787 -2.591461
 0.669000 0.075369 -2.438945
 0.670750 0.071210 -2.297336
 0.672500 0.067289 -2.167912
 0.674250 0.063580 -2.048731
 0.676000 0.060072 -1.943395
 0.677750 0.056740 -1.844410
 0.679500 0.053583 -1.750730
 0.681250 0.050592 -1.657842
 0.683000 0.047762 -1.562009
 0.684750 0.045102 -1.465934
 0.686500 0.042606 -1.370786
 0.688250 0.040275 -1.282116
 0.690000 0.038096 -1.203468
 0.691750 0.036041 -1.135936
 0.693500 0.034089 -1.082032
 0.695250 0.032222 -1.046014
 0.697000 0.030410 -1.022723
 0.698750 0.028625 -1.006047
 0.700500 0.026866 -0.993800
 0.702250 0.025132 -0.981084
 0.704000 0.023427 -0.963134
 0.705750 0.021761 -0.934395
 0.707500 0.020153 -0.894716
 0.709250 0.018623 -0.846007
 0.711000 0.017185 -0.790604
 0.712750 0.015846 -0.733077
 0.714500 0.014606 -0.675582
 0.716250 0.013465 -0.624950
 0.718000 0.012409 -0.581716
 0.719750 0.011421 -0.544425
 0.721500 0.010493 -0.513767
 0.723250 0.009614 -0.485454
 0.725000 0.008786 -0.458914
 0.726750 0.008004 -0.427401
 0.728500 0.007284 -0.392569
 0.730250 0.006630 -0.351697
 0.732000 0.006052 -0.305882
 0.733750 0.005557 -0.256757
 0.735500 0.005148 -0.208623
 0.737250 0.004820 -0.164047
 0.739000 0.004565 -0.127265
 0.740750 0.004365 -0.098846
 0.742500 0.004206 -0.081724
 0.744250 0.004070 -0.075101
 0.746000 0.003939 -0.076150
 0.747750 0.003800 -0.082458
 0.749500 0.003645 -0.091052
 0.751250 0.003477 -0.100787
 0.753000 0.003294 -0.107906
 0.754750 0.003101 -0.110644
 0.756500 0.002907 -0.108694
 0.758250 0.002721 -0.102042
 0.760000 0.002550 -0.090808
 0.761750 0.002402 -0.077117
 0.763500 0.002280 -0.060818
 0.765250 0.002187 -0.044056
 0.767000 0.002124 -0.028204
 0.768750 0.002087 -0.014275
 0.770500 0.002072 -0.003602
 0.772250 0.002072 0.002697
 0.774000 0.002079 0.003832
 0.775750 0.002082 -0.000521
 0.777500 0.002073 -0.009888
 0.779250 0.002044 -0.023958
 0.781000 0.001987 -0.040547
 0.782750 0.001900 -0.058816
 0.784500 0.001780 -0.075823
 0.786250 0.001634 -0.090649
 0.788000 0.001466 -0.101290
 0.789750 0.001282 -0.106582
 0.791500 0.001094 -0.107164
 0.793250 0.000910 -0.102880
 0.795000 0.000736 -0.094640
 0.796750 0.000580 -0.083634
 0.798500 0.000444 -0.071134
 0.800250 0.000331 -0.058313
 0.802000 0.000239 -0.045857
 0.803750 0.000169 -0.035088
 0.805500 0.000115 -0.025931
 0.807250 0.000077 -0.018522
 0.809000 0.000050 -0.012793
 0.810750 0.000031 -0.008549
 0.812500 0.000019 -0.005529
 0.814250 0.000011 -0.003461
 0.816000 0.000006 -0.001832
 0.817750 0.000003 -0.001090
 0.819500 0.000002 -0.000628
 0.821250 0.000000 0.000000
 0.823000 0.000000 0.000000
 0.824750 0.000000 0.000000
 0.826500 0.000000 0.000000
 0.828250 0.000000 0.000000
 0.830000 0.000000 0.000000
 0.831750 0.000000 0.000000
 0.833500 0.000000 0.000000
 0.835250 0.000000 0.000000
 0.837000 0.000000 0.000000
 0.838750 0.000000 0.000000
 0.840500 0.000000 0.000000
 0.842250 0.000000 0.000000
 0.844000 0.000000 0.000000
 0.845750 0.000000 0.000000
 0.847500 0.000000 0.000000
 0.849250 0.000000 0.000000
 0.851000 0.000000 0.000000
 0.852750 0.000000 0.000000
 0.854500 0.000000 0.000000
 0.856250 0.000000 0.000000
 0.858000 0.000000 0.000000
 0.859750 0.000000 0.000000
 0.861500 0.000000 0.000000
 0.863250 0.000000 0.000000
 0.865000 0.000000 0.000000
 0.866750 0.000000 0.000000
 0.868500 0.000000 0.000000
 0.870250 0.000000 0.000000
 0.872000 0.000000 0.000000
 0.873750 0.000000 0.000000
 0.875500 0.000000 0.000000
 0.877250 0.000000 0.000000
 0.879000 0.000000 0.000000
 0.880750 0.000000 0.000000
 0.882500 0.000000 0.000000
 0.884250 0.000000 0.000000
 0.886000 0.000000 0.000000
 0.887750 0.000000 0.000000
 0.889500 0.000000 0.000000
 0.891250 0.000000 0.000000
 0.893000 0.000000 0.000000
 0.894750 0.000000 0.000000
 0.896500 0.000000 0.000000
 0.898250 0.000000 0.000000
 0.900000 0.000000 0.000000
 0.901750 0.000000 0.000000
 0.903500 0.000000 0.000000
 0.905250 0.000000 0.000000
 0.907000 0.000000 0.000000
 0.908750 0.000000 0.000000
 0.910500 0.000000 0.000000
 0.912250 0.000000 0.000000
 0.914000 0.000000 0.000000
 0.915750 0.000000 0.000000
 0.917500 0.000000 0.000000
 0.919250 0.000000 0.000000
 0.921000 0.000000 0.000000
 0.922750 0.000000 0.000000
 0.924500 0.000000 0.000000
 0.926250 0.000000 0.000000
 0.928000 0.000000 0.000000
 0.929750 0.000000 0.000000
 0.931500 0.000000 0.000000
 0.933250 0.000000 0.000000
 0.935000 0.000000 0.000000
 0.936750 0.000000 0.000000
 0.938500 0.000000 0.000000
 0.940250 0.000000 0.000000
 0.942000 0.000000 0.000000
 0.943750 0.000000 0.000000
 0.945500 0.000000 0.000000
 0.947250 0.000000 0.000000
 0.949000 0.000000 0.000000
 0.950750 0.000000 0.000000
 0.952500 0.000000 0.000000
 0.954250 0.000000 0.000000
 0.956000 0.000000 0.000000
 0.957750 0.000000 0.000000
 0.959500 0.000000 0.000000
 0.961250 0.000000 0.000000
 0.963000 0.000000 0.000000
 0.964750 0.000000 0.000000
 0.966500 0.000000 0.000000
 0.968250 0.000000 0.000000
 0.970000 0.000000 0.000000
 0.971750 0.000000 0.000000
 0.973500 0.000000 0.000000
 0.975250 0.000000 0.000000
 0.977000 0.000000 0.000000
 0.978750 0.000000 0.000000
 0.980500 0.000000 0.000000
 0.982250 0.000000 0.000000
 0.984000 0.000000 0.000000
 0.985750 0.000000 0.000000
 0.987500 0.000000 0.000000
 0.989250 0.000000 0.000000
 0.991000 0.000000 0.000000
 0.992750 0.000000 0.000000
 0.994500 0.000000 0.000000
 0.996250 0.000000 0.000000
 0.998000 0.000000 0.000000
 0.999750 0.000000 0.000000
 1.001500 0.000000 0.000000
 1.003250 0.000000 0.000000
 1.005000 0.000000 0.000000
 1.006750 0.000000 0.000000
 1.008500 0.000000 0.000000
 1.010250 0.000000 0.000000
 1.012000 0.000000 0.000000
 1.013750 0.000000 0.000000
 1.015500 0.000000 0.000000
 1.017250 0.000000 0.000000
 1.019000 0.000000 0.000000
 1.020750 0.000000 0.000000
 1.022500 0.000000 0.000000
 1.024250 0.000000 0.000000
 1.026000 0.000000 0.000000
 1.027750 0.000000 0.000000
 1.029500 0.000000 0.000000
 1.031250 0.000000 0.000000
 1.033000 0.000000 0.000000
 1.034750 0.000000 0.000000
 1.036500 0.000000 0.000000
 1.038250 0.000000 0.000000
 1.040000 0.000000 0.000000
 1.041750 0.000000 0.000000
 1.043500 0.000000 0.000000
 1.045250 0.000000 0.000000
 1.047000 0.000000 0.000000
 1.048750 0.000000 0.000000
 1.050500 0.000000 0.000000
 1.052250 0.000000 0.000000
 1.054000 0.000000 0.000000
 1.055750 0.000000 0.000000
 1.057500 0.000000 0.000000
 1.059250 0.000000 0.000000
 1.061000 0.000000 0.000000
 1.062750 0.000000 0.000000
 1.064500 0.000000 0.000000
 1.066250 0.000000 0.000000
 1.068000 0.000000 0.000000
 1.069750 0.000000 0.000000
 1.071500 0.000000 0.000000
 1.073250 0.000000 0.000000
 1.075000 0.000000 0.000000
 1.076750 0.000000 0.000000
 1.078500 0.000000 0.000000
 1.080250 0.000000 0.000000
 1.082000 0.000000 0.000000
 1.083750 0.000000 0.000000
 1.085500 0.000000 0.000000
 1.087250 0.000000 0.000000
 1.089000 0.000000 0.000000
 1.090750 0.000000 0.000000
 1.092500 0.000000 0.000000
 1.094250 0.000000 0.000000
 1.096000 0.000000 0.000000
 1.097750 0.000000 0.000000
 1.099500 0.000000 0.000000
 1.101250 0.000000 0.000000
 1.103000 0.000000 0.000000
 1.104750 0.000000 0.000000
 1.106500 0.000000 0.000000
 1.108250 0.000000 0.000000
 1.110000 0.000000 0.000000
 1.111750 0.000000 0.000000
 1.113500 0.000000 0.000000
 1.115250 0.000000 0.000000
 1.117000 0.000000 0.000000
 1.118750 0.000000 0.000000
 1.120500 0.000000 0.000000
 1.122250 0.000000 0.000000
 1.124000 0.000000 0.000000
 1.125750 0.000000 0.000000
 1.127500 0.000000 0.000000
 1.129250 0.000000 0.000000
 1.131000 0.000000 0.000000
 1.132750 0.000000 0.000000
 1.134500 0.000000 0.000000
 1.136250 0.000000 0.000000
 1.138000 0.000000 0.000000
 1.139750 0.000000 0.000000
 1.141500 0.000000 0.000000
 1.143250 0.000000 0.000000
 1.145000 0.000000 0.000000
 1.146750 0.000000 0.000000
 1.148500 0.000000 0.000000
 1.150250 0.000000 0.000000
 1.152000 0.000000 0.000000
 1.153750 0.000000 0.000000
 1.155500 0.000000 0.000000
 1.157250 0.000000 0.000000
 1.159000 0.000000 0.000000
 1.160750 0.000000 0.000000
 1.162500 0.000000 0.000000
 1.164250 0.000000 0.000000
 1.166000 0.000000 0.000000
 1.167750 0.000000 0.000000
 1.169500 0.000000 0.000000
 1.171250 0.000000 0.000000
 1.173000 0.000000 0.000000
 1.174750 0.000000 0.000000
 1.176500 0.000000 0.000000
 1.178250 0.000000 0.000000
 1.180000 0.000000 0.000000
 1.181750 0.000000 0.000000
 1.183500 0.000000 0.000000
 1.185250 0.000000 0.000000
 1.187000 0.000000 0.000000
 1.188750 0.000000 0.000000
 1.190500 0.000000 0.000000
 1.192250 0.000000 0.000000
 1.194000 0.000000 0.000000
 1.195750 0.000000 0.000000
 1.197500 0.000000 0.000000
 1.199250 0.000000 0.000000
 1.201000 0.000000 0.000000
 1.202750 0.000000 0.000000
 1.204500 0.000000 0.000000
 1.206250 0.000000 0.000000
 1.208000 0.000000 0.000000
 1.209750 0.000000 0.000000
 1.211500 0.000000 0.000000
 1.213250 0.000000 0.000000
 1.215000 0.000000 0.000000
 1.216750 0.000000 0.000000
 1.218500 0.000000 0.000000
 1.220250 0.000000 0.000000
 1.222000 0.000000 0.000000
 1.223750 0.000000 0.000000
 1.225500 0.000000 0.000000
 1.227250 0.000000 0.000000
 1.229000 0.000000 0.000000
 1.230750 0.000000 0.000000
 1.232500 0.000000 0.000000
 1.234250 0.000000 0.000000
 1.236000 0.000000 0.000000
 1.237750 0.000000 0.000000
 1.239500 0.000000 0.000000
 1.241250 0.000000 0.000000
 1.243000 0.000000 0.000000
 1.244750 0.000000 0.000000
 1.246500 0.000000 0.000000
 1.248250 0.000000 0.000000
 1.250000 0.000000 0.000000
 1.251750 0.000000 0.000000
 1.253500 0.000000 0.000000
 1.255250 0.000000 0.000000
 1.257000 0.000000 0.000000
 1.258750 0.000000 0.000000
 1.260500 0.000000 0.000000
 1.262250 0.000000 0.000000
 1.264000 0.000000 0.000000
 1.265750 0.000000 0.000000
 1.267500 0.000000 0.000000
 1.269250 0.000000 0.000000
 1.271000 0.000000 0.000000
 1.272750 0.000000 0.000000
 1.274500 0.000000 0.000000
 1.276250 0.000000 0.000000
 1.278000 0.000000 0.000000
 1.279750 0.000000 0.000000
 1.281500 0.000000 0.000000
 1.283250 0.000000 0.000000
 1.285000 0.000000 0.000000
 1.286750 0.000000 0.000000
 1.288500 0.000000 0.000000
 1.290250 0.000000 0.000000
 1.292000 0.000000 0.000000
 1.293750 0.000000 0.000000
 1.295500 0.000000 0.000000
 1.297250 0.000000 0.000000
 1.299000 0.000000 0.000000
 1.300750 0.000000 0.000000
 1.302500 0.000000 0.000000
 1.304250 0.000000 0.000000
 1.306000 0.000000 0.000000
 1.307750 0.000000 0.000000
 1.309500 0.000000 0.000000
 1.311250 0.000000 0.000000
 1.313000 0.000000 0.000000
 1.314750 0.000000 0.000000
 1.316500 0.000000 0.000000
 1.318250 0.000000 0.000000
 1.320000 0.000000 0.000000
 1.321750 0.000000 0.000000
 1.323500 0.000000 0.000000
 1.325250 0.000000 0.000000
 1.327000 0.000000 0.000000
 1.328750 0.000000 0.000000
 1.330500 0.000000 0.000000
 1.332250 0.000000 0.000000
 1.334000 0.000000 0.000000
 1.335750 0.000000 0.000000
 1.337500 0.000000 0.000000
 1.339250 0.000000 0.000000
 1.341000 0.000000 0.000000
 1.342750 0.000000 0.000000
 1.344500 0.000000 0.000000
 1.346250 0.000000 0.000000
 1.348000 0.000000 0.000000
 1.349750 0.000000 0.000000
 1.351500 0.000000 0.000000
 1.353250 0.000000 0.000000
 1.355000 0.000000 0.000000
 1.356750 0.000000 0.000000
 1.358500 0.000000 0.000000
 1.360250 0.000000 0.000000
 1.362000 0.000000 0.000000
 1.363750 0.000000 0.000000
 1.365500 0.000000 0.000000
 1.367250 0.000000 0.000000
 1.369000 0.000000 0.000000
 1.370750 0.000000 0.000000
 1.372500 0.000000 0.000000
 1.374250 0.000000 0.000000
 1.376000 0.000000 0.000000
 1.377750 0.000000 0.000000
 1.379500 0.000000 0.000000
 1.381250 0.000000 0.000000
 1.383000 0.000000 0.000000
 1.384750 0.000000 0.000000
 1.386500 0.000000 0.000000
 1.388250 0.000000 0.000000
 1.390000 0.000000 0.000000
 1.391750 0.000000 0.000000
 1.393500 0.000000 0.000000
 1.395250 0.000000 0.000000
 1.397000 0.000000 0.000000
 1.398750 0.000000 0.000000
 1.400500 0.000000 0.000000
 1.402250 0.000000 0.000000
 1.404000 0.000000 0.000000
 1.405750 0.000000 0.000000
 1.407500 0.000000 0.000000
 1.409250 0.000000 0.000000
 1.411000 0.000000 0.000000
 1.412750 0.000000 0.000000
 1.414500 0.000000 0.000000
 1.416250 0.000000 0.000000
 1.418000 0.000000 0.000000
 1.419750 0.000000 0.000000
 1.421500 0.000000 0.000000
 1.423250 0.000000 0.000000
 1.425000 0.000000 0.000000
 1.426750 0.000000 0.000000
 1.428500 0.000000 0.000000
 1.430250 0.000000 0.000000
 1.432000 0.000000 0.000000
 1.433750 0.000000 0.000000
 1.435500 0.000000 0.000000
 1.437250 0.000000 0.000000
 1.439000 0.000000 0.000000
 1.440750 0.000000 0.000000
 1.442500 0.000000 0.000000
 1.444250 0.000000 0.000000
 1.446000 0.000000 0.000000
 1.447750 0.000000 0.000000
 1.449500 0.000000 0.000000
 1.451250 0.000000 0.000000
 1.453000 0.000000 0.000000
 1.454750 0.000000 0.000000
 1.456500 0.000000 0.000000
 1.458250 0.000000 0.000000
 1.460000 0.000000 0.000000
 1.461750 0.000000 0.000000
 1.463500 0.000000 0.000000
 1.465250 0.000000 0.000000
 1.467000 0.000000 0.000000
 1.468750 0.000000 0.000000
 1.470500 0.000000 0.000000
 1.472250 0.000000 0.000000
 1.474000 0.000000 0.000000
 1.475750 0.000000 0.000000
 1.477500 0.000000 0.000000
 1.479250 0.000000 0.000000
 1.481000 0.000000 0.000000
 1.482750 0.000000 0.000000
 1.484500 0.000000 0.000000
 1.486250 0.000000 0.000000
 1.488000 0.000000 0.000000
 1.489750 0.000000 0.000000
 1.491500 0.000000 0.000000
 1.493250 0.000000 0.000000
 1.495000 0.000000 0.000000
 1.496750 0.000000 0.000000
 1.498500 0.000000 0.000000
 1.500250 0.000000 0.000000
 1.502000 0.000000 0.000000
 1.503750 0.000000 0.000000
 1.505500 0.000000 0.000000
 1.507250 0.000000 0.000000
 1.509000 0.000000 0.000000
 1.510750 0.000000 0.000000
 1.512500 0.000000 0.000000
 1.514250 0.000000 0.000000
 1.516000 0.000000 0.000000
 1.517750 0.000000 0.000000
 1.519500 0.000000 0.000000
 1.521250 0.000000 0.000000
 1.523000 0.000000 0.000000
 1.524750 0.000000 0.000000
 1.526500 0.000000 0.000000
 1.528250 0.000000 0.000000
 1.530000 0.000000 0.000000
 1.531750 0.000000 0.000000
 1.533500 0.000000 0.000000
 1.535250 0.000000 0.000000
 1.537000 0.000000 0.000000
 1.538750 0.000000 0.000000
 1.540500 0.000000 0.000000
 1.542250 0.000000 0.000000
 1.544000 0.000000 0.000000
 1.545750 0.000000 0.000000
 1.547500 0.000000 0.000000
 1.549250 0.000000 0.000000
 1.551000 0.000000 0.000000
 1.552750 0.000000 0.000000
 1.554500 0.000000 0.000000
 1.556250 0.000000 0.000000
 1.558000 0.000000 0.000000
 1.559750 0.000000 0.000000
 1.561500 0.000000 0.000000
 1.563250 0.000000 0.000000
 1.565000 0.000000 0.000000
 1.566750 0.000000 0.000000
 1.568500 0.000000 0.000000
 1.570250 0.000000 0.000000
 1.572000 0.000000 0.000000
 1.573750 0.000000 0.000000
 1.575500 0.000000 0.000000
 1.577250 0.000000 0.000000
 1.579000 0.000000 0.000000
 1.580750 0.000000 0.000000
 1.582500 0.000000 0.000000
 1.584250 0.000000 0.000000
 1.586000 0.000000 0.000000
 1.587750 0.000000 0.000000
 1.589500 0.000000 0.000000
 1.591250 0.000000 0.000000
 1.593000 0.000000 0.000000
 1.594750 0.000000 0.000000
 1.596500 0.000000 0.000000
 1.598250 0.000000 0.000000
 1.600000 0.000000 0.000000
 1.601750 0.000000 0.000000
 1.603500 0.000000 0.000000
 1.605250 0.000000 0.000000
 1.607000 0.000000 0.000000
 1.608750 0.000000 0.000000
 1.610500 0.000000 0.000000
 1.612250 0.000000 0.000000
 1.614000 0.000000 0.000000
 1.615750 0.000000 0.000000
 1.617500 0.000000 0.000000
 1.619250 0.000000 0.000000
 1.621000 0.000000 0.000000
 1.622750 0.000000 0.000000
 1.624500 0.000000 0.000000
 1.626250 0.000000 0.000000
 1.628000 0.000000 0.000000
 1.629750 0.000000 0.000000
 1.631500 0.000000 0.000000
 1.633250 0.000000 0.000000
 1.635000 0.000000 0.000000
 1.636750 0.000000 0.000000
 1.638500 0.000000 0.000000
 1.640250 0.000000 0.000000
 1.642000 0.000000 0.000000
 1.643750 0.000000 0.000000
 1.645500 0.000000 0.000000
 1.647250 0.000000 0.000000
 1.649000 0.000000 0.000000
 1.650750 0.000000 0.000000
 1.652500 0.000000 0.000000
 1.654250 0.000000 0.000000
 1.656000 0.000000 0.000000
 1.657750 0.000000 0.000000
 1.659500 0.000000 0.000000
 1.661250 0.000000 0.000000
 1.663000 0.000000 0.000000
 1.664750 0.000000 0.000000
 1.666500 0.000000 0.000000
 1.668250 0.000000 0.000000
 1.670000 0.000000 0.000000
 1.671750 0.000000 0.000000
 1.673500 0.000000 0.000000
 1.675250 0.000000 0.000000
 1.677000 0.000000 0.000000
 1.678750 0.000000 0.000000
 1.680500 0.000000 0.000000
 1.682250 0.000000 0.000000
 1.684000 0.000000 0.000000
 1.685750 0.000000 0.000000
 1.687500 0.000000 0.000000
 1.689250 0.000000 0.000000
 1.691000 0.000000 0.000000
 1.692750 0.000000 0.000000
 1.694500 0.000000 0.000000
 1.696250 0.000000 0.000000
 1.698000 0.000000 0.000000
 1.699750 0.000000 0.000000
 1.701500 0.000000 0.000000
 1.703250 0.000000 0.000000
 1.705000 0.000000 0.000000
 1.706750 0.000000 0.000000
 1.708500 0.000000 0.000000
 1.710250 0.000000 0.000000
 1.712000 0.000000 0.000000
 1.713750 0.000000 0.000000
 1.715500 0.000000 0.000000
 1.717250 0.000000 0.000000
 1.719000 0.000000 0.000000
 1.720750 0.000000 0.000000
 1.722500 0.000000 0.000000
 1.724250 0.000000 0.000000
 1.726000 0.000000 0.000000
 1.727750 0.000000 0.000000
 1.729500 0.000000 0.000000
 1.731250 0.000000 0.000000
 1.733000 0.000000 0.000000
 1.734750 0.000000 0.000000
 1.736500 0.000000 0.000000
 1.738250 0.000000 0.000000
 1.740000 0.000000 0.000000
 1.741750 0.000000 0.000000
 1.743500 0.000000 0.000000
 1.745250 0.000000 0.000000
 1.747000 0.000000 0.000000
 1.748750 0.000000 0.000000
 1.750500 0.000000 0.000000
 1.752250 0.000000 0.000000
 1.754000 0.000000 0.000000
 1.755750 0.000000 0.000000
 1.757500 0.000000 0.000000
 1.759250 0.000000 0.000000
 1.761000 0.000000 0.000000
 1.762750 0.000000 0.000000
 1.764500 0.000000 0.000000
 1.766250 0.000000 0.000000
 1.768000 0.000000 0.000000
 1.769750 0.000000 0.000000
 1.771500 0.000000 0.000000
 1.773250 0.000000 0.000000
 1.775000 0.000000 0.000000
 1.776750 0.000000 0.000000
 1.778500 0.000000 0.000000
 1.780250 0.000000 0.000000
 1.782000 0.000000 0.000000
 1.783750 0.000000 0.000000
 1.785500 0.000000 0.000000
 1.787250 0.000000 0.000000
 1.789000 0.000000 0.000000
 1.790750 0.000000 0.000000
 1.792500 0.000000 0.000000
 1.794250 0.000000 0.000000
 1.796000 0.000000 0.000000
 1.797750 0.000000 0.000000
 1.799500 0.000000 0.000000
 1.801250 0.000000 0.000000
 1.803000 0.000000 0.000000
 1.804750 0.000000 0.000000
 1.806500 0.000000 0.000000
 1.808250 0.000000 0.000000
 1.810000 0.000000 0.000000
 1.811750 0.000000 0.000000
 1.813500 0.000000 0.000000
 1.815250 0.000000 0.000000
 1.817000 0.000000 0.000000
 1.818750 0.000000 0.000000
 1.820500 0.000000 0.000000
 1.822250 0.000000 0.000000
 1.824000 0.000000 0.000000
 1.825750 0.000000 0.000000
 1.827500 0.000000 0.000000
 1.829250 0.000000 0.000000
 1.831000 0.000000 0.000000
 1.832750 0.000000 0.000000
 1.834500 0.000000 0.000000
 1.836250 0.000000 0.000000
 1.838000 0.000000 0.000000
 1.839750 0.000000 0.000000
 1.841500 0.000000 0.000000
 1.843250 0.000000 0.000000
 1.845000 0.000000 0.000000
 1.846750 0.000000 0.000000
 1.848500 0.000000 0.000000
 1.850250 0.000000 0.000000
 1.852000 0.000000 0.000000
 1.853750 0.000000 0.000000
 1.855500 0.000000 0.000000
 1.857250 0.000000 0.000000
 1.859000 0.000000 0.000000
 1.860750 0.000000 0.000000
 1.862500 0.000000 0.000000
 1.864250 0.000000 0.000000
 1.866000 0.000000 0.000000
 1.867750 0.000000 0.000000
 1.869500 0.000000 0.000000
 1.871250 0.000000 0.000000
 1.873000 0.000000 0.000000
 1.874750 0.000000 0.000000
 1.876500 0.000000 0.000000
 1.878250 0.000000 0.000000
 1.880000 0.000000 0.000000
 1.881750 0.000000 0.000000
 1.883500 0.000000 0.000000
 1.885250 0.000000 0.000000
 1.887000 0.000000 0.000000
 1.888750 0.000000 0.000000
 1.890500 0.000000 0.000000
 1.892250 0.000000 0.000000
 1.894000 0.000000 0.000000
 1.895750 0.000000 0.000000
 1.897500 0.000000 0.000000
 1.899250 0.000000 0.000000
 1.901000 0.000000 0.000000
 1.902750 0.000000 0.000000
 1.904500 0.000000 0.000000
 1.906250 0.000000 0.000000
 1.908000 0.000000 0.000000
 1.909750 0.000000 0.000000
 1.911500 0.000000 0.000000
 1.913250 0.000000 0.000000
 1.915000 0.000000 0.000000
 1.916750 0.000000 0.000000
 1.918500 0.000000 0.000000
 1.920250 0.000000 0.000000
 1.922000 0.000000 0.000000
 1.923750 0.000000 0.000000
 1.925500 0.000000 0.000000
 1.927250 0.000000 0.000000
 1.929000 0.000000 0.000000
 1.930750 0.000000 0.000000
 1.932500 0.000000 0.000000
 1.934250 0.000000 0.000000
 1.936000 0.000000 0.000000
 1.937750 0.000000 0.000000
 1.939500 0.000000 0.000000
 1.941250 0.000000 0.000000
 1.943000 0.000000 0.000000
 1.944750 0.000000 0.000000
 1.946500 0.000000 0.000000
 1.948250 0.000000 0.000000
 1.950000 0.000000 0.000000
 1.951750 0.000000 0.000000
 1.953500 0.000000 0.000000
 1.955250 0.000000 0.000000
 1.957000 0.000000 0.000000
 1.958750 0.000000 0.000000
 1.960500 0.000000 0.000000
 1.962250 0.000000 0.000000
 1.964000 0.000000 0.000000
 1.965750 0.000000 0.000000
 1.967500 0.000000 0.000000
 1.969250 0.000000 0.000000
 1.971000 0.000000 0.000000
 1.972750 0.000000 0.000000
 1.974500 0.000000 0.000000
 1.976250 0.000000 0.000000
 1.978000 0.000000 0.000000
 1.979750 0.000000 0.000000
 1.981500 0.000000 0.000000
 1.983250 0.000000 0.000000
 1.985000 0.000000 0.000000
 1.986750 0.000000 0.000000
 1.988500 0.000000 0.000000
 1.990250 0.000000 0.000000
 1.992000 0.000000 0.000000
 1.993750 0.000000 0.000000
 1.995500 0.000000 0.000000
 1.997250 0.000000 0.000000
 1.999000 0.000000 0.000000
 2.000750 0.000000 0.000000
 2.002500 0.000000 0.000000
 2.004250 0.000000 0.000000
 2.006000 0.000000 0.000000
 2.007750 0.000000 0.000000
 2.009500 0.000000 0.000000
 2.011250 0.000000 0.000000
 2.013000 0.000000 0.000000
 2.014750 0.000000 0.000000
 2.016500 0.000000 0.000000
 2.018250 0.000000 0.000000
 2.020000 0.000000 0.000000
 2.021750 0.000000 0.000000
 2.023500 0.000000 0.000000
 2.025250 0.000000 0.000000
 2.027000 0.000000 0.000000
 2.028750 0.000000 0.000000
 2.030500 0.000000 0.000000
 2.032250 0.000000 0.000000
 2.034000 0.000000 0.000000
 2.035750 0.000000 0.000000
 2.037500 0.000000 0.000000
 2.039250 0.000000 0.000000
 2.041000 0.000000 0.000000
 2.042750 0.000000 0.000000
 2.044500 0.000000 0.000000
 2.046250 0.000000 0.000000
 2.048000 0.000000 0.000000
 2.049750 0.000000 0.000000
 2.051500 0.000000 0.000000
 2.053250 0.000000 0.000000
 2.055000 0.000000 0.000000
 2.056750 0.000000 0.000000
 2.058500 0.000000 0.000000
 2.060250 0.000000 0.000000
 2.062000 0.000000 0.000000
 2.063750 0.000000 0.000000
 2.065500 0.000000 0.000000
 2.067250 0.000000 0.000000
 2.069000 0.000000 0.000000
 2.070750 0.000000 0.000000
 2.072500 0.000000 0.000000
 2.074250 0.000000 0.000000
 2.076000 0.000000 0.000000
 2.077750 0.000000 0.000000
 2.079500 0.000000 0.000000
 2.081250 0.000000 0.000000
 2.083000 0.000000 0.000000
 2.084750 0.000000 0.000000
 2.086500 0.000000 0.000000
 2.088250 0.000000 0.000000
 2.090000 0.000000 0.000000
 2.091750 0.000000 0.000000
 2.093500 0.000000 0.000000
 2.095250 0.000000 0.000000
 2.097000 0.000000 0.000000
 2.098750 0.000000 0.000000
 2.100500 0.000000 0.000000
 2.102250 0.000000 0.000000
 2.104000 0.000000 0.000000
 2.105750 0.000000 0.000000
 2.107500 0.000000 0.000000
 2.109250 0.000000 0.000000
 2.111000 0.000000 0.000000
 2.112750 0.000000 0.000000
 2.114500 0.000000 0.000000
 2.116250 0.000000 0.000000
 2.118000 0.000000 0.000000
 2.119750 0.000000 0.000000
 2.121500 0.000000 0.000000
 2.123250 0.000000 0.000000
 2.125000 0.000000 0.000000
 2.126750 0.000000 0.000000
 2.128500 0.000000 0.000000
 2.130250 0.000000 0.000000
 2.132000 0.000000 0.000000
 2.133750 0.000000 0.000000
 2.135500 0.000000 0.000000
 2.137250 0.000000 0.000000
 2.139000 0.000000 0.000000
 2.140750 0.000000 0.000000
 2.142500 0.000000 0.000000
 2.144250 0.000000 0.000000
 2.146000 0.000000 0.000000
 2.147750 0.000000 0.000000
 2.149500 0.000000 0.000000
 2.151250 0.000000 0.000000
 2.153000 0.000000 0.000000
 2.154750 0.000000 0.000000
 2.156500 0.000000 0.000000
 2.158250 0.000000 0.000000
 2.160000 0.000000 0.000000
 2.161750 0.000000 0.000000
 2.163500 0.000000 0.000000
 2.165250 0.000000 0.000000
 2.167000 0.000000 0.000000
 2.168750 0.000000 0.000000
 2.170500 0.000000 0.000000
 2.172250 0.000000 0.000000
 2.174000 0.000000 0.000000
 2.175750 0.000000 0.000000
 2.177500 0.000000 0.000000
 2.179250 0.000000 0.000000
 2.181000 0.000000 0.000000
 2.182750 0.000000 0.000000
 2.184500 0.000000 0.000000
 2.186250 0.000000 0.000000
 2.188000 0.000000 0.000000
 2.189750 0.000000 0.000000
 2.191500 0.000000 0.000000
 2.193250 0.000000 0.000000
 2.195000 0.000000 0.000000
 2.196750 0.000000 0.000000
 2.198500 0.000000 0.000000
 2.200250 0.000000 0.000000
 2.202000 0.000000 0.000000
 2.203750 0.000000 0.000000
 2.205500 0.000000 0.000000
 2.207250 0.000000 0.000000
 2.209000 0.000000 0.000000
 2.210750 0.000000 0.000000
 2.212500 0.000000 0.000000
 2.214250 0.000000 0.000000
 2.216000 0.000000 0.000000
 2.217750 0.000000 0.000000
 2.219500 0.000000 0.000000
 2.221250 0.000000 0.000000
 2.223000 0.000000 0.000000
 2.224750 0.000000 0.000000
 2.226500 0.000000 0.000000
 2.228250 0.000000 0.000000
 2.230000 0.000000 0.000000
 2.231750 0.000000 0.000000
 2.233500 0.000000 0.000000
 2.235250 0.000000 0.000000
 2.237000 0.000000 0.000000
 2.238750 0.000000 0.000000
 2.240500 0.000000 0.000000
 2.242250 0.000000 0.000000
 2.244000 0.000000 0.000000
 2.245750 0.000000 0.000000
 2.247500 0.000000 0.000000
 2.249250 0.000000 0.000000
 2.251000 0.000000 0.000000
 2.252750 0.000000 0.000000
 2.254500 0.000000 0.000000
 2.256250 0.000000 0.000000
 2.258000 0.000000 0.000000
 2.259750 0.000000 0.000000
 2.261500 0.000000 0.000000
 2.263250 0.000000 0.000000
 2.265000 0.000000 0.000000
 2.266750 0.000000 0.000000
 2.268500 0.000000 0.000000
 2.270250 0.000000 0.000000
 2.272000 0.000000 0.000000
 2.273750 0.000000 0.000000
 2.275500 0.000000 0.000000
 2.277250 0.000000 0.000000
 2.279000 0.000000 0.000000
 2.280750 0.000000 0.000000
 2.282500 0.000000 0.000000
 2.284250 0.000000 0.000000
 2.286000 0.000000 0.000000
 2.287750 0.000000 0.000000
 2.289500 0.000000 0.000000
 2.291250 0.000000 0.000000
 2.293000 0.000000 0.000000
 2.294750 0.000000 0.000000
 2.296500 0.000000 0.000000
 2.298250 0.000000 0.000000
 2.300000 0.000000 0.000000
 2.301750 0.000000 0.000000
 2.303500 0.000000 0.000000
 2.305250 0.000000 0.000000
 2.307000 0.000000 0.000000
 2.308750 0.000000 0.000000
 2.310500 0.000000 0.000000
 2.312250 0.000000 0.000000
 2.314000 0.000000 0.000000
 2.315750 0.000000 0.000000
 2.317500 0.000000 0.000000
 2.319250 0.000000 0.000000
 2.321000 0.000000 0.000000
 2.322750 0.000000 0.000000
 2.324500 0.000000 0.000000
 2.326250 0.000000 0.000000
 2.328000 0.000000 0.000000
 2.329750 0.000000 0.000000
 2.331500 0.000000 0.000000
 2.333250 0.000000 0.000000
 2.335000 0.000000 0.000000
 2.336750 0.000000 0.000000
 2.338500 0.000000 0.000000
 2.340250 0.000000 0.000000
 2.342000 0.000000 0.000000
 2.343750 0.000000 0.000000
 2.345500 0.000000 0.000000
 2.347250 0.000000 0.000000
 2.349000 0.000000 0.000000
 2.350750 0.000000 0.000000
 2.352500 0.000000 0.000000
 2.354250 0.000000 0.000000
 2.356000 0.000000 0.000000
 2.357750 0.000000 0.000000
 2.359500 0.000000 0.000000
 2.361250 0.000000 0.000000
 2.363000 0.000000 0.000000
 2.364750 0.000000 0.000000
 2.366500 0.000000 0.000000
 2.368250 0.000000 0.000000
 2.370000 0.000000 0.000000
 2.371750 0.000000 0.000000
 2.373500 0.000000 0.000000
 2.375250 0.000000 0.000000
 2.377000 0.000000 0.000000
 2.378750 0.000000 0.000000
 2.380500 0.000000 0.000000
 2.382250 0.000000 0.000000
 2.384000 0.000000 0.000000
 2.385750 0.000000 0.000000
 2.387500 0.000000 0.000000
 2.389250 0.000000 0.000000
 2.391000 0.000000 0.000000
 2.392750 0.000000 0.000000
 2.394500 0.000000 0.000000
 2.396250 0.000000 0.000000
 2.398000 0.000000 0.000000
 2.399750 0.000000 0.000000
 2.401500 0.000000 0.000000
 2.403250 0.000000 0.000000
 2.405000 0.000000 0.000000
 2.406750 0.000000 0.000000
 2.408500 0.000000 0.000000
 2.410250 0.000000 0.000000
 2.412000 0.000000 0.000000
 2.413750 0.000000 0.000000
 2.415500 0.000000 0.000000
 2.417250 0.000000 0.000000
 2.419000 0.000000 0.000000
 2.420750 0.000000 0.000000
 2.422500 0.000000 0.000000
 2.424250 0.000000 0.000000
 2.426000 0.000000 0.000000
 2.427750 0.000000 0.000000
 2.429500 0.000000 0.000000
 2.431250 0.000000 0.000000
 2.433000 0.000000 0.000000
 2.434750 0.000000 0.000000
 2.436500 0.000000 0.000000
 2.438250 0.000000 0.000000
 2.440000 0.000000 0.000000
 2.441750 0.000000 0.000000
 2.443500 0.000000 0.000000
 2.445250 0.000000 0.000000
 2.447000 0.000000 0.000000
 2.448750 0.000000 0.000000
 2.450500 0.000000 0.000000
 2.452250 0.000000 0.000000
 2.454000 0.000000 0.000000
 2.455750 0.000000 0.000000
 2.457500 0.000000 0.000000
 2.459250 0.000000 0.000000
 2.461000 0.000000 0.000000
 2.462750 0.000000 0.000000
 2.464500 0.000000 0.000000
 2.466250 0.000000 0.000000
 2.468000 0.000000 0.000000
 2.469750 0.000000 0.000000
 2.471500 0.000000 0.000000
 2.473250 0.000000 0.000000
 2.475000 0.000000 0.000000
 2.476750 0.000000 0.000000
 2.478500 0.000000 0.000000
 2.480250 0.000000 0.000000
 2.482000 0.000000 0.000000
 2.483750 0.000000 0.000000
 2.485500 0.000000 0.000000
 2.487250 0.000000 0.000000
 2.489000 0.000000 0.000000
 2.490750 0.000000 0.000000
 2.492500 0.000000 0.000000
 2.494250 0.000000 0.000000
 2.496000 0.000000 0.000000
 2.497750 0.000000 0.000000
 2.499500 0.000000 0.000000
 2.501250 0.000000 0.000000
 2.503000 0.000000 0.000000
 2.504750 0.000000 0.000000
 2.506500 0.000000 0.000000
 2.508250 0.000000 0.000000
 2.510000 0.000000 0.000000
 2.511750 0.000000 0.000000
 2.513500 0.000000 0.000000
 2.515250 0.000000 0.000000
 2.517000 0.000000 0.000000
 2.518750 0.000000 0.000000
 2.520500 0.000000 0.000000
 2.522250 0.000000 0.000000
 2.524000 0.000000 0.000000
 2.525750 0.000000 0.000000
 2.527500 0.000000 0.000000
 2.529250 0.000000 0.000000
 2.531000 0.000000 0.000000
 2.532750 0.000000 0.000000
 2.534500 0.000000 0.000000
 2.536250 0.000000 0.000000
 2.538000 0.000000 0.000000
 2.539750 0.000000 0.000000
 2.541500 0.000000 0.000000
 2.543250 0.000000 0.000000
 2.545000 0.000000 0.000000
 2.546750 0.000000 0.000000
 2.548500 0.000000 0.000000
 2.550250 0.000000 0.000000
 2.552000 0.000000 0.000000
 2.553750 0.000000 0.000000
 2.555500 0.000000 0.000000
 2.557250 0.000000 0.000000
 2.559000 0.000000 0.000000
 2.560750 0.000000 0.000000
 2.562500 0.000000 0.000000
 2.564250 0.000000 0.000000
 2.566000 0.000000 0.000000
 2.567750 0.000000 0.000000
 2.569500 0.000000 0.000000
 2.571250 0.000000 0.000000
 2.573000 0.000000 0.000000
 2.574750 0.000000 0.000000
 2.576500 0.000000 0.000000
 2.578250 0.000000 0.000000
 2.580000 0.000000 0.000000
 2.581750 0.000000 0.000000
 2.583500 0.000000 0.000000
 2.585250 0.000000 0.000000
 2.587000 0.000000 0.000000
 2.588750 0.000000 0.000000
 2.590500 0.000000 0.000000
 2.592250 0.000000 0.000000
 2.594000 0.000000 0.000000
 2.595750 0.000000 0.000000
 2.597500 0.000000 0.000000
 2.599250 0.000000 0.000000
 2.601000 0.000000 0.000000
 2.602750 0.000000 0.000000
 2.604500 0.000000 0.000000
 2.606250 0.000000 0.000000
 2.608000 0.000000 0.000000
 2.609750 0.000000 0.000000
 2.611500 0.000000 0.000000
 2.613250 0.000000 0.000000
 2.615000 0.000000 0.000000
 2.616750 0.000000 0.000000
 2.618500 0.000000 0.000000
 2.620250 0.000000 0.000000
 2.622000 0.000000 0.000000
 2.623750 0.000000 0.000000
 2.625500 0.000000 0.000000
 2.627250 0.000000 0.000000
 2.629000 0.000000 0.000000
 2.630750 0.000000 0.000000
 2.632500 0.000000 0.000000
 2.634250 0.000000 0.000000
 2.636000 0.000000 0.000000
 2.637750 0.000000 0.000000
 2.639500 0.000000 0.000000
 2.641250 0.000000 0.000000
 2.643000 0.000000 0.000000
 2.644750 0.000000 0.000000
 2.646500 0.000000 0.000000
 2.648250 0.000000 0.000000
 2.650000 0.000000 0.000000
 2.651750 0.000000 0.000000
 2.653500 0.000000 0.000000
 2.655250 0.000000 0.000000
 2.657000 0.000000 0.000000
 2.658750 0.000000 0.000000
 2.660500 0.000000 0.000000
 2.662250 0.000000 0.000000
 2.664000 0.000000 0.000000
 2.665750 0.000000 0.000000
 2.667500 0.000000 0.000000
 2.669250 0.000000 0.000000
 2.671000 0.000000 0.000000
 2.672750 0.000000 0.000000
 2.674500 0.000000 0.000000
 2.676250 0.000000 0.000000
 2.678000 0.000000 0.000000
 2.679750 0.000000 0.000000
 2.681500 0.000000 0.000000
 2.683250 0.000000 0.000000
 2.685000 0.000000 0.000000
 2.686750 0.000000 0.000000
 2.688500 0.000000 0.000000
 2.690250 0.000000 0.000000
 2.692000 0.000000 0.000000
 2.693750 0.000000 0.000000
 2.695500 0.000000 0.000000
 2.697250 0.000000 0.000000
 2.699000 0.000000 0.000000
 2.700750 0.000000 0.000000
 2.702500 0.000000 0.000000
 2.704250 0.000000 0.000000
 2.706000 0.000000 0.000000
 2.707750 0.000000 0.000000
 2.709500 0.000000 0.000000
 2.711250 0.000000 0.000000
 2.713000 0.000000 0.000000
 2.714750 0.000000 0.000000
 2.716500 0.000000 0.000000
 2.718250 0.000000 0.000000
 2.720000 0.000000 0.000000
 2.721750 0.000000 0.000000
 2.723500 0.000000 0.000000
 2.725250 0.000000 0.000000
 2.727000 0.000000 0.000000
 2.728750 0.000000 0.000000
 2.730500 0.000000 0.000000
 2.732250 0.000000 0.000000
 2.734000 0.000000 0.000000
 2.735750 0.000000 0.000000
 2.737500 0.000000 0.000000
 2.739250 0.000000 0.000000
 2.741000 0.000000 0.000000
 2.742750 0.000000 0.000000
 2.744500 0.000000 0.000000
 2.746250 0.000000 0.000000
 2.748000 0.000000 0.000000
 2.749750 0.000000 0.000000
 2.751500 0.000000 0.000000
 2.753250 0.000000 0.000000
 2.755000 0.000000 0.000000
 2.756750 0.000000 0.000000
 2.758500 0.000000 0.000000
 2.760250 0.000000 0.000000
 2.762000 0.000000 0.000000
 2.763750 0.000000 0.000000
 2.765500 0.000000 0.000000
 2.767250 0.000000 0.000000
 2.769000 0.000000 0.000000
 2.770750 0.000000 0.000000
 2.772500 0.000000 0.000000
 2.774250 0.000000 0.000000
 2.776000 0.000000 0.000000
 2.777750 0.000000 0.000000
 2.779500 0.000000 0.000000
 2.781250 0.000000 0.000000
 2.783000 0.000000 0.000000
 2.784750 0.000000 0.000000
 2.786500 0.000000 0.000000
 2.788250 0.000000 0.000000
 2.790000 0.000000 0.000000
 2.791750 0.000000 0.000000
 2.793500 0.000000 0.000000
 2.795250 0.000000 0.000000
 2.797000 0.000000 0.000000
 2.798750 0.000000 0.000000
 2.800500 0.000000 0.000000
 2.802250 0.000000 0.000000
 2.804000 0.000000 0.000000
 2.805750 0.000000 0.000000
 2.807500 0.000000 0.000000
 2.809250 0.000000 0.000000
 2.811000 0.000000 0.000000
 2.812750 0.000000 0.000000
 2.814500 0.000000 0.000000
 2.816250 0.000000 0.000000
 2.818000 0.000000 0.000000
 2.819750 0.000000 0.000000
 2.821500 0.000000 0.000000
 2.823250 0.000000 0.000000
 2.825000 0.000000 0.000000
 2.826750 0.000000 0.000000
 2.828500 0.000000 0.000000
 2.830250 0.000000 0.000000
 2.832000 0.000000 0.000000
 2.833750 0.000000 0.000000
 2.835500 0.000000 0.000000
 2.837250 0.000000 0.000000
 2.839000 0.000000 0.000000
 2.840750 0.000000 0.000000
 2.842500 0.000000 0.000000
 2.844250 0.000000 0.000000
 2.846000 0.000000 0.000000
 2.847750 0.000000 0.000000
 2.849500 0.000000 0.000000
 2.851250 0.000000 0.000000
 2.853000 0.000000 0.000000
 2.854750 0.000000 0.000000
 2.856500 0.000000 0.000000
 2.858250 0.000000 0.000000
 2.860000 0.000000 0.000000
 2.861750 0.000000 0.000000
 2.863500 0.000000 0.000000
 2.865250 0.000000 0.000000
 2.867000 0.000000 0.000000
 2.868750 0.000000 0.000000
 2.870500 0.000000 0.000000
 2.872250 0.000000 0.000000
 2.874000 0.000000 0.000000
 2.875750 0.000000 0.000000
 2.877500 0.000000 0.000000
 2.879250 0.000000 0.000000
 2.881000 0.000000 0.000000
 2.882750 0.000000 0.000000
 2.884500 0.000000 0.000000
 2.886250 0.000000 0.000000
 2.888000 0.000000 0.000000
 2.889750 0.000000 0.000000
 2.891500 0.000000 0.000000
 2.893250 0.000000 0.000000
 2.895000 0.000000 0.000000
 2.896750 0.000000 0.000000
 2.898500 0.000000 0.000000
 2.900250 0.000000 0.000000
 2.902000 0.000000 0.000000
 2.903750 0.000000 0.000000
 2.905500 0.000000 0.000000
 2.907250 0.000000 0.000000
 2.909000 0.000000 0.000000
 2.910750 0.000000 0.000000
 2.912500 0.000000 0.000000
 2.914250 0.000000 0.000000
 2.916000 0.000000 0.000000
 2.917750 0.000000 0.000000
 2.919500 0.000000 0.000000
 2.921250 0.000000 0.000000
 2.923000 0.000000 0.000000
 2.924750 0.000000 0.000000
 2.926500 0.000000 0.000000
 2.928250 0.000000 0.000000
 2.930000 0.000000 0.000000
 2.931750 0.000000 0.000000
 2.933500 0.000000 0.000000
 2.935250 0.000000 0.000000
 2.937000 0.000000 0.000000
 2.938750 0.000000 0.000000
 2.940500 0.000000 0.000000
 2.942250 0.000000 0.000000
 2.944000 0.000000 0.000000
 2.945750 0.000000 0.000000
 2.947500 0.000000 0.000000
 2.949250 0.000000 0.000000
 2.951000 0.000000 0.000000
 2.952750 0.000000 0.000000
 2.954500 0.000000 0.000000
 2.956250 0.000000 0.000000
 2.958000 0.000000 0.000000
 2.959750 0.000000 0.000000
 2.961500 0.000000 0.000000
 2.963250 0.000000 0.000000
 2.965000 0.000000 0.000000
 2.966750 0.000000 0.000000
 2.968500 0.000000 0.000000
 2.970250 0.000000 0.000000
 2.972000 0.000000 0.000000
 2.973750 0.000000 0.000000
 2.975500 0.000000 0.000000
 2.977250 0.000000 0.000000
 2.979000 0.000000 0.000000
 2.980750 0.000000 0.000000
 2.982500 0.000000 0.000000
 2.984250 0.000000 0.000000
 2.986000 0.000000 0.000000
 2.987750 0.000000 0.000000
 2.989500 0.000000 0.000000
 2.991250 0.000000 0.000000
 2.993000 0.000000 0.000000
 2.994750 0.000000 0.000000
 2.996500 0.000000 0.000000
 2.998250 0.000000 0.000000
 3.000000 0.000000 0.000000
