#! FIELDS time refcv.mean refcv.morethan
 20.000000 1.488124 335.999298
 25.000000 1.481401 335.999256
 30.000000 1.472002 335.999195
 35.000000 1.478119 335.999236
 40.000000 1.481952 335.999262
 45.000000 1.476393 335.999222
 50.000000 1.472350 335.999194
 55.000000 1.476903 335.999224
 60.000000 1.472525 335.999197
 65.000000 1.488563 335.999294
 70.000000 1.490912 335.999312
 75.000000 1.481098 335.999256
 80.000000 1.484975 335.999275
 85.000000 1.488244 335.999296
 90.000000 1.486875 335.999290
 95.000000 1.477283 335.999228
 100.000000 1.483466 335.999265
 105.000000 1.484910 335.999277
 110.000000 1.491098 335.999312
 115.000000 1.487594 335.999292
 120.000000 1.483461 335.999264
 125.000000 1.485633 335.999282
 130.000000 1.485059 335.999279
 135.000000 1.470002 335.999179
 140.000000 1.469375 335.999179
 145.000000 1.480711 335.999252
 150.000000 1.478794 335.999233
 155.000000 1.481650 335.999262
 160.000000 1.476454 335.999225
 165.000000 1.474580 335.999212
 170.000000 1.471048 335.999190
 175.000000 1.484690 335.999275
 180.000000 1.476292 335.999221
 185.000000 1.481463 335.999254
 190.000000 1.464408 335.999137
 195.000000 1.480176 335.999249
 200.000000 1.479335 335.999239
 205.000000 1.481954 335.999260
 210.000000 1.478413 335.999236
 215.000000 1.481819 335.999256
 220.000000 1.475786 335.999222
 225.000000 1.473084 335.999203
 230.000000 1.481701 335.999256
 235.000000 1.485301 335.999278
 240.000000 1.473876 335.999206
 245.000000 1.466885 335.999157
 250.000000 1.483048 335.999264
 255.000000 1.477326 335.999231
 260.000000 1.480709 335.999253
 265.000000 1.475576 335.999214
 270.000000 1.470300 335.999185
 275.000000 1.481501 335.999253
 280.000000 1.481154 335.999253
 285.000000 1.478087 335.999229
 290.000000 1.494048 335.999323
 295.000000 1.489029 335.999302
 300.000000 1.499889 335.999358
 305.000000 1.481543 335.999258
 310.000000 1.472083 335.999197
 315.000000 1.484479 335.999270
 320.000000 1.471759 335.999192
 325.000000 1.474797 335.999212
 330.000000 1.479582 335.999246
 335.000000 1.479717 335.999244
 340.000000 1.484712 335.999277
 345.000000 1.486334 335.999284
 350.000000 1.480130 335.999245
 355.000000 1.477264 335.999228
 360.000000 1.482621 335.999262
 365.000000 1.479859 335.999242
 370.000000 1.481973 335.999258
 375.000000 1.470990 335.999189
 380.000000 1.489766 335.999307
 385.000000 1.481417 335.999255
 390.000000 1.494464 335.999331
 395.000000 1.480373 335.999248
 400.000000 1.479565 335.999245
