#! FIELDS time refcv.mean refcv.morethan
 20.000000 1.097826 335.972378
 25.000000 1.095262 335.971450
 30.000000 1.084548 335.967183
 35.000000 1.091091 335.969505
 40.000000 1.092841 335.970724
 45.000000 1.092189 335.970046
 50.000000 1.080136 335.965137
 55.000000 1.090363 335.969596
 60.000000 1.084569 335.967219
 65.000000 1.092851 335.970195
 70.000000 1.098704 335.972419
 75.000000 1.093489 335.970873
 80.000000 1.093465 335.970803
 85.000000 1.091671 335.969949
 90.000000 1.097264 335.972070
 95.000000 1.091414 335.969874
 100.000000 1.089538 335.968968
 105.000000 1.096659 335.971989
 110.000000 1.098577 335.972508
 115.000000 1.099782 335.972764
 120.000000 1.093991 335.970776
 125.000000 1.092525 335.970192
 130.000000 1.092927 335.970540
 135.000000 1.084728 335.967492
 140.000000 1.083999 335.967499
 145.000000 1.088607 335.969298
 150.000000 1.088469 335.968596
 155.000000 1.092606 335.970650
 160.000000 1.081915 335.966370
 165.000000 1.087679 335.968710
 170.000000 1.082817 335.967180
 175.000000 1.091438 335.970131
 180.000000 1.088471 335.968578
 185.000000 1.088387 335.968777
 190.000000 1.081044 335.966011
 195.000000 1.093885 335.971057
 200.000000 1.089612 335.969114
 205.000000 1.096254 335.971612
 210.000000 1.090329 335.969528
 215.000000 1.092798 335.970396
 220.000000 1.090600 335.969822
 225.000000 1.087512 335.968639
 230.000000 1.094927 335.970683
 235.000000 1.094019 335.971156
 240.000000 1.087974 335.968740
 245.000000 1.083401 335.966747
 250.000000 1.092515 335.970427
 255.000000 1.091178 335.970306
 260.000000 1.088924 335.969067
 265.000000 1.085554 335.967618
 270.000000 1.080304 335.965763
 275.000000 1.094240 335.970790
 280.000000 1.097764 335.972421
 285.000000 1.087322 335.967199
 290.000000 1.097673 335.971944
 295.000000 1.093806 335.971027
 300.000000 1.097548 335.972191
 305.000000 1.091908 335.969806
 310.000000 1.089514 335.969519
 315.000000 1.088764 335.968531
 320.000000 1.084446 335.967500
 325.000000 1.087545 335.968440
 330.000000 1.091254 335.970024
 335.000000 1.095095 335.971273
 340.000000 1.091883 335.970121
 345.000000 1.094176 335.970947
 350.000000 1.096233 335.971666
 355.000000 1.085855 335.968232
 360.000000 1.092453 335.970551
 365.000000 1.097418 335.971889
 370.000000 1.091397 335.969642
 375.000000 1.089541 335.968792
 380.000000 1.098670 335.972252
 385.000000 1.093078 335.970790
 390.000000 1.102748 335.973923
 395.000000 1.092619 335.970465
 400.000000 1.092216 335.970410
