#! FIELDS time refcv.mean refcv.morethan
 20.000000 0.963275 335.858764
 25.000000 0.962531 335.855815
 30.000000 0.948378 335.811226
 35.000000 0.956822 335.828880
 40.000000 0.957851 335.845105
 45.000000 0.959291 335.842429
 50.000000 0.940669 335.789357
 55.000000 0.956485 335.842342
 60.000000 0.948080 335.811995
 65.000000 0.954394 335.826020
 70.000000 0.963597 335.854419
 75.000000 0.959124 335.847868
 80.000000 0.957043 335.844062
 85.000000 0.952054 335.827622
 90.000000 0.962823 335.856009
 95.000000 0.957663 335.841196
 100.000000 0.950677 335.821771
 105.000000 0.962774 335.858398
 110.000000 0.962816 335.856221
 115.000000 0.966325 335.862193
 120.000000 0.958622 335.846048
 125.000000 0.955644 335.833245
 130.000000 0.956486 335.839430
 135.000000 0.949298 335.821669
 140.000000 0.949091 335.825084
 145.000000 0.950775 335.833374
 150.000000 0.952105 335.826560
 155.000000 0.957651 335.845147
 160.000000 0.941218 335.796728
 165.000000 0.953136 335.833432
 170.000000 0.945713 335.819147
 175.000000 0.953925 335.838162
 180.000000 0.953068 335.826313
 185.000000 0.950118 335.822591
 190.000000 0.946299 335.813808
 195.000000 0.959924 335.850735
 200.000000 0.953700 335.831325
 205.000000 0.963796 335.854418
 210.000000 0.955343 335.828999
 215.000000 0.958046 335.843090
 220.000000 0.957468 335.842241
 225.000000 0.953267 335.832849
 230.000000 0.961533 335.842918
 235.000000 0.958093 335.849753
 240.000000 0.953574 335.832210
 245.000000 0.949358 335.817459
 250.000000 0.956386 335.841582
 255.000000 0.957987 335.850330
 260.000000 0.952132 335.828244
 265.000000 0.948476 335.817728
 270.000000 0.941555 335.797194
 275.000000 0.960524 335.848104
 280.000000 0.967013 335.867744
 285.000000 0.949900 335.793786
 290.000000 0.960036 335.848049
 295.000000 0.956084 335.843800
 300.000000 0.956186 335.844558
 305.000000 0.956623 335.826738
 310.000000 0.957413 335.845117
 315.000000 0.948956 335.813377
 320.000000 0.948694 335.819368
 325.000000 0.952556 335.826649
 330.000000 0.956468 335.840658
 335.000000 0.963157 335.854118
 340.000000 0.954319 335.835139
 345.000000 0.957495 335.843381
 350.000000 0.965184 335.860257
 355.000000 0.947319 335.821798
 360.000000 0.956465 335.844700
 365.000000 0.966734 335.860883
 370.000000 0.955281 335.829835
 375.000000 0.957861 335.827667
 380.000000 0.963533 335.849367
 385.000000 0.958775 335.848728
 390.000000 0.968223 335.868580
 395.000000 0.957916 335.843701
 400.000000 0.958071 335.846923
