#! FIELDS time refcv.mean refcv.morethan
 20.000000 1.260442 335.994824
 25.000000 1.256252 335.994592
 30.000000 1.246805 335.994031
 35.000000 1.252483 335.994364
 40.000000 1.255073 335.994547
 45.000000 1.252497 335.994357
 50.000000 1.244617 335.993871
 55.000000 1.251577 335.994305
 60.000000 1.246792 335.994031
 65.000000 1.258506 335.994672
 70.000000 1.262122 335.994891
 75.000000 1.255306 335.994549
 80.000000 1.257098 335.994625
 85.000000 1.257681 335.994646
 90.000000 1.259613 335.994769
 95.000000 1.252516 335.994364
 100.000000 1.254665 335.994458
 105.000000 1.258619 335.994717
 110.000000 1.262133 335.994891
 115.000000 1.261219 335.994837
 120.000000 1.256418 335.994564
 125.000000 1.256582 335.994591
 130.000000 1.256606 335.994609
 135.000000 1.245720 335.993972
 140.000000 1.245087 335.993968
 145.000000 1.252936 335.994417
 150.000000 1.251432 335.994267
 155.000000 1.254913 335.994551
 160.000000 1.247653 335.994104
 165.000000 1.249548 335.994211
 170.000000 1.245003 335.993974
 175.000000 1.256036 335.994573
 180.000000 1.250809 335.994250
 185.000000 1.252793 335.994380
 190.000000 1.241433 335.993698
 195.000000 1.255036 335.994538
 200.000000 1.252809 335.994363
 205.000000 1.256987 335.994628
 210.000000 1.252169 335.994361
 215.000000 1.255118 335.994506
 220.000000 1.251469 335.994336
 225.000000 1.248544 335.994157
 230.000000 1.256181 335.994541
 235.000000 1.257501 335.994653
 240.000000 1.248941 335.994169
 245.000000 1.243572 335.993820
 250.000000 1.255706 335.994548
 255.000000 1.252161 335.994384
 260.000000 1.252744 335.994401
 265.000000 1.248744 335.994131
 270.000000 1.243828 335.993884
 275.000000 1.255665 335.994519
 280.000000 1.257281 335.994650
 285.000000 1.250736 335.994183
 290.000000 1.263075 335.994897
 295.000000 1.258872 335.994734
 300.000000 1.265963 335.995069
 305.000000 1.254516 335.994487
 310.000000 1.248947 335.994193
 315.000000 1.254588 335.994441
 320.000000 1.246464 335.994034
 325.000000 1.249266 335.994184
 330.000000 1.253218 335.994431
 335.000000 1.255237 335.994526
 340.000000 1.256110 335.994577
 345.000000 1.258212 335.994682
 350.000000 1.255972 335.994559
 355.000000 1.249803 335.994236
 360.000000 1.255540 335.994550
 365.000000 1.256447 335.994566
 370.000000 1.254528 335.994465
 375.000000 1.248423 335.994125
 380.000000 1.261857 335.994877
 385.000000 1.255034 335.994527
 390.000000 1.265943 335.995088
 395.000000 1.254426 335.994482
 400.000000 1.253797 335.994460
