#! FIELDS time refcv.mean refcv.morethan
 20.000000 0.928737 639.549678
 25.000000 0.931963 639.554060
 30.000000 0.922763 639.460954
 35.000000 0.931760 639.555012
 40.000000 0.924881 639.493864
 45.000000 0.929121 639.541914
 50.000000 0.927640 639.520477
 55.000000 0.928627 639.538551
 60.000000 0.933886 639.588321
 65.000000 0.929403 639.550603
 70.000000 0.924766 639.414513
 75.000000 0.925499 639.467496
 80.000000 0.923014 639.480492
 85.000000 0.930040 639.514924
 90.000000 0.927089 639.527837
 95.000000 0.930974 639.535338
 100.000000 0.927269 639.493291
 105.000000 0.930202 639.557508
 110.000000 0.926304 639.502577
 115.000000 0.924503 639.461115
 120.000000 0.924090 639.506611
 125.000000 0.923575 639.478430
 130.000000 0.921999 639.464427
 135.000000 0.929503 639.551229
 140.000000 0.926409 639.297119
 145.000000 0.926770 639.185307
 150.000000 0.926513 639.517939
 155.000000 0.932255 639.557296
 160.000000 0.926163 639.447803
 165.000000 0.927858 639.524811
 170.000000 0.925597 639.518716
 175.000000 0.925533 639.516781
 180.000000 0.926712 639.521977
 185.000000 0.924743 639.490078
 190.000000 0.922842 639.476125
 195.000000 0.926271 639.536563
 200.000000 0.929303 639.554285
 205.000000 0.927122 639.538304
 210.000000 0.931111 639.565703
 215.000000 0.933093 639.575043
 220.000000 0.928036 639.541005
 225.000000 0.927946 639.530856
 230.000000 0.920273 639.452760
 235.000000 0.924040 639.493785
 240.000000 0.926002 639.524582
 245.000000 0.918977 639.228984
 250.000000 0.926195 639.515781
 255.000000 0.928746 639.531711
 260.000000 0.926288 639.538725
 265.000000 0.928576 639.540275
 270.000000 0.929958 639.545897
 275.000000 0.920271 639.477751
 280.000000 0.923192 639.473373
 285.000000 0.930678 639.535962
 290.000000 0.928272 639.519954
 295.000000 0.925180 639.512127
 300.000000 0.928526 639.528546
 305.000000 0.926421 639.515695
 310.000000 0.925149 639.492050
 315.000000 0.921220 639.415349
 320.000000 0.930327 639.564974
 325.000000 0.926331 639.400233
 330.000000 0.926570 639.484087
 335.000000 0.931229 639.547796
 340.000000 0.924967 639.501591
 345.000000 0.928520 639.522445
 350.000000 0.926087 639.486445
 355.000000 0.922648 639.467725
 360.000000 0.928067 639.478300
 365.000000 0.923020 639.426369
 370.000000 0.933054 639.576908
 375.000000 0.930111 639.548475
 380.000000 0.934052 639.578961
 385.000000 0.925532 639.495087
 390.000000 0.935019 639.594095
 395.000000 0.924924 639.498711
 400.000000 0.924934 639.528117
