#! FIELDS time refcv.mean refcv.morethan
 20.000000 0.887019 638.990958
 25.000000 0.890920 638.914863
 30.000000 0.878810 638.434950
 35.000000 0.890849 638.940835
 40.000000 0.881800 638.669231
 45.000000 0.887359 638.944990
 50.000000 0.885379 638.761823
 55.000000 0.886654 638.929837
 60.000000 0.893404 639.117839
 65.000000 0.887636 638.938733
 70.000000 0.881099 637.980008
 75.000000 0.881712 638.326785
 80.000000 0.878671 638.652753
 85.000000 0.889019 638.681952
 90.000000 0.883808 638.851741
 95.000000 0.889736 638.829861
 100.000000 0.884996 638.483531
 105.000000 0.888491 638.911796
 110.000000 0.883162 638.702727
 115.000000 0.880604 638.253174
 120.000000 0.879355 638.784240
 125.000000 0.879419 638.476952
 130.000000 0.877100 638.394631
 135.000000 0.887739 638.994513
 140.000000 0.883732 637.432774
 145.000000 0.883842 637.950590
 150.000000 0.882848 638.708076
 155.000000 0.891440 638.964996
 160.000000 0.882582 637.970896
 165.000000 0.885214 638.808442
 170.000000 0.882373 638.847002
 175.000000 0.881988 638.811461
 180.000000 0.883857 638.872030
 185.000000 0.881228 638.562689
 190.000000 0.878410 638.509053
 195.000000 0.883262 638.939007
 200.000000 0.887233 638.990293
 205.000000 0.884690 638.975338
 210.000000 0.889922 639.044661
 215.000000 0.892533 639.056423
 220.000000 0.885492 638.942803
 225.000000 0.884994 638.773701
 230.000000 0.874278 638.362179
 235.000000 0.880075 638.666367
 240.000000 0.882507 638.866724
 245.000000 0.872920 636.834539
 250.000000 0.882754 638.792096
 255.000000 0.887545 638.867186
 260.000000 0.883190 638.964315
 265.000000 0.886837 638.959951
 270.000000 0.888378 638.892261
 275.000000 0.874789 638.694014
 280.000000 0.879208 638.541280
 285.000000 0.889263 638.823020
 290.000000 0.886052 638.761547
 295.000000 0.881402 638.751016
 300.000000 0.886282 638.817167
 305.000000 0.883242 638.787090
 310.000000 0.881609 638.517303
 315.000000 0.876095 637.841977
 320.000000 0.889528 639.071335
 325.000000 0.883537 637.955676
 330.000000 0.883500 638.389161
 335.000000 0.889997 638.858388
 340.000000 0.881394 638.732880
 345.000000 0.885965 638.792870
 350.000000 0.883080 638.550226
 355.000000 0.878143 638.445949
 360.000000 0.885878 638.254109
 365.000000 0.878477 637.877369
 370.000000 0.892767 639.064502
 375.000000 0.888857 638.927051
 380.000000 0.894476 639.071665
 385.000000 0.882651 638.714204
 390.000000 0.895242 639.150179
 395.000000 0.881563 638.693446
 400.000000 0.880653 638.907040
