#! FIELDS time refcv.mean refcv.morethan
 20.000000 1.348043 639.995535
 25.000000 1.359725 639.995988
 30.000000 1.342554 639.995302
 35.000000 1.355157 639.995821
 40.000000 1.351109 639.995656
 45.000000 1.354788 639.995793
 50.000000 1.350887 639.995660
 55.000000 1.351611 639.995673
 60.000000 1.356906 639.995882
 65.000000 1.352649 639.995722
 70.000000 1.352262 639.995691
 75.000000 1.355422 639.995789
 80.000000 1.351370 639.995658
 85.000000 1.352759 639.995700
 90.000000 1.357729 639.995922
 95.000000 1.357089 639.995891
 100.000000 1.345575 639.995427
 105.000000 1.354623 639.995797
 110.000000 1.354151 639.995759
 115.000000 1.351821 639.995686
 120.000000 1.354999 639.995810
 125.000000 1.349425 639.995590
 130.000000 1.352717 639.995700
 135.000000 1.354541 639.995793
 140.000000 1.349065 639.995581
 145.000000 1.352115 639.995691
 150.000000 1.357896 639.995907
 155.000000 1.363109 639.996098
 160.000000 1.354408 639.995789
 165.000000 1.353923 639.995763
 170.000000 1.350592 639.995634
 175.000000 1.352180 639.995707
 180.000000 1.354580 639.995768
 185.000000 1.349660 639.995606
 190.000000 1.351214 639.995642
 195.000000 1.350371 639.995624
 200.000000 1.354390 639.995804
 205.000000 1.350721 639.995641
 210.000000 1.357159 639.995887
 215.000000 1.354897 639.995813
 220.000000 1.351787 639.995682
 225.000000 1.356515 639.995854
 230.000000 1.353624 639.995739
 235.000000 1.349413 639.995609
 240.000000 1.355878 639.995836
 245.000000 1.345228 639.995420
 250.000000 1.355974 639.995844
 255.000000 1.345011 639.995394
 260.000000 1.353415 639.995760
 265.000000 1.351338 639.995676
 270.000000 1.354885 639.995804
 275.000000 1.351699 639.995691
 280.000000 1.348719 639.995568
 285.000000 1.354987 639.995807
 290.000000 1.352289 639.995713
 295.000000 1.349910 639.995601
 300.000000 1.353689 639.995781
 305.000000 1.354956 639.995812
 310.000000 1.354435 639.995761
 315.000000 1.347996 639.995539
 320.000000 1.348191 639.995560
 325.000000 1.349901 639.995614
 330.000000 1.356997 639.995877
 335.000000 1.354440 639.995800
 340.000000 1.349263 639.995578
 345.000000 1.358493 639.995936
 350.000000 1.354478 639.995776
 355.000000 1.348497 639.995548
 360.000000 1.350101 639.995631
 365.000000 1.355069 639.995797
 370.000000 1.354278 639.995792
 375.000000 1.354975 639.995827
 380.000000 1.354919 639.995808
 385.000000 1.348470 639.995552
 390.000000 1.360341 639.996027
 395.000000 1.350160 639.995605
 400.000000 1.355004 639.995800
