#! FIELDS time refcv.mean refcv.morethan
 20.000000 0.848360 637.359079
 25.000000 0.853382 636.804304
 30.000000 0.837967 634.719887
 35.000000 0.853332 636.924270
 40.000000 0.841767 635.670828
 45.000000 0.848759 637.110161
 50.000000 0.846159 636.060003
 55.000000 0.847866 637.035944
 60.000000 0.856377 637.801567
 65.000000 0.849069 637.017351
 70.000000 0.840964 634.613433
 75.000000 0.841663 634.348307
 80.000000 0.837825 635.802364
 85.000000 0.851225 635.964916
 90.000000 0.844190 636.637683
 95.000000 0.851964 636.374977
 100.000000 0.845969 635.482637
 105.000000 0.850167 637.036368
 110.000000 0.843416 635.973206
 115.000000 0.840148 634.549341
 120.000000 0.838531 636.463324
 125.000000 0.838603 635.174834
 130.000000 0.835702 635.124849
 135.000000 0.849333 637.410852
 140.000000 0.844377 634.284203
 145.000000 0.844336 636.122485
 150.000000 0.842916 636.233470
 155.000000 0.854199 637.125139
 160.000000 0.842633 635.334507
 165.000000 0.845949 636.365657
 170.000000 0.842383 636.701200
 175.000000 0.841879 636.535555
 180.000000 0.844304 636.845197
 185.000000 0.840988 635.974044
 190.000000 0.837342 635.738497
 195.000000 0.843365 637.118055
 200.000000 0.848530 637.284427
 205.000000 0.845393 637.413418
 210.000000 0.851977 637.530718
 215.000000 0.855379 637.526174
 220.000000 0.846284 637.151016
 225.000000 0.845590 636.448796
 230.000000 0.831914 634.059301
 235.000000 0.839402 635.646935
 240.000000 0.842524 636.790818
 245.000000 0.830496 631.873532
 250.000000 0.842760 636.484267
 255.000000 0.849002 636.634007
 260.000000 0.843354 637.283813
 265.000000 0.848348 637.286346
 270.000000 0.850106 636.686170
 275.000000 0.832572 636.105932
 280.000000 0.838465 635.271180
 285.000000 0.851332 636.299812
 290.000000 0.847216 636.294839
 295.000000 0.841058 636.183352
 300.000000 0.847427 636.351376
 305.000000 0.843641 636.330365
 310.000000 0.841460 635.372211
 315.000000 0.834311 634.291775
 320.000000 0.851482 637.714636
 325.000000 0.844197 634.969032
 330.000000 0.843977 634.682567
 335.000000 0.852083 636.384112
 340.000000 0.841126 636.094203
 345.000000 0.847115 636.306081
 350.000000 0.843447 635.275849
 355.000000 0.837016 634.803008
 360.000000 0.846910 636.310216
 365.000000 0.837460 634.113093
 370.000000 0.855675 637.517870
 375.000000 0.850788 636.963621
 380.000000 0.857928 637.518279
 385.000000 0.842905 635.997878
 390.000000 0.858843 637.938625
 395.000000 0.841476 635.778300
 400.000000 0.839847 637.083223
