#! FIELDS time refcv.mean refcv.morethan
 20.000000 1.217503 639.984787
 25.000000 1.227471 639.986218
 30.000000 1.212490 639.983914
 35.000000 1.223809 639.985715
 40.000000 1.219901 639.985060
 45.000000 1.222874 639.985542
 50.000000 1.220107 639.985178
 55.000000 1.220533 639.985202
 60.000000 1.225322 639.985959
 65.000000 1.221721 639.985427
 70.000000 1.220300 639.985084
 75.000000 1.223230 639.985488
 80.000000 1.219028 639.984946
 85.000000 1.222128 639.985337
 90.000000 1.224914 639.985873
 95.000000 1.225198 639.985898
 100.000000 1.215670 639.984377
 105.000000 1.223269 639.985623
 110.000000 1.222504 639.985418
 115.000000 1.219789 639.985068
 120.000000 1.221791 639.985389
 125.000000 1.218049 639.984812
 130.000000 1.220620 639.985120
 135.000000 1.223236 639.985605
 140.000000 1.217873 639.984731
 145.000000 1.220194 639.985089
 150.000000 1.224792 639.985787
 155.000000 1.230255 639.986567
 160.000000 1.222106 639.985427
 165.000000 1.222043 639.985415
 170.000000 1.219182 639.984987
 175.000000 1.220122 639.985170
 180.000000 1.222439 639.985369
 185.000000 1.218090 639.984838
 190.000000 1.219181 639.984902
 195.000000 1.219582 639.985059
 200.000000 1.223588 639.985727
 205.000000 1.219530 639.985049
 210.000000 1.225443 639.985929
 215.000000 1.224284 639.985789
 220.000000 1.220446 639.985185
 225.000000 1.224087 639.985692
 230.000000 1.220087 639.985092
 235.000000 1.218215 639.984911
 240.000000 1.223208 639.985586
 245.000000 1.213523 639.984073
 250.000000 1.223332 639.985643
 255.000000 1.215615 639.984388
 260.000000 1.221882 639.985480
 265.000000 1.220269 639.985213
 270.000000 1.223673 639.985682
 275.000000 1.218386 639.984881
 280.000000 1.217193 639.984663
 285.000000 1.223771 639.985658
 290.000000 1.221008 639.985265
 295.000000 1.218594 639.984880
 300.000000 1.222795 639.985600
 305.000000 1.223054 639.985606
 310.000000 1.222387 639.985409
 315.000000 1.216279 639.984554
 320.000000 1.218140 639.984932
 325.000000 1.219198 639.984985
 330.000000 1.224139 639.985671
 335.000000 1.223199 639.985623
 340.000000 1.217949 639.984799
 345.000000 1.226080 639.985983
 350.000000 1.222240 639.985406
 355.000000 1.217109 639.984649
 360.000000 1.219263 639.985061
 365.000000 1.221965 639.985314
 370.000000 1.224075 639.985756
 375.000000 1.223411 639.985725
 380.000000 1.224654 639.985845
 385.000000 1.217526 639.984690
 390.000000 1.228515 639.986432
 395.000000 1.218873 639.984880
 400.000000 1.221882 639.985427
