#! FIELDS time refcv.mean refcv.morethan
 20.000000 0.907693 639.343707
 25.000000 0.911041 639.329268
 30.000000 0.900560 639.131277
 35.000000 0.910947 639.335959
 40.000000 0.903125 639.214704
 45.000000 0.907964 639.324334
 50.000000 0.906336 639.266529
 55.000000 0.907344 639.317883
 60.000000 0.913219 639.411126
 65.000000 0.908218 639.331868
 70.000000 0.902623 638.921052
 75.000000 0.903212 639.116957
 80.000000 0.900575 639.192607
 85.000000 0.909225 639.241953
 90.000000 0.905023 639.286306
 95.000000 0.909982 639.293698
 100.000000 0.905823 639.165012
 105.000000 0.908951 639.327871
 110.000000 0.904416 639.228813
 115.000000 0.902268 639.083618
 120.000000 0.901308 639.245663
 125.000000 0.901275 639.154908
 130.000000 0.899281 639.128159
 135.000000 0.908308 639.344120
 140.000000 0.904814 638.560720
 145.000000 0.905020 638.481398
 150.000000 0.904304 639.249811
 155.000000 0.911441 639.341196
 160.000000 0.904012 638.957919
 165.000000 0.906209 639.274417
 170.000000 0.903715 639.276317
 175.000000 0.903501 639.268343
 180.000000 0.904983 639.286800
 185.000000 0.902712 639.179165
 190.000000 0.900342 639.162962
 195.000000 0.904508 639.316826
 200.000000 0.907947 639.346534
 205.000000 0.905614 639.326674
 210.000000 0.910186 639.371511
 215.000000 0.912440 639.383435
 220.000000 0.906416 639.319981
 225.000000 0.906065 639.275162
 230.000000 0.897017 639.101970
 235.000000 0.901838 639.213655
 240.000000 0.903947 639.287310
 245.000000 0.895718 638.321455
 250.000000 0.904197 639.261307
 255.000000 0.907994 639.300541
 260.000000 0.904476 639.325674
 265.000000 0.907428 639.325460
 270.000000 0.908850 639.318915
 275.000000 0.897296 639.200694
 280.000000 0.900989 639.162532
 285.000000 0.909633 639.293054
 290.000000 0.906848 639.262137
 295.000000 0.902974 639.248348
 300.000000 0.907056 639.281252
 305.000000 0.904521 639.259809
 310.000000 0.903025 639.184597
 315.000000 0.898496 638.934934
 320.000000 0.909739 639.378499
 325.000000 0.904648 638.894144
 330.000000 0.904709 639.141147
 335.000000 0.910271 639.311663
 340.000000 0.902922 639.231808
 345.000000 0.906775 639.268639
 350.000000 0.904304 639.182052
 355.000000 0.900133 639.138942
 360.000000 0.906653 639.019777
 365.000000 0.900481 638.968057
 370.000000 0.912559 639.387701
 375.000000 0.909239 639.325959
 380.000000 0.913969 639.394297
 385.000000 0.903829 639.223197
 390.000000 0.914738 639.424895
 395.000000 0.902985 639.223474
 400.000000 0.902497 639.299637
