#! FIELDS refcv hh dhh_refcv
#! SET normalisation  77.000000
#! SET min_refcv -0.5
#! SET max_refcv 2
#! SET nbins_refcv  1000
#! SET periodic_refcv false
 -0.500000 0.000000 0.000000
 -0.497500 0.000000 0.000000
 -0.495000 0.000000 0.000000
 -0.492500 0.000000 0.000000
 -0.490000 0.000000 0.000000
 -0.487500 0.000000 0.000000
 -0.485000 0.000000 0.000000
 -0.482500 0.000000 0.000000
 -0.480000 0.000000 0.000000
 -0.477500 0.000000 0.000000
 -0.475000 0.000000 0.000000
 -0.472500 0.000000 0.000000
 -0.470000 0.000000 0.000000
 -0.467500 0.000000 0.000000
 -0.465000 0.000000 0.000000
 -0.462500 0.000000 0.000000
 -0.460000 0.000000 0.000000
 -0.457500 0.000000 0.000000
 -0.455000 0.000000 0.000000
 -0.452500 0.000000 0.000000
 -0.450000 0.000000 0.000000
 -0.447500 0.000000 0.000000
 -0.445000 0.000000 0.000000
 -0.442500 0.000000 0.000000
 -0.440000 0.000000 0.000000
 -0.437500 0.000000 0.000000
 -0.435000 0.000000 0.000000
 -0.432500 0.000000 0.000000
 -0.430000 0.000000 0.000000
 -0.427500 0.000000 0.000000
 -0.425000 0.000000 0.000000
 -0.422500 0.000000 0.000000
 -0.420000 0.000000 0.000000
 -0.417500 0.000000 0.000000
 -0.415000 0.000000 0.000000
 -0.412500 0.000000 0.000000
 -0.410000 0.000000 0.000000
 -0.407500 0.000000 0.000000
 -0.405000 0.000000 0.000000
 -0.402500 0.000000 0.000000
 -0.400000 0.000000 0.000000
 -0.397500 0.000000 0.000000
 -0.395000 0.000000 0.000000
 -0.392500 0.000000 0.000000
 -0.390000 0.000000 0.000000
 -0.387500 0.000000 0.000000
 -0.385000 0.000000 0.000000
 -0.382500 0.000000 0.000000
 -0.380000 0.000000 0.000000
 -0.377500 0.000000 0.000000
 -0.375000 0.000000 0.000000
 -0.372500 0.000000 0.000000
 -0.370000 0.000000 0.000000
 -0.367500 0.000000 0.000000
 -0.365000 0.000000 0.000000
 -0.362500 0.000000 0.000000
 -0.360000 0.000000 0.000000
 -0.357500 0.000000 0.000000
 -0.355000 0.000000 0.000000
 -0.352500 0.000000 0.000000
 -0.350000 0.000000 0.000000
 -0.347500 0.000000 0.000000
 -0.345000 0.000000 0.000000
 -0.342500 0.000000 0.000000
 -0.340000 0.000000 0.000000
 -0.337500 0.000000 0.000000
 -0.335000 0.000000 0.000000
 -0.332500 0.000000 0.000000
 -0.330000 0.000000 0.000000
 -0.327500 0.000000 0.000000
 -0.325000 0.000000 0.000000
 -0.322500 0.000000 0.000000
 -0.320000 0.000000 0.000000
 -0.317500 0.000000 0.000000
 -0.315000 0.000000 0.000000
 -0.312500 0.000000 0.000000
 -0.310000 0.000000 0.000000
 -0.307500 0.000000 0.000000
 -0.305000 0.000000 0.000000
 -0.302500 0.000000 0.000000
 -0.300000 0.000000 0.000000
 -0.297500 0.000000 0.000000
 -0.295000 0.000000 0.000000
 -0.292500 0.000000 0.000000
 -0.290000 0.000000 0.000000
 -0.287500 0.000000 0.000000
 -0.285000 0.000000 0.000000
 -0.282500 0.000000 0.000000
 -0.280000 0.000000 0.000000
 -0.277500 0.000000 0.000000
 -0.275000 0.000000 0.000000
 -0.272500 0.000000 0.000000
 -0.270000 0.000000 0.000000
 -0.267500 0.000000 0.000000
 -0.265000 0.000000 0.000000
 -0.262500 0.000000 0.000000
 -0.260000 0.000000 0.000000
 -0.257500 0.000000 0.000000
 -0.255000 0.000000 0.000000
 -0.252500 0.000000 0.000000
 -0.250000 0.000000 0.000000
 -0.247500 0.000000 0.000000
 -0.245000 0.000000 0.000000
 -0.242500 0.000000 0.000000
 -0.240000 0.000000 0.000000
 -0.237500 0.000000 0.000000
 -0.235000 0.000000 0.000000
 -0.232500 0.000000 0.000000
 -0.230000 0.000000 0.000000
 -0.227500 0.000000 0.000000
 -0.225000 0.000000 0.000000
 -0.222500 0.000000 0.000000
 -0.220000 0.000000 0.000000
 -0.217500 0.000000 0.000000
 -0.215000 0.000000 0.000000
 -0.212500 0.000000 0.000000
 -0.210000 0.000000 0.000000
 -0.207500 0.000000 0.000000
 -0.205000 0.000000 0.000000
 -0.202500 0.000000 0.000000
 -0.200000 0.000000 0.000000
 -0.197500 0.000000 0.000000
 -0.195000 0.000000 0.000000
 -0.192500 0.000000 0.000000
 -0.190000 0.000000 0.000000
 -0.187500 0.000000 0.000000
 -0.185000 0.000000 0.000000
 -0.182500 0.000000 0.000000
 -0.180000 0.000000 0.000000
 -0.177500 0.000000 0.000000
 -0.175000 0.000000 0.000000
 -0.172500 0.000000 0.000000
 -0.170000 0.000000 0.000000
 -0.167500 0.000000 0.000000
 -0.165000 0.000000 0.000000
 -0.162500 0.000000 0.000000
 -0.160000 0.000000 0.000000
 -0.157500 0.000000 0.000000
 -0.155000 0.000000 0.000000
 -0.152500 0.000000 0.000000
 -0.150000 0.000000 0.000000
 -0.147500 0.000000 0.000000
 -0.145000 0.000000 0.000000
 -0.142500 0.000000 0.000000
 -0.140000 0.000000 0.000000
 -0.137500 0.000000 0.000000
 -0.135000 0.000000 0.000000
 -0.132500 0.000000 0.000000
 -0.130000 0.000000 0.000000
 -0.127500 0.000000 0.000000
 -0.125000 0.000000 0.000000
 -0.122500 0.000000 0.000000
 -0.120000 0.000000 0.000000
 -0.117500 0.000000 0.000000
 -0.115000 0.000000 0.000000
 -0.112500 0.000000 0.000000
 -0.110000 0.000000 0.000000
 -0.107500 0.000000 0.000000
 -0.105000 0.000000 0.000000
 -0.102500 0.000000 0.000000
 -0.100000 0.000000 0.000000
 -0.097500 0.000000 0.000000
 -0.095000 0.000000 0.000000
 -0.092500 0.000000 0.000000
 -0.090000 0.000000 0.000000
 -0.087500 0.000000 0.000000
 -0.085000 0.000000 0.000000
 -0.082500 0.000000 0.000000
 -0.080000 0.000000 0.000000
 -0.077500 0.000000 0.000000
 -0.075000 0.000000 0.000000
 -0.072500 0.000000 0.000000
 -0.070000 0.000000 0.000000
 -0.067500 0.000000 0.000000
 -0.065000 0.000000 0.000000
 -0.062500 0.000000 0.000000
 -0.060000 0.000000 0.000000
 -0.057500 0.000000 0.000000
 -0.055000 0.000000 0.000000
 -0.052500 0.000000 0.000000
 -0.050000 0.000000 0.000000
 -0.047500 0.000000 0.000000
 -0.045000 0.000000 0.000000
 -0.042500 0.000000 0.000000
 -0.040000 0.000000 0.000000
 -0.037500 0.000000 0.000000
 -0.035000 0.000000 0.000000
 -0.032500 0.000000 0.000000
 -0.030000 0.000000 0.000000
 -0.027500 0.000000 0.000000
 -0.025000 0.000000 0.000000
 -0.022500 0.000000 0.000000
 -0.020000 0.000000 0.000000
 -0.017500 0.000000 0.000000
 -0.015000 0.000000 0.000000
 -0.012500 0.000000 0.000000
 -0.010000 0.000000 0.000000
 -0.007500 0.000000 0.000000
 -0.005000 0.000000 0.000000
 -0.002500 0.000000 0.000000
 0.000000 0.000000 0.000000
 0.002500 0.000000 0.000000
 0.005000 0.000000 0.000000
 0.007500 0.000000 0.000000
 0.010000 0.000000 0.000000
 0.012500 0.000000 0.000000
 0.015000 0.000000 0.000000
 0.017500 0.000000 0.000000
 0.020000 0.000000 0.000000
 0.022500 0.000000 0.000000
 0.025000 0.000000 0.000000
 0.027500 0.000000 0.000000
 0.030000 0.000000 0.000000
 0.032500 0.000000 0.000000
 0.035000 0.000000 0.000000
 0.037500 0.000000 0.000000
 0.040000 0.000000 0.000000
 0.042500 0.000000 0.000000
 0.045000 0.000000 0.000000
 0.047500 0.000000 0.000000
 0.050000 0.000000 0.000000
 0.052500 0.000000 0.000000
 0.055000 0.000000 0.000000
 0.057500 0.000000 0.000000
 0.060000 0.000000 0.000000
 0.062500 0.000000 0.000000
 0.065000 0.000000 0.000000
 0.067500 0.000000 0.000000
 0.070000 0.000000 0.000000
 0.072500 0.000000 0.000000
 0.075000 0.000000 0.000000
 0.077500 0.000000 0.000000
 0.080000 0.000000 0.000000
 0.082500 0.000000 0.000000
 0.085000 0.000000 0.000000
 0.087500 0.000000 0.000000
 0.090000 0.000000 0.000000
 0.092500 0.000000 0.000000
 0.095000 0.000000 0.000000
 0.097500 0.000000 0.000000
 0.100000 0.000000 0.000000
 0.102500 0.000000 0.000000
 0.105000 0.000000 0.000000
 0.107500 0.000000 0.000000
 0.110000 0.000000 0.000000
 0.112500 0.000000 0.000000
 0.115000 0.000000 0.000000
 0.117500 0.000000 0.000000
 0.120000 0.000000 0.000000
 0.122500 0.000000 0.000000
 0.125000 0.000000 0.000000
 0.127500 0.000000 0.000000
 0.130000 0.000000 0.000000
 0.132500 0.000000 0.000000
 0.135000 0.000000 0.000000
 0.137500 0.000000 0.000000
 0.140000 0.000000 0.000000
 0.142500 0.000000 0.000000
 0.145000 0.000000 0.000000
 0.147500 0.000000 0.000000
 0.150000 0.000000 0.000000
 0.152500 0.000000 0.000000
 0.155000 0.000000 0.000000
 0.157500 0.000000 0.000000
 0.160000 0.000000 0.000000
 0.162500 0.000000 0.000000
 0.165000 0.000000 0.000000
 0.167500 0.000000 0.000000
 0.170000 0.000000 0.000000
 0.172500 0.000000 0.000000
 0.175000 0.000000 0.000000
 0.177500 0.000000 0.000000
 0.180000 0.000000 0.000000
 0.182500 0.000000 0.000000
 0.185000 0.000000 0.000000
 0.187500 0.000000 0.000000
 0.190000 0.000000 0.000000
 0.192500 0.000000 0.000000
 0.195000 0.000000 0.000000
 0.197500 0.000000 0.000000
 0.200000 0.000000 0.000146
 0.202500 0.000001 0.000352
 0.205000 0.000002 0.000796
 0.207500 0.000005 0.001682
 0.210000 0.000011 0.003318
 0.212500 0.000023 0.006104
 0.215000 0.000043 0.010456
 0.217500 0.000077 0.016647
 0.220000 0.000128 0.024568
 0.222500 0.000200 0.033483
 0.225000 0.000295 0.041910
 0.227500 0.000408 0.047755
 0.230000 0.000530 0.048788
 0.232500 0.000646 0.043375
 0.235000 0.000741 0.031199
 0.237500 0.000798 0.013652
 0.240000 0.000808 -0.006148
 0.242500 0.000768 -0.024712
 0.245000 0.000688 -0.038514
 0.247500 0.000582 -0.045299
 0.250000 0.000468 -0.044417
 0.252500 0.000365 -0.036669
 0.255000 0.000289 -0.023779
 0.257500 0.000249 -0.007827
 0.260000 0.000251 0.009083
 0.262500 0.000293 0.024878
 0.265000 0.000373 0.037631
 0.267500 0.000478 0.045162
 0.270000 0.000593 0.046001
 0.272500 0.000701 0.039668
 0.275000 0.000786 0.027264
 0.277500 0.000835 0.011772
 0.280000 0.000844 -0.003441
 0.282500 0.000821 -0.014071
 0.285000 0.000780 -0.017538
 0.287500 0.000740 -0.013476
 0.290000 0.000717 -0.003960
 0.292500 0.000721 0.007127
 0.295000 0.000751 0.015503
 0.297500 0.000794 0.017636
 0.300000 0.000833 0.012446
 0.302500 0.000851 0.001119
 0.305000 0.000836 -0.012804
 0.307500 0.000789 -0.024790
 0.310000 0.000718 -0.030617
 0.312500 0.000643 -0.027533
 0.315000 0.000588 -0.014924
 0.317500 0.000575 0.005717
 0.320000 0.000619 0.030483
 0.322500 0.000727 0.054792
 0.325000 0.000889 0.073309
 0.327500 0.001084 0.081302
 0.330000 0.001284 0.075935
 0.332500 0.001453 0.056829
 0.335000 0.001560 0.027134
 0.337500 0.001584 -0.007634
 0.340000 0.001523 -0.040310
 0.342500 0.001390 -0.063987
 0.345000 0.001215 -0.074058
 0.347500 0.001033 -0.068673
 0.350000 0.000884 -0.048799
 0.352500 0.000799 -0.017881
 0.355000 0.000799 0.019048
 0.357500 0.000895 0.056938
 0.360000 0.001081 0.091212
 0.362500 0.001345 0.118506
 0.365000 0.001666 0.137017
 0.367500 0.002023 0.146605
 0.370000 0.002392 0.147794
 0.372500 0.002755 0.141879
 0.375000 0.003095 0.128245
 0.377500 0.003390 0.107290
 0.380000 0.003623 0.077604
 0.382500 0.003773 0.040685
 0.385000 0.003825 0.000152
 0.387500 0.003776 -0.037684
 0.390000 0.003645 -0.064556
 0.392500 0.003469 -0.072740
 0.395000 0.003302 -0.057372
 0.397500 0.003202 -0.019217
 0.400000 0.003221 0.036591
 0.402500 0.003392 0.101074
 0.405000 0.003726 0.163913
 0.407500 0.004202 0.214856
 0.410000 0.004782 0.245213
 0.412500 0.005406 0.249967
 0.415000 0.006007 0.226494
 0.417500 0.006516 0.176661
 0.420000 0.006874 0.106450
 0.422500 0.007039 0.025717
 0.425000 0.007001 -0.055067
 0.427500 0.006774 -0.123042
 0.430000 0.006403 -0.169154
 0.432500 0.005950 -0.188613
 0.435000 0.005484 -0.180600
 0.437500 0.005068 -0.148900
 0.440000 0.004756 -0.099370
 0.442500 0.004580 -0.039680
 0.445000 0.004560 0.023585
 0.447500 0.004695 0.083262
 0.450000 0.004970 0.133920
 0.452500 0.005355 0.170917
 0.455000 0.005811 0.192731
 0.457500 0.006305 0.200154
 0.460000 0.006806 0.200006
 0.462500 0.007303 0.199754
 0.465000 0.007807 0.205882
 0.467500 0.008342 0.223752
 0.470000 0.008939 0.254529
 0.472500 0.009623 0.293329
 0.475000 0.010405 0.330573
 0.477500 0.011268 0.356846
 0.480000 0.012173 0.363454
 0.482500 0.013065 0.346884
 0.485000 0.013892 0.310145
 0.487500 0.014611 0.263916
 0.490000 0.015218 0.223228
 0.492500 0.015748 0.204659
 0.495000 0.016268 0.215798
 0.497500 0.016857 0.259393
 0.500000 0.017584 0.325599
 0.502500 0.018495 0.402781
 0.505000 0.019602 0.481547
 0.507500 0.020902 0.557378
 0.510000 0.022388 0.630595
 0.512500 0.024060 0.706577
 0.515000 0.025927 0.786058
 0.517500 0.027992 0.864657
 0.520000 0.030242 0.930588
 0.522500 0.032631 0.973569
 0.525000 0.035084 0.983584
 0.527500 0.037522 0.960619
 0.530000 0.039872 0.914873
 0.532500 0.042094 0.862565
 0.535000 0.044202 0.825908
 0.537500 0.046258 0.824734
 0.540000 0.048365 0.867944
 0.542500 0.050641 0.957038
 0.545000 0.053185 1.081285
 0.547500 0.056067 1.225545
 0.550000 0.059315 1.368487
 0.552500 0.062899 1.492534
 0.555000 0.066754 1.583519
 0.557500 0.070787 1.632903
 0.560000 0.074891 1.638861
 0.562500 0.078956 1.607336
 0.565000 0.082907 1.549589
 0.567500 0.086704 1.486683
 0.570000 0.090363 1.448686
 0.572500 0.093986 1.456821
 0.575000 0.097708 1.532290
 0.577500 0.101704 1.671702
 0.580000 0.106117 1.859852
 0.582500 0.111022 2.061994
 0.585000 0.116406 2.233998
 0.587500 0.122153 2.343259
 0.590000 0.128067 2.372474
 0.592500 0.133964 2.336850
 0.595000 0.139747 2.286268
 0.597500 0.145450 2.284120
 0.600000 0.151273 2.399640
 0.602500 0.157583 2.672699
 0.605000 0.164783 3.107015
 0.607500 0.173219 3.654256
 0.610000 0.183085 4.230830
 0.612500 0.194321 4.739682
 0.615000 0.206663 5.100736
 0.617500 0.219669 5.264861
 0.620000 0.232818 5.217012
 0.622500 0.245613 4.981771
 0.625000 0.257623 4.604809
 0.627500 0.268579 4.148203
 0.630000 0.278361 3.678406
 0.632500 0.287029 3.268084
 0.635000 0.294817 2.985160
 0.637500 0.302117 2.886321
 0.640000 0.309444 3.012344
 0.642500 0.317385 3.371996
 0.645000 0.326501 3.945604
 0.647500 0.337273 4.685104
 0.650000 0.350013 5.509106
 0.652500 0.364823 6.326640
 0.655000 0.381570 7.046481
 0.657500 0.399918 7.600108
 0.660000 0.419418 7.960653
 0.662500 0.439578 8.135978
 0.665000 0.459983 8.176007
 0.667500 0.480393 8.135759
 0.670000 0.500660 8.070772
 0.672500 0.520773 8.026571
 0.675000 0.540804 7.999330
 0.677500 0.560802 7.991779
 0.680000 0.580817 8.011486
 0.682500 0.600926 8.079587
 0.685000 0.621309 8.236458
 0.687500 0.642273 8.557501
 0.690000 0.664316 9.100628
 0.692500 0.688044 9.916995
 0.695000 0.714167 11.009746
 0.697500 0.743315 12.335391
 0.700000 0.776013 13.832573
 0.702500 0.812559 15.395281
 0.705000 0.852983 16.921811
 0.707500 0.897075 18.311407
 0.710000 0.944382 19.484675
 0.712500 0.994271 20.374831
 0.715000 1.046014 20.957624
 0.717500 1.098824 21.234022
 0.720000 1.151969 21.224548
 0.722500 1.204774 20.966340
 0.725000 1.256670 20.512949
 0.727500 1.307233 19.901481
 0.730000 1.356139 19.197553
 0.732500 1.403245 18.475143
 0.735000 1.448632 17.844099
 0.737500 1.492710 17.459689
 0.740000 1.536298 17.476987
 0.742500 1.580581 18.033433
 0.745000 1.627010 19.196222
 0.747500 1.677066 20.906092
 0.750000 1.731916 23.000338
 0.752500 1.792190 25.209672
 0.755000 1.857874 27.283506
 0.757500 1.928326 29.011792
 0.760000 2.002547 30.290963
 0.762500 2.079454 31.161934
 0.765000 2.158146 31.754585
 0.767500 2.238136 32.229135
 0.770000 2.319307 32.734070
 0.772500 2.401897 33.369210
 0.775000 2.486272 34.135961
 0.777500 2.572656 34.977026
 0.780000 2.661089 35.744045
 0.782500 2.751211 36.325721
 0.785000 2.842487 36.642603
 0.787500 2.934211 36.699250
 0.790000 3.025862 36.578749
 0.792500 3.117107 36.427118
 0.795000 3.208086 36.385431
 0.797500 3.299201 36.558665
 0.800000 3.391071 36.980489
 0.802500 3.484297 37.639325
 0.805000 3.579361 38.459798
 0.807500 3.676631 39.391991
 0.810000 3.776302 40.372799
 0.812500 3.878452 41.367671
 0.815000 3.983072 42.349329
 0.817500 4.090029 43.238236
 0.820000 4.199027 43.950303
 0.822500 4.309456 44.363688
 0.825000 4.420402 44.357100
 0.827500 4.530652 43.844244
 0.830000 4.638999 42.803332
 0.832500 4.744198 41.363986
 0.835000 4.845469 39.689786
 0.837500 4.942494 38.000891
 0.840000 5.035462 36.495446
 0.842500 5.124968 35.271653
 0.845000 5.211822 34.359162
 0.847500 5.296756 33.691996
 0.850000 5.380251 33.205452
 0.852500 5.462582 32.783794
 0.855000 5.543815 32.319949
 0.857500 5.623757 31.720619
 0.860000 5.701920 30.882449
 0.862500 5.777562 29.716086
 0.865000 5.849735 28.092389
 0.867500 5.917168 25.962097
 0.870000 5.978626 23.290882
 0.872500 6.032776 20.138989
 0.875000 6.078498 16.579557
 0.877500 6.114849 12.674394
 0.880000 6.141032 8.469518
 0.882500 6.156396 3.984630
 0.885000 6.160196 -0.736327
 0.887500 6.151904 -5.671711
 0.890000 6.131035 -10.778719
 0.892500 6.097183 -16.013127
 0.895000 6.050120 -21.372157
 0.897500 5.989521 -26.808351
 0.900000 5.915232 -32.323698
 0.902500 5.827050 -37.891649
 0.905000 5.724943 -43.460325
 0.907500 5.608979 -48.935499
 0.910000 5.479501 -54.228531
 0.912500 5.337039 -59.314662
 0.915000 5.182144 -64.163389
 0.917500 5.015405 -68.795207
 0.920000 4.837357 -73.222080
 0.922500 4.648503 -77.404252
 0.925000 4.449528 -81.294392
 0.927500 4.241274 -84.799506
 0.930000 4.024848 -87.843232
 0.932500 3.801472 -90.349813
 0.935000 3.572497 -92.308354
 0.937500 3.339298 -93.747864
 0.940000 3.103126 -94.677829
 0.942500 2.865272 -95.093925
 0.945000 2.627105 -94.949481
 0.947500 2.390103 -94.136928
 0.950000 2.156060 -92.568974
 0.952500 1.926966 -90.182954
 0.955000 1.704917 -86.957220
 0.957500 1.491986 -82.914014
 0.960000 1.290118 -78.110830
 0.962500 1.101143 -72.659392
 0.965000 0.926526 -66.632354
 0.967500 0.767570 -60.150124
 0.970000 0.625288 -53.358338
 0.972500 0.500255 -46.412974
 0.975000 0.392596 -39.506604
 0.977500 0.301909 -32.854846
 0.980000 0.227321 -26.687563
 0.982500 0.167412 -21.162086
 0.985000 0.120451 -16.380261
 0.987500 0.084485 -12.351453
 0.990000 0.057669 -9.071182
 0.992500 0.038212 -6.474716
 0.995000 0.024509 -4.478504
 0.997500 0.015168 -2.990412
 1.000000 0.009014 -1.914288
 1.002500 0.005132 -1.172185
 1.005000 0.002791 -0.684206
 1.007500 0.001445 -0.379163
 1.010000 0.000709 -0.198530
 1.012500 0.000333 -0.099646
 1.015000 0.000143 -0.045251
 1.017500 0.000057 -0.018941
 1.020000 0.000016 -0.005405
 1.022500 0.000003 -0.001047
 1.025000 0.000001 -0.000474
 1.027500 0.000000 0.000000
 1.030000 0.000000 0.000000
 1.032500 0.000000 0.000000
 1.035000 0.000000 0.000000
 1.037500 0.000000 0.000000
 1.040000 0.000000 0.000000
 1.042500 0.000000 0.000000
 1.045000 0.000000 0.000000
 1.047500 0.000000 0.000000
 1.050000 0.000000 0.000000
 1.052500 0.000000 0.000000
 1.055000 0.000000 0.000000
 1.057500 0.000000 0.000000
 1.060000 0.000000 0.000000
 1.062500 0.000000 0.000000
 1.065000 0.000000 0.000000
 1.067500 0.000000 0.000000
 1.070000 0.000000 0.000000
 1.072500 0.000000 0.000000
 1.075000 0.000000 0.000000
 1.077500 0.000000 0.000000
 1.080000 0.000000 0.000000
 1.082500 0.000000 0.000000
 1.085000 0.000000 0.000000
 1.087500 0.000000 0.000000
 1.090000 0.000000 0.000000
 1.092500 0.000000 0.000000
 1.095000 0.000000 0.000000
 1.097500 0.000000 0.000000
 1.100000 0.000000 0.000000
 1.102500 0.000000 0.000000
 1.105000 0.000000 0.000000
 1.107500 0.000000 0.000000
 1.110000 0.000000 0.000000
 1.112500 0.000000 0.000000
 1.115000 0.000000 0.000000
 1.117500 0.000000 0.000000
 1.120000 0.000000 0.000000
 1.122500 0.000000 0.000000
 1.125000 0.000000 0.000000
 1.127500 0.000000 0.000000
 1.130000 0.000000 0.000000
 1.132500 0.000000 0.000000
 1.135000 0.000000 0.000000
 1.137500 0.000000 0.000000
 1.140000 0.000000 0.000000
 1.142500 0.000000 0.000000
 1.145000 0.000000 0.000000
 1.147500 0.000000 0.000000
 1.150000 0.000000 0.000000
 1.152500 0.000000 0.000000
 1.155000 0.000000 0.000000
 1.157500 0.000000 0.000000
 1.160000 0.000000 0.000000
 1.162500 0.000000 0.000000
 1.165000 0.000000 0.000000
 1.167500 0.000000 0.000000
 1.170000 0.000000 0.000000
 1.172500 0.000000 0.000000
 1.175000 0.000000 0.000000
 1.177500 0.000000 0.000000
 1.180000 0.000000 0.000000
 1.182500 0.000000 0.000000
 1.185000 0.000000 0.000000
 1.187500 0.000000 0.000000
 1.190000 0.000000 0.000000
 1.192500 0.000000 0.000000
 1.195000 0.000000 0.000000
 1.197500 0.000000 0.000000
 1.200000 0.000000 0.000000
 1.202500 0.000000 0.000000
 1.205000 0.000000 0.000000
 1.207500 0.000000 0.000000
 1.210000 0.000000 0.000000
 1.212500 0.000000 0.000000
 1.215000 0.000000 0.000000
 1.217500 0.000000 0.000000
 1.220000 0.000000 0.000000
 1.222500 0.000000 0.000000
 1.225000 0.000000 0.000000
 1.227500 0.000000 0.000000
 1.230000 0.000000 0.000000
 1.232500 0.000000 0.000000
 1.235000 0.000000 0.000000
 1.237500 0.000000 0.000000
 1.240000 0.000000 0.000000
 1.242500 0.000000 0.000000
 1.245000 0.000000 0.000000
 1.247500 0.000000 0.000000
 1.250000 0.000000 0.000000
 1.252500 0.000000 0.000000
 1.255000 0.000000 0.000000
 1.257500 0.000000 0.000000
 1.260000 0.000000 0.000000
 1.262500 0.000000 0.000000
 1.265000 0.000000 0.000000
 1.267500 0.000000 0.000000
 1.270000 0.000000 0.000000
 1.272500 0.000000 0.000000
 1.275000 0.000000 0.000000
 1.277500 0.000000 0.000000
 1.280000 0.000000 0.000000
 1.282500 0.000000 0.000000
 1.285000 0.000000 0.000000
 1.287500 0.000000 0.000000
 1.290000 0.000000 0.000000
 1.292500 0.000000 0.000000
 1.295000 0.000000 0.000000
 1.297500 0.000000 0.000000
 1.300000 0.000000 0.000000
 1.302500 0.000000 0.000000
 1.305000 0.000000 0.000000
 1.307500 0.000000 0.000000
 1.310000 0.000000 0.000000
 1.312500 0.000000 0.000000
 1.315000 0.000000 0.000000
 1.317500 0.000000 0.000000
 1.320000 0.000000 0.000000
 1.322500 0.000000 0.000000
 1.325000 0.000000 0.000000
 1.327500 0.000000 0.000000
 1.330000 0.000000 0.000000
 1.332500 0.000000 0.000000
 1.335000 0.000000 0.000000
 1.337500 0.000000 0.000000
 1.340000 0.000000 0.000000
 1.342500 0.000000 0.000000
 1.345000 0.000000 0.000000
 1.347500 0.000000 0.000000
 1.350000 0.000000 0.000000
 1.352500 0.000000 0.000000
 1.355000 0.000000 0.000000
 1.357500 0.000000 0.000000
 1.360000 0.000000 0.000000
 1.362500 0.000000 0.000000
 1.365000 0.000000 0.000000
 1.367500 0.000000 0.000000
 1.370000 0.000000 0.000000
 1.372500 0.000000 0.000000
 1.375000 0.000000 0.000000
 1.377500 0.000000 0.000000
 1.380000 0.000000 0.000000
 1.382500 0.000000 0.000000
 1.385000 0.000000 0.000000
 1.387500 0.000000 0.000000
 1.390000 0.000000 0.000000
 1.392500 0.000000 0.000000
 1.395000 0.000000 0.000000
 1.397500 0.000000 0.000000
 1.400000 0.000000 0.000000
 1.402500 0.000000 0.000000
 1.405000 0.000000 0.000000
 1.407500 0.000000 0.000000
 1.410000 0.000000 0.000000
 1.412500 0.000000 0.000000
 1.415000 0.000000 0.000000
 1.417500 0.000000 0.000000
 1.420000 0.000000 0.000000
 1.422500 0.000000 0.000000
 1.425000 0.000000 0.000000
 1.427500 0.000000 0.000000
 1.430000 0.000000 0.000000
 1.432500 0.000000 0.000000
 1.435000 0.000000 0.000000
 1.437500 0.000000 0.000000
 1.440000 0.000000 0.000000
 1.442500 0.000000 0.000000
 1.445000 0.000000 0.000000
 1.447500 0.000000 0.000000
 1.450000 0.000000 0.000000
 1.452500 0.000000 0.000000
 1.455000 0.000000 0.000000
 1.457500 0.000000 0.000000
 1.460000 0.000000 0.000000
 1.462500 0.000000 0.000000
 1.465000 0.000000 0.000000
 1.467500 0.000000 0.000000
 1.470000 0.000000 0.000000
 1.472500 0.000000 0.000000
 1.475000 0.000000 0.000000
 1.477500 0.000000 0.000000
 1.480000 0.000000 0.000000
 1.482500 0.000000 0.000000
 1.485000 0.000000 0.000000
 1.487500 0.000000 0.000000
 1.490000 0.000000 0.000000
 1.492500 0.000000 0.000000
 1.495000 0.000000 0.000000
 1.497500 0.000000 0.000000
 1.500000 0.000000 0.000000
 1.502500 0.000000 0.000000
 1.505000 0.000000 0.000000
 1.507500 0.000000 0.000000
 1.510000 0.000000 0.000000
 1.512500 0.000000 0.000000
 1.515000 0.000000 0.000000
 1.517500 0.000000 0.000000
 1.520000 0.000000 0.000000
 1.522500 0.000000 0.000000
 1.525000 0.000000 0.000000
 1.527500 0.000000 0.000000
 1.530000 0.000000 0.000000
 1.532500 0.000000 0.000000
 1.535000 0.000000 0.000000
 1.537500 0.000000 0.000000
 1.540000 0.000000 0.000000
 1.542500 0.000000 0.000000
 1.545000 0.000000 0.000000
 1.547500 0.000000 0.000000
 1.550000 0.000000 0.000000
 1.552500 0.000000 0.000000
 1.555000 0.000000 0.000000
 1.557500 0.000000 0.000000
 1.560000 0.000000 0.000000
 1.562500 0.000000 0.000000
 1.565000 0.000000 0.000000
 1.567500 0.000000 0.000000
 1.570000 0.000000 0.000000
 1.572500 0.000000 0.000000
 1.575000 0.000000 0.000000
 1.577500 0.000000 0.000000
 1.580000 0.000000 0.000000
 1.582500 0.000000 0.000000
 1.585000 0.000000 0.000000
 1.587500 0.000000 0.000000
 1.590000 0.000000 0.000000
 1.592500 0.000000 0.000000
 1.595000 0.000000 0.000000
 1.597500 0.000000 0.000000
 1.600000 0.000000 0.000000
 1.602500 0.000000 0.000000
 1.605000 0.000000 0.000000
 1.607500 0.000000 0.000000
 1.610000 0.000000 0.000000
 1.612500 0.000000 0.000000
 1.615000 0.000000 0.000000
 1.617500 0.000000 0.000000
 1.620000 0.000000 0.000000
 1.622500 0.000000 0.000000
 1.625000 0.000000 0.000000
 1.627500 0.000000 0.000000
 1.630000 0.000000 0.000000
 1.632500 0.000000 0.000000
 1.635000 0.000000 0.000000
 1.637500 0.000000 0.000000
 1.640000 0.000000 0.000000
 1.642500 0.000000 0.000000
 1.645000 0.000000 0.000000
 1.647500 0.000000 0.000000
 1.650000 0.000000 0.000000
 1.652500 0.000000 0.000000
 1.655000 0.000000 0.000000
 1.657500 0.000000 0.000000
 1.660000 0.000000 0.000000
 1.662500 0.000000 0.000000
 1.665000 0.000000 0.000000
 1.667500 0.000000 0.000000
 1.670000 0.000000 0.000000
 1.672500 0.000000 0.000000
 1.675000 0.000000 0.000000
 1.677500 0.000000 0.000000
 1.680000 0.000000 0.000000
 1.682500 0.000000 0.000000
 1.685000 0.000000 0.000000
 1.687500 0.000000 0.000000
 1.690000 0.000000 0.000000
 1.692500 0.000000 0.000000
 1.695000 0.000000 0.000000
 1.697500 0.000000 0.000000
 1.700000 0.000000 0.000000
 1.702500 0.000000 0.000000
 1.705000 0.000000 0.000000
 1.707500 0.000000 0.000000
 1.710000 0.000000 0.000000
 1.712500 0.000000 0.000000
 1.715000 0.000000 0.000000
 1.717500 0.000000 0.000000
 1.720000 0.000000 0.000000
 1.722500 0.000000 0.000000
 1.725000 0.000000 0.000000
 1.727500 0.000000 0.000000
 1.730000 0.000000 0.000000
 1.732500 0.000000 0.000000
 1.735000 0.000000 0.000000
 1.737500 0.000000 0.000000
 1.740000 0.000000 0.000000
 1.742500 0.000000 0.000000
 1.745000 0.000000 0.000000
 1.747500 0.000000 0.000000
 1.750000 0.000000 0.000000
 1.752500 0.000000 0.000000
 1.755000 0.000000 0.000000
 1.757500 0.000000 0.000000
 1.760000 0.000000 0.000000
 1.762500 0.000000 0.000000
 1.765000 0.000000 0.000000
 1.767500 0.000000 0.000000
 1.770000 0.000000 0.000000
 1.772500 0.000000 0.000000
 1.775000 0.000000 0.000000
 1.777500 0.000000 0.000000
 1.780000 0.000000 0.000000
 1.782500 0.000000 0.000000
 1.785000 0.000000 0.000000
 1.787500 0.000000 0.000000
 1.790000 0.000000 0.000000
 1.792500 0.000000 0.000000
 1.795000 0.000000 0.000000
 1.797500 0.000000 0.000000
 1.800000 0.000000 0.000000
 1.802500 0.000000 0.000000
 1.805000 0.000000 0.000000
 1.807500 0.000000 0.000000
 1.810000 0.000000 0.000000
 1.812500 0.000000 0.000000
 1.815000 0.000000 0.000000
 1.817500 0.000000 0.000000
 1.820000 0.000000 0.000000
 1.822500 0.000000 0.000000
 1.825000 0.000000 0.000000
 1.827500 0.000000 0.000000
 1.830000 0.000000 0.000000
 1.832500 0.000000 0.000000
 1.835000 0.000000 0.000000
 1.837500 0.000000 0.000000
 1.840000 0.000000 0.000000
 1.842500 0.000000 0.000000
 1.845000 0.000000 0.000000
 1.847500 0.000000 0.000000
 1.850000 0.000000 0.000000
 1.852500 0.000000 0.000000
 1.855000 0.000000 0.000000
 1.857500 0.000000 0.000000
 1.860000 0.000000 0.000000
 1.862500 0.000000 0.000000
 1.865000 0.000000 0.000000
 1.867500 0.000000 0.000000
 1.870000 0.000000 0.000000
 1.872500 0.000000 0.000000
 1.875000 0.000000 0.000000
 1.877500 0.000000 0.000000
 1.880000 0.000000 0.000000
 1.882500 0.000000 0.000000
 1.885000 0.000000 0.000000
 1.887500 0.000000 0.000000
 1.890000 0.000000 0.000000
 1.892500 0.000000 0.000000
 1.895000 0.000000 0.000000
 1.897500 0.000000 0.000000
 1.900000 0.000000 0.000000
 1.902500 0.000000 0.000000
 1.905000 0.000000 0.000000
 1.907500 0.000000 0.000000
 1.910000 0.000000 0.000000
 1.912500 0.000000 0.000000
 1.915000 0.000000 0.000000
 1.917500 0.000000 0.000000
 1.920000 0.000000 0.000000
 1.922500 0.000000 0.000000
 1.925000 0.000000 0.000000
 1.927500 0.000000 0.000000
 1.930000 0.000000 0.000000
 1.932500 0.000000 0.000000
 1.935000 0.000000 0.000000
 1.937500 0.000000 0.000000
 1.940000 0.000000 0.000000
 1.942500 0.000000 0.000000
 1.945000 0.000000 0.000000
 1.947500 0.000000 0.000000
 1.950000 0.000000 0.000000
 1.952500 0.000000 0.000000
 1.955000 0.000000 0.000000
 1.957500 0.000000 0.000000
 1.960000 0.000000 0.000000
 1.962500 0.000000 0.000000
 1.965000 0.000000 0.000000
 1.967500 0.000000 0.000000
 1.970000 0.000000 0.000000
 1.972500 0.000000 0.000000
 1.975000 0.000000 0.000000
 1.977500 0.000000 0.000000
 1.980000 0.000000 0.000000
 1.982500 0.000000 0.000000
 1.985000 0.000000 0.000000
 1.987500 0.000000 0.000000
 1.990000 0.000000 0.000000
 1.992500 0.000000 0.000000
 1.995000 0.000000 0.000000
 1.997500 0.000000 0.000000
 2.000000 0.000000 0.000000
