#! FIELDS refcv hh dhh_refcv
#! SET normalisation  77.000000
#! SET min_refcv -0.5
#! SET max_refcv 2
#! SET nbins_refcv  1000
#! SET periodic_refcv false
 -0.500000 0.000000 0.000000
 -0.497500 0.000000 0.000000
 -0.495000 0.000000 0.000000
 -0.492500 0.000000 0.000000
 -0.490000 0.000000 0.000000
 -0.487500 0.000000 0.000000
 -0.485000 0.000000 0.000000
 -0.482500 0.000000 0.000000
 -0.480000 0.000000 0.000000
 -0.477500 0.000000 0.000000
 -0.475000 0.000000 0.000000
 -0.472500 0.000000 0.000000
 -0.470000 0.000000 0.000000
 -0.467500 0.000000 0.000000
 -0.465000 0.000000 0.000000
 -0.462500 0.000000 0.000000
 -0.460000 0.000000 0.000000
 -0.457500 0.000000 0.000000
 -0.455000 0.000000 0.000000
 -0.452500 0.000000 0.000000
 -0.450000 0.000000 0.000000
 -0.447500 0.000000 0.000000
 -0.445000 0.000000 0.000000
 -0.442500 0.000000 0.000000
 -0.440000 0.000000 0.000000
 -0.437500 0.000000 0.000000
 -0.435000 0.000000 0.000000
 -0.432500 0.000000 0.000000
 -0.430000 0.000000 0.000000
 -0.427500 0.000000 0.000000
 -0.425000 0.000000 0.000000
 -0.422500 0.000000 0.000000
 -0.420000 0.000000 0.000000
 -0.417500 0.000000 0.000000
 -0.415000 0.000000 0.000000
 -0.412500 0.000000 0.000000
 -0.410000 0.000000 0.000000
 -0.407500 0.000000 0.000000
 -0.405000 0.000000 0.000000
 -0.402500 0.000000 0.000000
 -0.400000 0.000000 0.000000
 -0.397500 0.000000 0.000000
 -0.395000 0.000000 0.000000
 -0.392500 0.000000 0.000000
 -0.390000 0.000000 0.000000
 -0.387500 0.000000 0.000000
 -0.385000 0.000000 0.000000
 -0.382500 0.000000 0.000000
 -0.380000 0.000000 0.000000
 -0.377500 0.000000 0.000000
 -0.375000 0.000000 0.000000
 -0.372500 0.000000 0.000000
 -0.370000 0.000000 0.000000
 -0.367500 0.000000 0.000000
 -0.365000 0.000000 0.000000
 -0.362500 0.000000 0.000000
 -0.360000 0.000000 0.000000
 -0.357500 0.000000 0.000000
 -0.355000 0.000000 0.000000
 -0.352500 0.000000 0.000000
 -0.350000 0.000000 0.000000
 -0.347500 0.000000 0.000000
 -0.345000 0.000000 0.000000
 -0.342500 0.000000 0.000000
 -0.340000 0.000000 0.000000
 -0.337500 0.000000 0.000000
 -0.335000 0.000000 0.000000
 -0.332500 0.000000 0.000000
 -0.330000 0.000000 0.000000
 -0.327500 0.000000 0.000000
 -0.325000 0.000000 0.000000
 -0.322500 0.000000 0.000000
 -0.320000 0.000000 0.000000
 -0.317500 0.000000 0.000000
 -0.315000 0.000000 0.000000
 -0.312500 0.000000 0.000000
 -0.310000 0.000000 0.000000
 -0.307500 0.000000 0.000000
 -0.305000 0.000000 0.000000
 -0.302500 0.000000 0.000000
 -0.300000 0.000000 0.000000
 -0.297500 0.000000 0.000000
 -0.295000 0.000000 0.000000
 -0.292500 0.000000 0.000000
 -0.290000 0.000000 0.000000
 -0.287500 0.000000 0.000000
 -0.285000 0.000000 0.000000
 -0.282500 0.000000 0.000000
 -0.280000 0.000000 0.000000
 -0.277500 0.000000 0.000000
 -0.275000 0.000000 0.000000
 -0.272500 0.000000 0.000000
 -0.270000 0.000000 0.000000
 -0.267500 0.000000 0.000000
 -0.265000 0.000000 0.000000
 -0.262500 0.000000 0.000000
 -0.260000 0.000000 0.000000
 -0.257500 0.000000 0.000000
 -0.255000 0.000000 0.000000
 -0.252500 0.000000 0.000000
 -0.250000 0.000000 0.000000
 -0.247500 0.000000 0.000000
 -0.245000 0.000000 0.000000
 -0.242500 0.000000 0.000000
 -0.240000 0.000000 0.000000
 -0.237500 0.000000 0.000000
 -0.235000 0.000000 0.000000
 -0.232500 0.000000 0.000000
 -0.230000 0.000000 0.000000
 -0.227500 0.000000 0.000000
 -0.225000 0.000000 0.000000
 -0.222500 0.000000 0.000000
 -0.220000 0.000000 0.000000
 -0.217500 0.000000 0.000000
 -0.215000 0.000000 0.000000
 -0.212500 0.000000 0.000000
 -0.210000 0.000000 0.000000
 -0.207500 0.000000 0.000000
 -0.205000 0.000000 0.000000
 -0.202500 0.000000 0.000000
 -0.200000 0.000000 0.000000
 -0.197500 0.000000 0.000000
 -0.195000 0.000000 0.000000
 -0.192500 0.000000 0.000000
 -0.190000 0.000000 0.000000
 -0.187500 0.000000 0.000000
 -0.185000 0.000000 0.000000
 -0.182500 0.000000 0.000000
 -0.180000 0.000000 0.000000
 -0.177500 0.000000 0.000000
 -0.175000 0.000000 0.000000
 -0.172500 0.000000 0.000000
 -0.170000 0.000000 0.000000
 -0.167500 0.000000 0.000000
 -0.165000 0.000000 0.000000
 -0.162500 0.000000 0.000000
 -0.160000 0.000000 0.000000
 -0.157500 0.000000 0.000000
 -0.155000 0.000000 0.000000
 -0.152500 0.000000 0.000000
 -0.150000 0.000000 0.000000
 -0.147500 0.000000 0.000000
 -0.145000 0.000000 0.000000
 -0.142500 0.000000 0.000000
 -0.140000 0.000000 0.000000
 -0.137500 0.000000 0.000000
 -0.135000 0.000000 0.000000
 -0.132500 0.000000 0.000000
 -0.130000 0.000000 0.000000
 -0.127500 0.000000 0.000000
 -0.125000 0.000000 0.000000
 -0.122500 0.000000 0.000000
 -0.120000 0.000000 0.000000
 -0.117500 0.000000 0.000000
 -0.115000 0.000000 0.000000
 -0.112500 0.000000 0.000000
 -0.110000 0.000000 0.000000
 -0.107500 0.000000 0.000000
 -0.105000 0.000000 0.000000
 -0.102500 0.000000 0.000000
 -0.100000 0.000000 0.000000
 -0.097500 0.000000 0.000000
 -0.095000 0.000000 0.000000
 -0.092500 0.000000 0.000000
 -0.090000 0.000000 0.000000
 -0.087500 0.000000 0.000000
 -0.085000 0.000000 0.000000
 -0.082500 0.000000 0.000000
 -0.080000 0.000000 0.000000
 -0.077500 0.000000 0.000000
 -0.075000 0.000000 0.000000
 -0.072500 0.000000 0.000000
 -0.070000 0.000000 0.000000
 -0.067500 0.000000 0.000000
 -0.065000 0.000000 0.000000
 -0.062500 0.000000 0.000000
 -0.060000 0.000000 0.000000
 -0.057500 0.000000 0.000000
 -0.055000 0.000000 0.000000
 -0.052500 0.000000 0.000000
 -0.050000 0.000000 0.000000
 -0.047500 0.000000 0.000000
 -0.045000 0.000000 0.000000
 -0.042500 0.000000 0.000000
 -0.040000 0.000000 0.000000
 -0.037500 0.000000 0.000000
 -0.035000 0.000000 0.000000
 -0.032500 0.000000 0.000000
 -0.030000 0.000000 0.000000
 -0.027500 0.000000 0.000000
 -0.025000 0.000000 0.000000
 -0.022500 0.000000 0.000000
 -0.020000 0.000000 0.000000
 -0.017500 0.000000 0.000000
 -0.015000 0.000000 0.000000
 -0.012500 0.000000 0.000000
 -0.010000 0.000000 0.000000
 -0.007500 0.000000 0.000000
 -0.005000 0.000000 0.000000
 -0.002500 0.000000 0.000000
 0.000000 0.000000 0.000000
 0.002500 0.000000 0.000000
 0.005000 0.000000 0.000000
 0.007500 0.000000 0.000000
 0.010000 0.000000 0.000000
 0.012500 0.000000 0.000000
 0.015000 0.000000 0.000000
 0.017500 0.000000 0.000000
 0.020000 0.000000 0.000000
 0.022500 0.000000 0.000000
 0.025000 0.000000 0.000000
 0.027500 0.000000 0.000000
 0.030000 0.000000 0.000000
 0.032500 0.000000 0.000000
 0.035000 0.000000 0.000000
 0.037500 0.000000 0.000000
 0.040000 0.000000 0.000000
 0.042500 0.000000 0.000000
 0.045000 0.000000 0.000000
 0.047500 0.000000 0.000000
 0.050000 0.000000 0.000000
 0.052500 0.000000 0.000000
 0.055000 0.000000 0.000000
 0.057500 0.000000 0.000000
 0.060000 0.000000 0.000000
 0.062500 0.000000 0.000000
 0.065000 0.000000 0.000000
 0.067500 0.000000 0.000000
 0.070000 0.000000 0.000000
 0.072500 0.000000 0.000000
 0.075000 0.000000 0.000000
 0.077500 0.000000 0.000000
 0.080000 0.000000 0.000000
 0.082500 0.000000 0.000000
 0.085000 0.000000 0.000000
 0.087500 0.000000 0.000000
 0.090000 0.000000 0.000000
 0.092500 0.000000 0.000000
 0.095000 0.000000 0.000000
 0.097500 0.000000 0.000000
 0.100000 0.000000 0.000000
 0.102500 0.000000 0.000000
 0.105000 0.000000 0.000000
 0.107500 0.000000 0.000000
 0.110000 0.000000 0.000000
 0.112500 0.000000 0.000000
 0.115000 0.000000 0.000000
 0.117500 0.000000 0.000000
 0.120000 0.000000 0.000000
 0.122500 0.000000 0.000000
 0.125000 0.000000 0.000000
 0.127500 0.000000 0.000000
 0.130000 0.000000 0.000000
 0.132500 0.000000 0.000000
 0.135000 0.000000 0.000000
 0.137500 0.000000 0.000000
 0.140000 0.000000 0.000000
 0.142500 0.000000 0.000000
 0.145000 0.000000 0.000000
 0.147500 0.000000 0.000000
 0.150000 0.000000 0.000000
 0.152500 0.000000 0.000000
 0.155000 0.000000 0.000000
 0.157500 0.000000 0.000000
 0.160000 0.000000 0.000000
 0.162500 0.000000 0.000000
 0.165000 0.000000 0.000000
 0.167500 0.000000 0.000000
 0.170000 0.000000 0.000000
 0.172500 0.000000 0.000000
 0.175000 0.000000 0.000000
 0.177500 0.000000 0.000000
 0.180000 0.000000 0.000000
 0.182500 0.000000 0.000000
 0.185000 0.000000 0.000000
 0.187500 0.000000 0.000000
 0.190000 0.000000 0.000000
 0.192500 0.000000 0.000000
 0.195000 0.000000 0.000000
 0.197500 0.000000 0.000000
 0.200000 0.000000 0.000000
 0.202500 0.000000 0.000000
 0.205000 0.000000 0.000000
 0.207500 0.000000 0.000000
 0.210000 0.000000 0.000000
 0.212500 0.000000 0.000000
 0.215000 0.000000 0.000000
 0.217500 0.000000 0.000000
 0.220000 0.000000 0.000000
 0.222500 0.000000 0.000000
 0.225000 0.000000 0.000000
 0.227500 0.000000 0.000000
 0.230000 0.000000 0.000000
 0.232500 0.000000 0.000000
 0.235000 0.000000 0.000000
 0.237500 0.000000 0.000000
 0.240000 0.000001 0.000257
 0.242500 0.000002 0.000596
 0.245000 0.000004 0.001291
 0.247500 0.000009 0.002612
 0.250000 0.000018 0.004930
 0.252500 0.000035 0.008669
 0.255000 0.000063 0.014178
 0.257500 0.000107 0.021517
 0.260000 0.000171 0.030203
 0.262500 0.000258 0.039025
 0.265000 0.000365 0.046073
 0.267500 0.000485 0.049094
 0.270000 0.000606 0.046145
 0.272500 0.000710 0.036360
 0.275000 0.000782 0.020499
 0.277500 0.000809 0.000976
 0.280000 0.000788 -0.018484
 0.282500 0.000720 -0.034506
 0.285000 0.000620 -0.044277
 0.287500 0.000505 -0.046607
 0.290000 0.000393 -0.041859
 0.292500 0.000301 -0.031479
 0.295000 0.000239 -0.017364
 0.297500 0.000215 -0.001387
 0.300000 0.000232 0.014733
 0.302500 0.000288 0.029420
 0.305000 0.000377 0.040757
 0.307500 0.000487 0.046987
 0.310000 0.000606 0.046733
 0.312500 0.000715 0.039701
 0.315000 0.000800 0.027193
 0.317500 0.000849 0.012229
 0.320000 0.000862 -0.001645
 0.322500 0.000845 -0.010622
 0.325000 0.000814 -0.012689
 0.327500 0.000787 -0.008174
 0.330000 0.000777 0.000273
 0.332500 0.000788 0.008591
 0.335000 0.000816 0.012766
 0.337500 0.000847 0.010493
 0.340000 0.000863 0.001447
 0.342500 0.000851 -0.011843
 0.345000 0.000804 -0.025631
 0.347500 0.000726 -0.035669
 0.350000 0.000631 -0.038691
 0.352500 0.000540 -0.033099
 0.355000 0.000473 -0.019133
 0.357500 0.000449 0.001518
 0.360000 0.000483 0.025572
 0.362500 0.000577 0.049559
 0.365000 0.000727 0.069377
 0.367500 0.000917 0.081195
 0.370000 0.001124 0.081998
 0.372500 0.001317 0.070507
 0.375000 0.001467 0.048043
 0.377500 0.001552 0.018528
 0.380000 0.001559 -0.011856
 0.382500 0.001496 -0.037046
 0.385000 0.001383 -0.050791
 0.387500 0.001255 -0.049803
 0.390000 0.001147 -0.034368
 0.392500 0.001093 -0.007480
 0.395000 0.001114 0.024625
 0.397500 0.001215 0.055384
 0.400000 0.001385 0.079093
 0.402500 0.001602 0.092699
 0.405000 0.001841 0.096864
 0.407500 0.002081 0.094779
 0.410000 0.002314 0.091405
 0.412500 0.002540 0.090314
 0.415000 0.002768 0.092509
 0.417500 0.003003 0.094572
 0.420000 0.003237 0.092119
 0.422500 0.003455 0.080070
 0.425000 0.003629 0.057568
 0.427500 0.003738 0.027919
 0.430000 0.003769 -0.002108
 0.432500 0.003734 -0.023761
 0.435000 0.003664 -0.029643
 0.437500 0.003602 -0.016659
 0.440000 0.003596 0.014219
 0.442500 0.003684 0.058018
 0.445000 0.003891 0.107944
 0.447500 0.004220 0.154865
 0.450000 0.004655 0.190637
 0.452500 0.005158 0.208590
 0.455000 0.005679 0.203679
 0.457500 0.006156 0.174036
 0.460000 0.006531 0.122174
 0.462500 0.006754 0.055345
 0.465000 0.006802 -0.016388
 0.467500 0.006679 -0.080657
 0.470000 0.006413 -0.126908
 0.472500 0.006063 -0.149302
 0.475000 0.005689 -0.145735
 0.477500 0.005355 -0.118436
 0.480000 0.005112 -0.073839
 0.482500 0.004995 -0.018788
 0.485000 0.005020 0.038594
 0.487500 0.005184 0.091538
 0.490000 0.005470 0.133636
 0.492500 0.005842 0.162136
 0.495000 0.006269 0.177018
 0.497500 0.006720 0.183646
 0.500000 0.007186 0.189531
 0.502500 0.007673 0.202607
 0.505000 0.008208 0.227996
 0.507500 0.008824 0.266350
 0.510000 0.009548 0.312838
 0.512500 0.010387 0.357893
 0.515000 0.011326 0.389507
 0.517500 0.012319 0.399962
 0.520000 0.013307 0.386134
 0.522500 0.014235 0.353810
 0.525000 0.015068 0.312056
 0.527500 0.015804 0.277119
 0.530000 0.016473 0.261617
 0.532500 0.017137 0.273811
 0.535000 0.017869 0.314522
 0.537500 0.018730 0.377589
 0.540000 0.019768 0.454277
 0.542500 0.021010 0.538601
 0.545000 0.022465 0.626640
 0.547500 0.024148 0.717354
 0.550000 0.026058 0.809535
 0.552500 0.028196 0.897572
 0.555000 0.030537 0.973074
 0.557500 0.033041 1.023016
 0.560000 0.035630 1.041351
 0.562500 0.038223 1.027071
 0.565000 0.040750 0.990753
 0.567500 0.043175 0.949310
 0.570000 0.045515 0.923869
 0.572500 0.047827 0.930833
 0.575000 0.050212 0.981064
 0.577500 0.052771 1.071638
 0.580000 0.055594 1.190151
 0.582500 0.058738 1.323570
 0.585000 0.062219 1.457883
 0.587500 0.066024 1.582566
 0.590000 0.070123 1.691750
 0.592500 0.074472 1.780281
 0.595000 0.079010 1.843153
 0.597500 0.083665 1.872016
 0.600000 0.088341 1.865750
 0.602500 0.092967 1.828834
 0.605000 0.097483 1.784852
 0.607500 0.101910 1.759822
 0.610000 0.106334 1.784204
 0.612500 0.110895 1.874254
 0.615000 0.115769 2.026787
 0.617500 0.121070 2.212397
 0.620000 0.126838 2.394342
 0.622500 0.133020 2.537916
 0.625000 0.139500 2.636335
 0.627500 0.146195 2.715225
 0.630000 0.153114 2.828873
 0.632500 0.160431 3.041829
 0.635000 0.168458 3.401171
 0.637500 0.177566 3.906164
 0.640000 0.188067 4.500280
 0.642500 0.200069 5.087600
 0.645000 0.213412 5.555276
 0.647500 0.227666 5.808379
 0.650000 0.242243 5.800932
 0.652500 0.256476 5.544499
 0.655000 0.269825 5.101255
 0.657500 0.281924 4.562957
 0.660000 0.292673 4.040596
 0.662500 0.302230 3.629626
 0.665000 0.310984 3.405082
 0.667500 0.319473 3.423593
 0.670000 0.328328 3.701475
 0.672500 0.338190 4.223365
 0.675000 0.349622 4.941449
 0.677500 0.363027 5.781012
 0.680000 0.378586 6.651622
 0.682500 0.396247 7.456334
 0.685000 0.415765 8.123307
 0.687500 0.436729 8.613384
 0.690000 0.458694 8.921981
 0.692500 0.481227 9.089020
 0.695000 0.504058 9.161744
 0.697500 0.527022 9.197822
 0.700000 0.550065 9.232184
 0.702500 0.573218 9.283802
 0.705000 0.596533 9.359406
 0.707500 0.620065 9.461327
 0.710000 0.643922 9.627636
 0.712500 0.668339 9.921090
 0.715000 0.693732 10.419804
 0.717500 0.720716 11.204447
 0.720000 0.750078 12.324854
 0.722500 0.782648 13.773328
 0.725000 0.819199 15.473485
 0.727500 0.860177 17.310212
 0.730000 0.905763 19.128865
 0.732500 0.955718 20.789760
 0.735000 1.009494 22.165234
 0.737500 1.066289 23.198381
 0.740000 1.125206 23.856117
 0.742500 1.185311 24.153800
 0.745000 1.245752 24.135353
 0.747500 1.305805 23.851148
 0.750000 1.364885 23.363222
 0.752500 1.422563 22.746528
 0.755000 1.478633 22.093577
 0.757500 1.533140 21.526229
 0.760000 1.586526 21.203955
 0.762500 1.639586 21.304236
 0.765000 1.693570 21.959741
 0.767500 1.749951 23.232284
 0.770000 1.810257 25.065428
 0.772500 1.875675 27.292431
 0.775000 1.946912 29.676792
 0.777500 2.023997 31.936320
 0.780000 2.106374 33.883503
 0.782500 2.193098 35.415197
 0.785000 2.283156 36.547168
 0.787500 2.375643 37.396561
 0.790000 2.470053 38.126525
 0.792500 2.566317 38.880160
 0.795000 2.664575 39.732128
 0.797500 2.765094 40.682563
 0.800000 2.868011 41.651108
 0.802500 2.973280 42.534918
 0.805000 3.080555 43.233451
 0.807500 3.189307 43.719940
 0.810000 3.299027 44.024763
 0.812500 3.409398 44.239845
 0.815000 3.520319 44.489625
 0.817500 3.631968 44.858630
 0.820000 3.744711 45.377048
 0.822500 3.858995 46.074920
 0.825000 3.975204 46.925277
 0.827500 4.093707 47.902751
 0.830000 4.214786 48.975603
 0.832500 4.338550 50.078059
 0.835000 4.465053 51.121151
 0.837500 4.593959 51.981912
 0.840000 4.724602 52.481723
 0.842500 4.855875 52.476539
 0.845000 4.986374 51.861341
 0.847500 5.114572 50.667551
 0.850000 5.239179 49.013194
 0.852500 5.359292 47.143489
 0.855000 5.474722 45.277699
 0.857500 5.585750 43.658103
 0.860000 5.693109 42.373611
 0.862500 5.797677 41.422132
 0.865000 5.900162 40.685635
 0.867500 6.000941 40.032470
 0.870000 6.099956 39.297187
 0.872500 6.196827 38.269973
 0.875000 6.290615 36.813907
 0.877500 6.380062 34.784796
 0.880000 6.463619 32.127030
 0.882500 6.539671 28.799380
 0.885000 6.606562 24.810999
 0.887500 6.662701 20.216981
 0.890000 6.706671 15.104950
 0.892500 6.737227 9.537149
 0.895000 6.753328 3.553880
 0.897500 6.754057 -2.788776
 0.900000 6.738515 -9.394428
 0.902500 6.706109 -16.250277
 0.905000 6.656313 -23.289047
 0.907500 6.588699 -30.470500
 0.910000 6.502996 -37.784215
 0.912500 6.398878 -45.150244
 0.915000 6.276311 -52.510479
 0.917500 6.135435 -59.785682
 0.920000 5.976544 -66.871408
 0.922500 5.800216 -73.708161
 0.925000 5.607142 -80.244693
 0.927500 5.398148 -86.434155
 0.930000 5.174181 -92.227360
 0.932500 4.936296 -97.543163
 0.935000 4.685785 -102.287262
 0.937500 4.424193 -106.385311
 0.940000 4.153238 -109.766242
 0.942500 3.874789 -112.397611
 0.945000 3.590753 -114.234469
 0.947500 3.303140 -115.239894
 0.950000 3.014113 -115.353819
 0.952500 2.726011 -114.480693
 0.955000 2.441464 -112.538021
 0.957500 2.163230 -109.424753
 0.960000 1.894262 -105.110380
 0.962500 1.637567 -99.643893
 0.965000 1.395940 -93.108133
 0.967500 1.171862 -85.623280
 0.970000 0.967512 -77.388863
 0.972500 0.784483 -68.614265
 0.975000 0.623810 -59.565765
 0.977500 0.485820 -50.540553
 0.980000 0.370095 -41.850818
 0.982500 0.275404 -33.760754
 0.985000 0.199951 -26.508617
 0.987500 0.141439 -20.240807
 0.990000 0.097347 -15.022663
 0.992500 0.065034 -10.809599
 0.995000 0.042083 -7.529513
 0.997500 0.026322 -5.069092
 1.000000 0.015866 -3.287433
 1.002500 0.009189 -2.046625
 1.005000 0.005085 -1.213552
 1.007500 0.002676 -0.681800
 1.010000 0.001343 -0.365108
 1.012500 0.000635 -0.183363
 1.015000 0.000288 -0.088716
 1.017500 0.000118 -0.038453
 1.020000 0.000044 -0.015200
 1.022500 0.000008 -0.002876
 1.025000 0.000002 -0.000703
 1.027500 0.000001 -0.000308
 1.030000 0.000000 0.000000
 1.032500 0.000000 0.000000
 1.035000 0.000000 0.000000
 1.037500 0.000000 0.000000
 1.040000 0.000000 0.000000
 1.042500 0.000000 0.000000
 1.045000 0.000000 0.000000
 1.047500 0.000000 0.000000
 1.050000 0.000000 0.000000
 1.052500 0.000000 0.000000
 1.055000 0.000000 0.000000
 1.057500 0.000000 0.000000
 1.060000 0.000000 0.000000
 1.062500 0.000000 0.000000
 1.065000 0.000000 0.000000
 1.067500 0.000000 0.000000
 1.070000 0.000000 0.000000
 1.072500 0.000000 0.000000
 1.075000 0.000000 0.000000
 1.077500 0.000000 0.000000
 1.080000 0.000000 0.000000
 1.082500 0.000000 0.000000
 1.085000 0.000000 0.000000
 1.087500 0.000000 0.000000
 1.090000 0.000000 0.000000
 1.092500 0.000000 0.000000
 1.095000 0.000000 0.000000
 1.097500 0.000000 0.000000
 1.100000 0.000000 0.000000
 1.102500 0.000000 0.000000
 1.105000 0.000000 0.000000
 1.107500 0.000000 0.000000
 1.110000 0.000000 0.000000
 1.112500 0.000000 0.000000
 1.115000 0.000000 0.000000
 1.117500 0.000000 0.000000
 1.120000 0.000000 0.000000
 1.122500 0.000000 0.000000
 1.125000 0.000000 0.000000
 1.127500 0.000000 0.000000
 1.130000 0.000000 0.000000
 1.132500 0.000000 0.000000
 1.135000 0.000000 0.000000
 1.137500 0.000000 0.000000
 1.140000 0.000000 0.000000
 1.142500 0.000000 0.000000
 1.145000 0.000000 0.000000
 1.147500 0.000000 0.000000
 1.150000 0.000000 0.000000
 1.152500 0.000000 0.000000
 1.155000 0.000000 0.000000
 1.157500 0.000000 0.000000
 1.160000 0.000000 0.000000
 1.162500 0.000000 0.000000
 1.165000 0.000000 0.000000
 1.167500 0.000000 0.000000
 1.170000 0.000000 0.000000
 1.172500 0.000000 0.000000
 1.175000 0.000000 0.000000
 1.177500 0.000000 0.000000
 1.180000 0.000000 0.000000
 1.182500 0.000000 0.000000
 1.185000 0.000000 0.000000
 1.187500 0.000000 0.000000
 1.190000 0.000000 0.000000
 1.192500 0.000000 0.000000
 1.195000 0.000000 0.000000
 1.197500 0.000000 0.000000
 1.200000 0.000000 0.000000
 1.202500 0.000000 0.000000
 1.205000 0.000000 0.000000
 1.207500 0.000000 0.000000
 1.210000 0.000000 0.000000
 1.212500 0.000000 0.000000
 1.215000 0.000000 0.000000
 1.217500 0.000000 0.000000
 1.220000 0.000000 0.000000
 1.222500 0.000000 0.000000
 1.225000 0.000000 0.000000
 1.227500 0.000000 0.000000
 1.230000 0.000000 0.000000
 1.232500 0.000000 0.000000
 1.235000 0.000000 0.000000
 1.237500 0.000000 0.000000
 1.240000 0.000000 0.000000
 1.242500 0.000000 0.000000
 1.245000 0.000000 0.000000
 1.247500 0.000000 0.000000
 1.250000 0.000000 0.000000
 1.252500 0.000000 0.000000
 1.255000 0.000000 0.000000
 1.257500 0.000000 0.000000
 1.260000 0.000000 0.000000
 1.262500 0.000000 0.000000
 1.265000 0.000000 0.000000
 1.267500 0.000000 0.000000
 1.270000 0.000000 0.000000
 1.272500 0.000000 0.000000
 1.275000 0.000000 0.000000
 1.277500 0.000000 0.000000
 1.280000 0.000000 0.000000
 1.282500 0.000000 0.000000
 1.285000 0.000000 0.000000
 1.287500 0.000000 0.000000
 1.290000 0.000000 0.000000
 1.292500 0.000000 0.000000
 1.295000 0.000000 0.000000
 1.297500 0.000000 0.000000
 1.300000 0.000000 0.000000
 1.302500 0.000000 0.000000
 1.305000 0.000000 0.000000
 1.307500 0.000000 0.000000
 1.310000 0.000000 0.000000
 1.312500 0.000000 0.000000
 1.315000 0.000000 0.000000
 1.317500 0.000000 0.000000
 1.320000 0.000000 0.000000
 1.322500 0.000000 0.000000
 1.325000 0.000000 0.000000
 1.327500 0.000000 0.000000
 1.330000 0.000000 0.000000
 1.332500 0.000000 0.000000
 1.335000 0.000000 0.000000
 1.337500 0.000000 0.000000
 1.340000 0.000000 0.000000
 1.342500 0.000000 0.000000
 1.345000 0.000000 0.000000
 1.347500 0.000000 0.000000
 1.350000 0.000000 0.000000
 1.352500 0.000000 0.000000
 1.355000 0.000000 0.000000
 1.357500 0.000000 0.000000
 1.360000 0.000000 0.000000
 1.362500 0.000000 0.000000
 1.365000 0.000000 0.000000
 1.367500 0.000000 0.000000
 1.370000 0.000000 0.000000
 1.372500 0.000000 0.000000
 1.375000 0.000000 0.000000
 1.377500 0.000000 0.000000
 1.380000 0.000000 0.000000
 1.382500 0.000000 0.000000
 1.385000 0.000000 0.000000
 1.387500 0.000000 0.000000
 1.390000 0.000000 0.000000
 1.392500 0.000000 0.000000
 1.395000 0.000000 0.000000
 1.397500 0.000000 0.000000
 1.400000 0.000000 0.000000
 1.402500 0.000000 0.000000
 1.405000 0.000000 0.000000
 1.407500 0.000000 0.000000
 1.410000 0.000000 0.000000
 1.412500 0.000000 0.000000
 1.415000 0.000000 0.000000
 1.417500 0.000000 0.000000
 1.420000 0.000000 0.000000
 1.422500 0.000000 0.000000
 1.425000 0.000000 0.000000
 1.427500 0.000000 0.000000
 1.430000 0.000000 0.000000
 1.432500 0.000000 0.000000
 1.435000 0.000000 0.000000
 1.437500 0.000000 0.000000
 1.440000 0.000000 0.000000
 1.442500 0.000000 0.000000
 1.445000 0.000000 0.000000
 1.447500 0.000000 0.000000
 1.450000 0.000000 0.000000
 1.452500 0.000000 0.000000
 1.455000 0.000000 0.000000
 1.457500 0.000000 0.000000
 1.460000 0.000000 0.000000
 1.462500 0.000000 0.000000
 1.465000 0.000000 0.000000
 1.467500 0.000000 0.000000
 1.470000 0.000000 0.000000
 1.472500 0.000000 0.000000
 1.475000 0.000000 0.000000
 1.477500 0.000000 0.000000
 1.480000 0.000000 0.000000
 1.482500 0.000000 0.000000
 1.485000 0.000000 0.000000
 1.487500 0.000000 0.000000
 1.490000 0.000000 0.000000
 1.492500 0.000000 0.000000
 1.495000 0.000000 0.000000
 1.497500 0.000000 0.000000
 1.500000 0.000000 0.000000
 1.502500 0.000000 0.000000
 1.505000 0.000000 0.000000
 1.507500 0.000000 0.000000
 1.510000 0.000000 0.000000
 1.512500 0.000000 0.000000
 1.515000 0.000000 0.000000
 1.517500 0.000000 0.000000
 1.520000 0.000000 0.000000
 1.522500 0.000000 0.000000
 1.525000 0.000000 0.000000
 1.527500 0.000000 0.000000
 1.530000 0.000000 0.000000
 1.532500 0.000000 0.000000
 1.535000 0.000000 0.000000
 1.537500 0.000000 0.000000
 1.540000 0.000000 0.000000
 1.542500 0.000000 0.000000
 1.545000 0.000000 0.000000
 1.547500 0.000000 0.000000
 1.550000 0.000000 0.000000
 1.552500 0.000000 0.000000
 1.555000 0.000000 0.000000
 1.557500 0.000000 0.000000
 1.560000 0.000000 0.000000
 1.562500 0.000000 0.000000
 1.565000 0.000000 0.000000
 1.567500 0.000000 0.000000
 1.570000 0.000000 0.000000
 1.572500 0.000000 0.000000
 1.575000 0.000000 0.000000
 1.577500 0.000000 0.000000
 1.580000 0.000000 0.000000
 1.582500 0.000000 0.000000
 1.585000 0.000000 0.000000
 1.587500 0.000000 0.000000
 1.590000 0.000000 0.000000
 1.592500 0.000000 0.000000
 1.595000 0.000000 0.000000
 1.597500 0.000000 0.000000
 1.600000 0.000000 0.000000
 1.602500 0.000000 0.000000
 1.605000 0.000000 0.000000
 1.607500 0.000000 0.000000
 1.610000 0.000000 0.000000
 1.612500 0.000000 0.000000
 1.615000 0.000000 0.000000
 1.617500 0.000000 0.000000
 1.620000 0.000000 0.000000
 1.622500 0.000000 0.000000
 1.625000 0.000000 0.000000
 1.627500 0.000000 0.000000
 1.630000 0.000000 0.000000
 1.632500 0.000000 0.000000
 1.635000 0.000000 0.000000
 1.637500 0.000000 0.000000
 1.640000 0.000000 0.000000
 1.642500 0.000000 0.000000
 1.645000 0.000000 0.000000
 1.647500 0.000000 0.000000
 1.650000 0.000000 0.000000
 1.652500 0.000000 0.000000
 1.655000 0.000000 0.000000
 1.657500 0.000000 0.000000
 1.660000 0.000000 0.000000
 1.662500 0.000000 0.000000
 1.665000 0.000000 0.000000
 1.667500 0.000000 0.000000
 1.670000 0.000000 0.000000
 1.672500 0.000000 0.000000
 1.675000 0.000000 0.000000
 1.677500 0.000000 0.000000
 1.680000 0.000000 0.000000
 1.682500 0.000000 0.000000
 1.685000 0.000000 0.000000
 1.687500 0.000000 0.000000
 1.690000 0.000000 0.000000
 1.692500 0.000000 0.000000
 1.695000 0.000000 0.000000
 1.697500 0.000000 0.000000
 1.700000 0.000000 0.000000
 1.702500 0.000000 0.000000
 1.705000 0.000000 0.000000
 1.707500 0.000000 0.000000
 1.710000 0.000000 0.000000
 1.712500 0.000000 0.000000
 1.715000 0.000000 0.000000
 1.717500 0.000000 0.000000
 1.720000 0.000000 0.000000
 1.722500 0.000000 0.000000
 1.725000 0.000000 0.000000
 1.727500 0.000000 0.000000
 1.730000 0.000000 0.000000
 1.732500 0.000000 0.000000
 1.735000 0.000000 0.000000
 1.737500 0.000000 0.000000
 1.740000 0.000000 0.000000
 1.742500 0.000000 0.000000
 1.745000 0.000000 0.000000
 1.747500 0.000000 0.000000
 1.750000 0.000000 0.000000
 1.752500 0.000000 0.000000
 1.755000 0.000000 0.000000
 1.757500 0.000000 0.000000
 1.760000 0.000000 0.000000
 1.762500 0.000000 0.000000
 1.765000 0.000000 0.000000
 1.767500 0.000000 0.000000
 1.770000 0.000000 0.000000
 1.772500 0.000000 0.000000
 1.775000 0.000000 0.000000
 1.777500 0.000000 0.000000
 1.780000 0.000000 0.000000
 1.782500 0.000000 0.000000
 1.785000 0.000000 0.000000
 1.787500 0.000000 0.000000
 1.790000 0.000000 0.000000
 1.792500 0.000000 0.000000
 1.795000 0.000000 0.000000
 1.797500 0.000000 0.000000
 1.800000 0.000000 0.000000
 1.802500 0.000000 0.000000
 1.805000 0.000000 0.000000
 1.807500 0.000000 0.000000
 1.810000 0.000000 0.000000
 1.812500 0.000000 0.000000
 1.815000 0.000000 0.000000
 1.817500 0.000000 0.000000
 1.820000 0.000000 0.000000
 1.822500 0.000000 0.000000
 1.825000 0.000000 0.000000
 1.827500 0.000000 0.000000
 1.830000 0.000000 0.000000
 1.832500 0.000000 0.000000
 1.835000 0.000000 0.000000
 1.837500 0.000000 0.000000
 1.840000 0.000000 0.000000
 1.842500 0.000000 0.000000
 1.845000 0.000000 0.000000
 1.847500 0.000000 0.000000
 1.850000 0.000000 0.000000
 1.852500 0.000000 0.000000
 1.855000 0.000000 0.000000
 1.857500 0.000000 0.000000
 1.860000 0.000000 0.000000
 1.862500 0.000000 0.000000
 1.865000 0.000000 0.000000
 1.867500 0.000000 0.000000
 1.870000 0.000000 0.000000
 1.872500 0.000000 0.000000
 1.875000 0.000000 0.000000
 1.877500 0.000000 0.000000
 1.880000 0.000000 0.000000
 1.882500 0.000000 0.000000
 1.885000 0.000000 0.000000
 1.887500 0.000000 0.000000
 1.890000 0.000000 0.000000
 1.892500 0.000000 0.000000
 1.895000 0.000000 0.000000
 1.897500 0.000000 0.000000
 1.900000 0.000000 0.000000
 1.902500 0.000000 0.000000
 1.905000 0.000000 0.000000
 1.907500 0.000000 0.000000
 1.910000 0.000000 0.000000
 1.912500 0.000000 0.000000
 1.915000 0.000000 0.000000
 1.917500 0.000000 0.000000
 1.920000 0.000000 0.000000
 1.922500 0.000000 0.000000
 1.925000 0.000000 0.000000
 1.927500 0.000000 0.000000
 1.930000 0.000000 0.000000
 1.932500 0.000000 0.000000
 1.935000 0.000000 0.000000
 1.937500 0.000000 0.000000
 1.940000 0.000000 0.000000
 1.942500 0.000000 0.000000
 1.945000 0.000000 0.000000
 1.947500 0.000000 0.000000
 1.950000 0.000000 0.000000
 1.952500 0.000000 0.000000
 1.955000 0.000000 0.000000
 1.957500 0.000000 0.000000
 1.960000 0.000000 0.000000
 1.962500 0.000000 0.000000
 1.965000 0.000000 0.000000
 1.967500 0.000000 0.000000
 1.970000 0.000000 0.000000
 1.972500 0.000000 0.000000
 1.975000 0.000000 0.000000
 1.977500 0.000000 0.000000
 1.980000 0.000000 0.000000
 1.982500 0.000000 0.000000
 1.985000 0.000000 0.000000
 1.987500 0.000000 0.000000
 1.990000 0.000000 0.000000
 1.992500 0.000000 0.000000
 1.995000 0.000000 0.000000
 1.997500 0.000000 0.000000
 2.000000 0.000000 0.000000
