#! FIELDS refcv hh dhh_refcv
#! SET normalisation  77.000000
#! SET min_refcv -0.5
#! SET max_refcv 2
#! SET nbins_refcv  1000
#! SET periodic_refcv false
 -0.500000 0.000000 0.000000
 -0.497500 0.000000 0.000000
 -0.495000 0.000000 0.000000
 -0.492500 0.000000 0.000000
 -0.490000 0.000000 0.000000
 -0.487500 0.000000 0.000000
 -0.485000 0.000000 0.000000
 -0.482500 0.000000 0.000000
 -0.480000 0.000000 0.000000
 -0.477500 0.000000 0.000000
 -0.475000 0.000000 0.000000
 -0.472500 0.000000 0.000000
 -0.470000 0.000000 0.000000
 -0.467500 0.000000 0.000000
 -0.465000 0.000000 0.000000
 -0.462500 0.000000 0.000000
 -0.460000 0.000000 0.000000
 -0.457500 0.000000 0.000000
 -0.455000 0.000000 0.000000
 -0.452500 0.000000 0.000000
 -0.450000 0.000000 0.000000
 -0.447500 0.000000 0.000000
 -0.445000 0.000000 0.000000
 -0.442500 0.000000 0.000000
 -0.440000 0.000000 0.000000
 -0.437500 0.000000 0.000000
 -0.435000 0.000000 0.000000
 -0.432500 0.000000 0.000000
 -0.430000 0.000000 0.000000
 -0.427500 0.000000 0.000000
 -0.425000 0.000000 0.000000
 -0.422500 0.000000 0.000000
 -0.420000 0.000000 0.000000
 -0.417500 0.000000 0.000000
 -0.415000 0.000000 0.000000
 -0.412500 0.000000 0.000000
 -0.410000 0.000000 0.000000
 -0.407500 0.000000 0.000000
 -0.405000 0.000000 0.000000
 -0.402500 0.000000 0.000000
 -0.400000 0.000000 0.000000
 -0.397500 0.000000 0.000000
 -0.395000 0.000000 0.000000
 -0.392500 0.000000 0.000000
 -0.390000 0.000000 0.000000
 -0.387500 0.000000 0.000000
 -0.385000 0.000000 0.000000
 -0.382500 0.000000 0.000000
 -0.380000 0.000000 0.000000
 -0.377500 0.000000 0.000000
 -0.375000 0.000000 0.000000
 -0.372500 0.000000 0.000000
 -0.370000 0.000000 0.000000
 -0.367500 0.000000 0.000000
 -0.365000 0.000000 0.000000
 -0.362500 0.000000 0.000000
 -0.360000 0.000000 0.000000
 -0.357500 0.000000 0.000000
 -0.355000 0.000000 0.000000
 -0.352500 0.000000 0.000000
 -0.350000 0.000000 0.000000
 -0.347500 0.000000 0.000000
 -0.345000 0.000000 0.000000
 -0.342500 0.000000 0.000000
 -0.340000 0.000000 0.000000
 -0.337500 0.000000 0.000000
 -0.335000 0.000000 0.000000
 -0.332500 0.000000 0.000000
 -0.330000 0.000000 0.000000
 -0.327500 0.000000 0.000000
 -0.325000 0.000000 0.000000
 -0.322500 0.000000 0.000000
 -0.320000 0.000000 0.000000
 -0.317500 0.000000 0.000000
 -0.315000 0.000000 0.000000
 -0.312500 0.000000 0.000000
 -0.310000 0.000000 0.000000
 -0.307500 0.000000 0.000000
 -0.305000 0.000000 0.000000
 -0.302500 0.000000 0.000000
 -0.300000 0.000000 0.000000
 -0.297500 0.000000 0.000000
 -0.295000 0.000000 0.000000
 -0.292500 0.000000 0.000000
 -0.290000 0.000000 0.000000
 -0.287500 0.000000 0.000000
 -0.285000 0.000000 0.000000
 -0.282500 0.000000 0.000000
 -0.280000 0.000000 0.000000
 -0.277500 0.000000 0.000000
 -0.275000 0.000000 0.000000
 -0.272500 0.000000 0.000000
 -0.270000 0.000000 0.000000
 -0.267500 0.000000 0.000000
 -0.265000 0.000000 0.000000
 -0.262500 0.000000 0.000000
 -0.260000 0.000000 0.000000
 -0.257500 0.000000 0.000000
 -0.255000 0.000000 0.000000
 -0.252500 0.000000 0.000000
 -0.250000 0.000000 0.000000
 -0.247500 0.000000 0.000000
 -0.245000 0.000000 0.000000
 -0.242500 0.000000 0.000000
 -0.240000 0.000000 0.000000
 -0.237500 0.000000 0.000000
 -0.235000 0.000000 0.000000
 -0.232500 0.000000 0.000000
 -0.230000 0.000000 0.000000
 -0.227500 0.000000 0.000000
 -0.225000 0.000000 0.000000
 -0.222500 0.000000 0.000000
 -0.220000 0.000000 0.000000
 -0.217500 0.000000 0.000000
 -0.215000 0.000000 0.000000
 -0.212500 0.000000 0.000000
 -0.210000 0.000000 0.000000
 -0.207500 0.000000 0.000000
 -0.205000 0.000000 0.000000
 -0.202500 0.000000 0.000000
 -0.200000 0.000000 0.000000
 -0.197500 0.000000 0.000000
 -0.195000 0.000000 0.000000
 -0.192500 0.000000 0.000000
 -0.190000 0.000000 0.000000
 -0.187500 0.000000 0.000000
 -0.185000 0.000000 0.000000
 -0.182500 0.000000 0.000000
 -0.180000 0.000000 0.000000
 -0.177500 0.000000 0.000000
 -0.175000 0.000000 0.000000
 -0.172500 0.000000 0.000000
 -0.170000 0.000000 0.000000
 -0.167500 0.000000 0.000000
 -0.165000 0.000000 0.000000
 -0.162500 0.000000 0.000000
 -0.160000 0.000000 0.000000
 -0.157500 0.000000 0.000000
 -0.155000 0.000000 0.000000
 -0.152500 0.000000 0.000000
 -0.150000 0.000000 0.000000
 -0.147500 0.000000 0.000000
 -0.145000 0.000000 0.000000
 -0.142500 0.000000 0.000000
 -0.140000 0.000000 0.000000
 -0.137500 0.000000 0.000000
 -0.135000 0.000000 0.000000
 -0.132500 0.000000 0.000000
 -0.130000 0.000000 0.000000
 -0.127500 0.000000 0.000000
 -0.125000 0.000000 0.000000
 -0.122500 0.000000 0.000000
 -0.120000 0.000000 0.000000
 -0.117500 0.000000 0.000000
 -0.115000 0.000000 0.000000
 -0.112500 0.000000 0.000000
 -0.110000 0.000000 0.000000
 -0.107500 0.000000 0.000000
 -0.105000 0.000000 0.000000
 -0.102500 0.000000 0.000000
 -0.100000 0.000000 0.000000
 -0.097500 0.000000 0.000000
 -0.095000 0.000000 0.000000
 -0.092500 0.000000 0.000000
 -0.090000 0.000000 0.000000
 -0.087500 0.000000 0.000000
 -0.085000 0.000000 0.000000
 -0.082500 0.000000 0.000000
 -0.080000 0.000000 0.000000
 -0.077500 0.000000 0.000000
 -0.075000 0.000000 0.000000
 -0.072500 0.000000 0.000000
 -0.070000 0.000000 0.000000
 -0.067500 0.000000 0.000000
 -0.065000 0.000000 0.000000
 -0.062500 0.000000 0.000000
 -0.060000 0.000000 0.000000
 -0.057500 0.000000 0.000000
 -0.055000 0.000000 0.000000
 -0.052500 0.000000 0.000000
 -0.050000 0.000000 0.000000
 -0.047500 0.000000 0.000000
 -0.045000 0.000000 0.000000
 -0.042500 0.000000 0.000000
 -0.040000 0.000000 0.000000
 -0.037500 0.000000 0.000000
 -0.035000 0.000000 0.000000
 -0.032500 0.000000 0.000000
 -0.030000 0.000000 0.000000
 -0.027500 0.000000 0.000000
 -0.025000 0.000000 0.000000
 -0.022500 0.000000 0.000000
 -0.020000 0.000000 0.000000
 -0.017500 0.000000 0.000000
 -0.015000 0.000000 0.000000
 -0.012500 0.000000 0.000000
 -0.010000 0.000000 0.000000
 -0.007500 0.000000 0.000000
 -0.005000 0.000000 0.000000
 -0.002500 0.000000 0.000000
 0.000000 0.000000 0.000000
 0.002500 0.000000 0.000000
 0.005000 0.000000 0.000000
 0.007500 0.000000 0.000000
 0.010000 0.000000 0.000000
 0.012500 0.000000 0.000000
 0.015000 0.000000 0.000000
 0.017500 0.000000 0.000000
 0.020000 0.000000 0.000000
 0.022500 0.000000 0.000000
 0.025000 0.000000 0.000000
 0.027500 0.000000 0.000000
 0.030000 0.000000 0.000000
 0.032500 0.000000 0.000000
 0.035000 0.000000 0.000000
 0.037500 0.000000 0.000000
 0.040000 0.000000 0.000000
 0.042500 0.000000 0.000000
 0.045000 0.000000 0.000000
 0.047500 0.000000 0.000000
 0.050000 0.000000 0.000000
 0.052500 0.000000 0.000000
 0.055000 0.000000 0.000000
 0.057500 0.000000 0.000000
 0.060000 0.000000 0.000000
 0.062500 0.000000 0.000000
 0.065000 0.000000 0.000000
 0.067500 0.000000 0.000000
 0.070000 0.000000 0.000000
 0.072500 0.000000 0.000000
 0.075000 0.000000 0.000000
 0.077500 0.000000 0.000000
 0.080000 0.000000 0.000000
 0.082500 0.000000 0.000000
 0.085000 0.000000 0.000000
 0.087500 0.000000 0.000000
 0.090000 0.000000 0.000000
 0.092500 0.000000 0.000000
 0.095000 0.000000 0.000000
 0.097500 0.000000 0.000000
 0.100000 0.000000 0.000000
 0.102500 0.000000 0.000000
 0.105000 0.000000 0.000000
 0.107500 0.000000 0.000000
 0.110000 0.000000 0.000000
 0.112500 0.000000 0.000000
 0.115000 0.000000 0.000000
 0.117500 0.000000 0.000000
 0.120000 0.000000 0.000000
 0.122500 0.000000 0.000000
 0.125000 0.000000 0.000000
 0.127500 0.000000 0.000000
 0.130000 0.000000 0.000000
 0.132500 0.000000 0.000000
 0.135000 0.000000 0.000000
 0.137500 0.000000 0.000000
 0.140000 0.000000 0.000000
 0.142500 0.000000 0.000000
 0.145000 0.000000 0.000000
 0.147500 0.000000 0.000000
 0.150000 0.000000 0.000000
 0.152500 0.000000 0.000000
 0.155000 0.000000 0.000000
 0.157500 0.000000 0.000000
 0.160000 0.000000 0.000000
 0.162500 0.000000 0.000000
 0.165000 0.000000 0.000000
 0.167500 0.000000 0.000000
 0.170000 0.000000 0.000000
 0.172500 0.000000 0.000000
 0.175000 0.000000 0.000000
 0.177500 0.000000 0.000000
 0.180000 0.000000 0.000000
 0.182500 0.000000 0.000000
 0.185000 0.000000 0.000000
 0.187500 0.000000 0.000000
 0.190000 0.000000 0.000000
 0.192500 0.000000 0.000000
 0.195000 0.000000 0.000000
 0.197500 0.000000 0.000000
 0.200000 0.000000 0.000000
 0.202500 0.000000 0.000000
 0.205000 0.000000 0.000000
 0.207500 0.000000 0.000000
 0.210000 0.000000 0.000000
 0.212500 0.000000 0.000000
 0.215000 0.000000 0.000000
 0.217500 0.000000 0.000000
 0.220000 0.000000 0.000000
 0.222500 0.000000 0.000000
 0.225000 0.000000 0.000000
 0.227500 0.000000 0.000000
 0.230000 0.000000 0.000000
 0.232500 0.000000 0.000000
 0.235000 0.000000 0.000000
 0.237500 0.000000 0.000000
 0.240000 0.000000 0.000000
 0.242500 0.000000 0.000000
 0.245000 0.000000 0.000000
 0.247500 0.000000 0.000000
 0.250000 0.000000 0.000000
 0.252500 0.000000 0.000000
 0.255000 0.000000 0.000000
 0.257500 0.000000 0.000000
 0.260000 0.000000 0.000000
 0.262500 0.000000 0.000000
 0.265000 0.000000 0.000000
 0.267500 0.000000 0.000000
 0.270000 0.000000 0.000000
 0.272500 0.000000 0.000000
 0.275000 0.000000 0.000000
 0.277500 0.000000 0.000000
 0.280000 0.000000 0.000000
 0.282500 0.000000 0.000000
 0.285000 0.000000 0.000000
 0.287500 0.000000 0.000000
 0.290000 0.000000 0.000000
 0.292500 0.000000 0.000000
 0.295000 0.000000 0.000000
 0.297500 0.000000 0.000000
 0.300000 0.000000 0.000000
 0.302500 0.000000 0.000000
 0.305000 0.000000 0.000000
 0.307500 0.000000 0.000000
 0.310000 0.000000 0.000000
 0.312500 0.000000 0.000000
 0.315000 0.000000 0.000000
 0.317500 0.000000 0.000000
 0.320000 0.000000 0.000000
 0.322500 0.000000 0.000000
 0.325000 0.000000 0.000000
 0.327500 0.000000 0.000000
 0.330000 0.000000 0.000000
 0.332500 0.000000 0.000000
 0.335000 0.000000 0.000000
 0.337500 0.000000 0.000000
 0.340000 0.000000 0.000000
 0.342500 0.000000 0.000000
 0.345000 0.000000 0.000000
 0.347500 0.000000 0.000000
 0.350000 0.000000 0.000000
 0.352500 0.000000 0.000000
 0.355000 0.000000 0.000000
 0.357500 0.000000 0.000000
 0.360000 0.000000 0.000000
 0.362500 0.000000 0.000000
 0.365000 0.000000 0.000000
 0.367500 0.000000 0.000000
 0.370000 0.000000 0.000000
 0.372500 0.000000 0.000000
 0.375000 0.000000 0.000000
 0.377500 0.000000 0.000000
 0.380000 0.000000 0.000000
 0.382500 0.000000 0.000000
 0.385000 0.000000 0.000000
 0.387500 0.000000 0.000000
 0.390000 0.000000 0.000000
 0.392500 0.000000 0.000000
 0.395000 0.000000 0.000000
 0.397500 0.000000 0.000000
 0.400000 0.000000 0.000000
 0.402500 0.000000 0.000000
 0.405000 0.000000 0.000000
 0.407500 0.000000 0.000000
 0.410000 0.000000 0.000000
 0.412500 0.000000 0.000000
 0.415000 0.000000 0.000000
 0.417500 0.000000 0.000000
 0.420000 0.000000 0.000000
 0.422500 0.000000 0.000000
 0.425000 0.000000 0.000000
 0.427500 0.000000 0.000000
 0.430000 0.000000 0.000000
 0.432500 0.000000 0.000000
 0.435000 0.000000 0.000000
 0.437500 0.000000 0.000000
 0.440000 0.000000 0.000000
 0.442500 0.000000 0.000000
 0.445000 0.000000 0.000000
 0.447500 0.000000 0.000000
 0.450000 0.000000 0.000000
 0.452500 0.000000 0.000000
 0.455000 0.000000 0.000000
 0.457500 0.000000 0.000000
 0.460000 0.000000 0.000000
 0.462500 0.000000 0.000000
 0.465000 0.000000 0.000000
 0.467500 0.000000 0.000000
 0.470000 0.000000 0.000000
 0.472500 0.000000 0.000000
 0.475000 0.000000 0.000000
 0.477500 0.000000 0.000000
 0.480000 0.000000 0.000000
 0.482500 0.000000 0.000000
 0.485000 0.000000 0.000000
 0.487500 0.000000 0.000000
 0.490000 0.000000 0.000000
 0.492500 0.000000 0.000000
 0.495000 0.000000 0.000000
 0.497500 0.000000 0.000000
 0.500000 0.000000 0.000000
 0.502500 0.000000 0.000000
 0.505000 0.000000 0.000000
 0.507500 0.000000 0.000000
 0.510000 0.000000 0.000000
 0.512500 0.000000 0.000000
 0.515000 0.000000 0.000000
 0.517500 0.000000 0.000000
 0.520000 0.000000 0.000000
 0.522500 0.000000 0.000000
 0.525000 0.000000 0.000000
 0.527500 0.000000 0.000000
 0.530000 0.000000 0.000000
 0.532500 0.000000 0.000000
 0.535000 0.000000 0.000000
 0.537500 0.000000 0.000000
 0.540000 0.000000 0.000000
 0.542500 0.000000 0.000000
 0.545000 0.000000 0.000000
 0.547500 0.000000 0.000000
 0.550000 0.000000 0.000000
 0.552500 0.000000 0.000000
 0.555000 0.000000 0.000000
 0.557500 0.000000 0.000000
 0.560000 0.000000 0.000000
 0.562500 0.000000 0.000000
 0.565000 0.000000 0.000000
 0.567500 0.000000 0.000000
 0.570000 0.000000 0.000000
 0.572500 0.000000 0.000000
 0.575000 0.000000 0.000000
 0.577500 0.000000 0.000000
 0.580000 0.000000 0.000000
 0.582500 0.000000 0.000000
 0.585000 0.000000 0.000000
 0.587500 0.000000 0.000000
 0.590000 0.000000 0.000000
 0.592500 0.000000 0.000000
 0.595000 0.000000 0.000000
 0.597500 0.000000 0.000000
 0.600000 0.000000 0.000000
 0.602500 0.000000 0.000000
 0.605000 0.000000 0.000000
 0.607500 0.000000 0.000000
 0.610000 0.000000 0.000000
 0.612500 0.000000 0.000000
 0.615000 0.000000 0.000000
 0.617500 0.000000 0.000000
 0.620000 0.000000 0.000000
 0.622500 0.000000 0.000000
 0.625000 0.000000 0.000000
 0.627500 0.000000 0.000000
 0.630000 0.000000 0.000000
 0.632500 0.000000 0.000000
 0.635000 0.000000 0.000000
 0.637500 0.000000 0.000000
 0.640000 0.000000 0.000000
 0.642500 0.000000 0.000000
 0.645000 0.000000 0.000000
 0.647500 0.000000 0.000000
 0.650000 0.000000 0.000000
 0.652500 0.000000 0.000000
 0.655000 0.000000 0.000000
 0.657500 0.000000 0.000000
 0.660000 0.000000 0.000000
 0.662500 0.000000 0.000000
 0.665000 0.000000 0.000000
 0.667500 0.000000 0.000000
 0.670000 0.000000 0.000000
 0.672500 0.000000 0.000000
 0.675000 0.000000 0.000000
 0.677500 0.000000 0.000000
 0.680000 0.000000 0.000000
 0.682500 0.000000 0.000000
 0.685000 0.000000 0.000000
 0.687500 0.000000 0.000000
 0.690000 0.000000 0.000000
 0.692500 0.000000 0.000000
 0.695000 0.000000 0.000000
 0.697500 0.000000 0.000000
 0.700000 0.000000 0.000000
 0.702500 0.000000 0.000000
 0.705000 0.000000 0.000000
 0.707500 0.000000 0.000000
 0.710000 0.000000 0.000000
 0.712500 0.000000 0.000000
 0.715000 0.000000 0.000000
 0.717500 0.000000 0.000000
 0.720000 0.000000 0.000000
 0.722500 0.000000 0.000000
 0.725000 0.000000 0.000000
 0.727500 0.000000 0.000000
 0.730000 0.000000 0.000000
 0.732500 0.000000 0.000000
 0.735000 0.000000 0.000000
 0.737500 0.000000 0.000000
 0.740000 0.000000 0.000000
 0.742500 0.000000 0.000000
 0.745000 0.000000 0.000000
 0.747500 0.000000 0.000000
 0.750000 0.000000 0.000000
 0.752500 0.000001 0.000247
 0.755000 0.000002 0.000575
 0.757500 0.000004 0.001249
 0.760000 0.000008 0.002535
 0.762500 0.000017 0.004799
 0.765000 0.000034 0.008629
 0.767500 0.000062 0.014284
 0.770000 0.000107 0.022035
 0.772500 0.000174 0.031645
 0.775000 0.000266 0.042260
 0.777500 0.000385 0.052615
 0.780000 0.000528 0.060732
 0.782500 0.000686 0.065108
 0.785000 0.000849 0.064882
 0.787500 0.001007 0.060254
 0.790000 0.001148 0.052566
 0.792500 0.001268 0.043420
 0.795000 0.001366 0.034511
 0.797500 0.001442 0.026982
 0.800000 0.001502 0.020925
 0.802500 0.001548 0.016117
 0.805000 0.001583 0.012178
 0.807500 0.001610 0.008989
 0.810000 0.001629 0.006956
 0.812500 0.001646 0.006638
 0.815000 0.001665 0.008517
 0.817500 0.001691 0.012596
 0.820000 0.001730 0.018509
 0.822500 0.001785 0.025215
 0.825000 0.001856 0.031628
 0.827500 0.001943 0.037733
 0.830000 0.002045 0.044314
 0.832500 0.002166 0.052977
 0.835000 0.002313 0.065952
 0.837500 0.002500 0.083863
 0.840000 0.002737 0.105507
 0.842500 0.003027 0.126511
 0.845000 0.003364 0.141503
 0.847500 0.003727 0.146125
 0.850000 0.004086 0.138747
 0.852500 0.004416 0.122615
 0.855000 0.004700 0.104833
 0.857500 0.004947 0.095377
 0.860000 0.005195 0.106129
 0.862500 0.005503 0.145351
 0.865000 0.005952 0.217848
 0.867500 0.006625 0.322722
 0.870000 0.007593 0.452802
 0.872500 0.008906 0.597453
 0.875000 0.010587 0.745989
 0.877500 0.012635 0.888247
 0.880000 0.015025 1.018026
 0.882500 0.017721 1.134451
 0.885000 0.020698 1.244300
 0.887500 0.023951 1.358744
 0.890000 0.027516 1.493127
 0.892500 0.031454 1.656776
 0.895000 0.035839 1.849939
 0.897500 0.040740 2.065457
 0.900000 0.046186 2.285990
 0.902500 0.052184 2.503874
 0.905000 0.058734 2.727594
 0.907500 0.065872 2.982272
 0.910000 0.073735 3.314644
 0.912500 0.082587 3.777501
 0.915000 0.092798 4.405992
 0.917500 0.104810 5.214238
 0.920000 0.119041 6.176405
 0.922500 0.135837 7.252892
 0.925000 0.155420 8.394105
 0.927500 0.177898 9.566956
 0.930000 0.203348 10.772085
 0.932500 0.231890 12.045108
 0.935000 0.263762 13.441458
 0.937500 0.299346 15.019914
 0.940000 0.339171 16.824099
 0.942500 0.383796 18.862609
 0.945000 0.433828 21.139311
 0.947500 0.489853 23.649034
 0.950000 0.552461 26.403836
 0.952500 0.622314 29.447159
 0.955000 0.700217 32.850898
 0.957500 0.787206 36.712227
 0.960000 0.884538 41.135214
 0.962500 0.993768 46.234784
 0.965000 1.116725 52.107803
 0.967500 1.255408 58.823960
 0.970000 1.411979 66.401504
 0.972500 1.588574 74.823161
 0.975000 1.787265 84.047222
 0.977500 2.010029 94.040857
 0.980000 2.258736 104.794944
 0.982500 2.535342 116.355208
 0.985000 2.841946 128.773171
 0.987500 3.180746 142.093315
 0.990000 3.553928 156.285113
 0.992500 3.963664 171.268373
 0.995000 4.411699 186.891886
 0.997500 4.899410 202.960637
 1.000000 5.427587 219.251972
 1.002500 5.996533 235.507615
 1.005000 6.605687 251.327576
 1.007500 7.253215 266.117940
 1.010000 7.935657 279.102960
 1.012500 8.647218 289.291056
 1.015000 9.379709 295.697758
 1.017500 10.122454 297.421215
 1.020000 10.862930 293.810808
 1.022500 11.587185 284.512433
 1.025000 12.280899 269.437260
 1.027500 12.929684 248.630879
 1.030000 13.519338 222.184368
 1.032500 14.035701 190.069631
 1.035000 14.464505 152.166175
 1.037500 14.791051 108.321209
 1.040000 15.000452 58.525442
 1.042500 15.078128 3.132568
 1.045000 15.011108 -56.993364
 1.047500 14.789339 -120.310047
 1.050000 14.407469 -184.618981
 1.052500 13.866278 -247.198875
 1.055000 13.173757 -305.080701
 1.057500 12.345398 -355.371193
 1.060000 11.403440 -395.533642
 1.062500 10.375669 -423.704889
 1.065000 9.293506 -438.880093
 1.067500 8.189832 -440.974630
 1.070000 7.096541 -430.677843
 1.072500 6.042956 -409.462253
 1.075000 5.053985 -379.311753
 1.077500 4.149146 -342.579860
 1.080000 3.341742 -301.713400
 1.082500 2.639061 -259.173655
 1.085000 2.042525 -217.170774
 1.087500 1.548393 -177.479542
 1.090000 1.149210 -141.489616
 1.092500 0.834528 -109.981363
 1.095000 0.592644 -83.355277
 1.097500 0.411302 -61.563149
 1.100000 0.278860 -44.321292
 1.102500 0.184512 -31.061719
 1.105000 0.119085 -21.192624
 1.107500 0.074862 -14.050686
 1.110000 0.045849 -9.068063
 1.112500 0.027280 -5.674322
 1.115000 0.015768 -3.447461
 1.117500 0.008831 -2.027588
 1.120000 0.004783 -1.152572
 1.122500 0.002490 -0.628182
 1.125000 0.001249 -0.330277
 1.127500 0.000600 -0.166082
 1.130000 0.000271 -0.078218
 1.132500 0.000121 -0.036952
 1.135000 0.000047 -0.014920
 1.137500 0.000018 -0.005769
 1.140000 0.000005 -0.001807
 1.142500 0.000002 -0.000809
 1.145000 0.000000 0.000000
 1.147500 0.000000 0.000000
 1.150000 0.000000 0.000000
 1.152500 0.000000 0.000000
 1.155000 0.000000 0.000000
 1.157500 0.000000 0.000000
 1.160000 0.000000 0.000000
 1.162500 0.000000 0.000000
 1.165000 0.000000 0.000000
 1.167500 0.000000 0.000000
 1.170000 0.000000 0.000000
 1.172500 0.000000 0.000000
 1.175000 0.000000 0.000000
 1.177500 0.000000 0.000000
 1.180000 0.000000 0.000000
 1.182500 0.000000 0.000000
 1.185000 0.000000 0.000000
 1.187500 0.000000 0.000000
 1.190000 0.000000 0.000000
 1.192500 0.000000 0.000000
 1.195000 0.000000 0.000000
 1.197500 0.000000 0.000000
 1.200000 0.000000 0.000000
 1.202500 0.000000 0.000000
 1.205000 0.000000 0.000000
 1.207500 0.000000 0.000000
 1.210000 0.000000 0.000000
 1.212500 0.000000 0.000000
 1.215000 0.000000 0.000000
 1.217500 0.000000 0.000000
 1.220000 0.000000 0.000000
 1.222500 0.000000 0.000000
 1.225000 0.000000 0.000000
 1.227500 0.000000 0.000000
 1.230000 0.000000 0.000000
 1.232500 0.000000 0.000000
 1.235000 0.000000 0.000000
 1.237500 0.000000 0.000000
 1.240000 0.000000 0.000000
 1.242500 0.000000 0.000000
 1.245000 0.000000 0.000000
 1.247500 0.000000 0.000000
 1.250000 0.000000 0.000000
 1.252500 0.000000 0.000000
 1.255000 0.000000 0.000000
 1.257500 0.000000 0.000000
 1.260000 0.000000 0.000000
 1.262500 0.000000 0.000000
 1.265000 0.000000 0.000000
 1.267500 0.000000 0.000000
 1.270000 0.000000 0.000000
 1.272500 0.000000 0.000000
 1.275000 0.000000 0.000000
 1.277500 0.000000 0.000000
 1.280000 0.000000 0.000000
 1.282500 0.000000 0.000000
 1.285000 0.000000 0.000000
 1.287500 0.000000 0.000000
 1.290000 0.000000 0.000000
 1.292500 0.000000 0.000000
 1.295000 0.000000 0.000000
 1.297500 0.000000 0.000000
 1.300000 0.000000 0.000000
 1.302500 0.000000 0.000000
 1.305000 0.000000 0.000000
 1.307500 0.000000 0.000000
 1.310000 0.000000 0.000000
 1.312500 0.000000 0.000000
 1.315000 0.000000 0.000000
 1.317500 0.000000 0.000000
 1.320000 0.000000 0.000000
 1.322500 0.000000 0.000000
 1.325000 0.000000 0.000000
 1.327500 0.000000 0.000000
 1.330000 0.000000 0.000000
 1.332500 0.000000 0.000000
 1.335000 0.000000 0.000000
 1.337500 0.000000 0.000000
 1.340000 0.000000 0.000000
 1.342500 0.000000 0.000000
 1.345000 0.000000 0.000000
 1.347500 0.000000 0.000000
 1.350000 0.000000 0.000000
 1.352500 0.000000 0.000000
 1.355000 0.000000 0.000000
 1.357500 0.000000 0.000000
 1.360000 0.000000 0.000000
 1.362500 0.000000 0.000000
 1.365000 0.000000 0.000000
 1.367500 0.000000 0.000000
 1.370000 0.000000 0.000000
 1.372500 0.000000 0.000000
 1.375000 0.000000 0.000000
 1.377500 0.000000 0.000000
 1.380000 0.000000 0.000000
 1.382500 0.000000 0.000000
 1.385000 0.000000 0.000000
 1.387500 0.000000 0.000000
 1.390000 0.000000 0.000000
 1.392500 0.000000 0.000000
 1.395000 0.000000 0.000000
 1.397500 0.000000 0.000000
 1.400000 0.000000 0.000000
 1.402500 0.000000 0.000000
 1.405000 0.000000 0.000000
 1.407500 0.000000 0.000000
 1.410000 0.000000 0.000000
 1.412500 0.000000 0.000000
 1.415000 0.000000 0.000000
 1.417500 0.000000 0.000000
 1.420000 0.000000 0.000000
 1.422500 0.000000 0.000000
 1.425000 0.000000 0.000000
 1.427500 0.000000 0.000000
 1.430000 0.000000 0.000000
 1.432500 0.000000 0.000000
 1.435000 0.000000 0.000000
 1.437500 0.000000 0.000000
 1.440000 0.000000 0.000000
 1.442500 0.000000 0.000000
 1.445000 0.000000 0.000000
 1.447500 0.000000 0.000000
 1.450000 0.000000 0.000000
 1.452500 0.000000 0.000000
 1.455000 0.000000 0.000000
 1.457500 0.000000 0.000000
 1.460000 0.000000 0.000000
 1.462500 0.000000 0.000000
 1.465000 0.000000 0.000000
 1.467500 0.000000 0.000000
 1.470000 0.000000 0.000000
 1.472500 0.000000 0.000000
 1.475000 0.000000 0.000000
 1.477500 0.000000 0.000000
 1.480000 0.000000 0.000000
 1.482500 0.000000 0.000000
 1.485000 0.000000 0.000000
 1.487500 0.000000 0.000000
 1.490000 0.000000 0.000000
 1.492500 0.000000 0.000000
 1.495000 0.000000 0.000000
 1.497500 0.000000 0.000000
 1.500000 0.000000 0.000000
 1.502500 0.000000 0.000000
 1.505000 0.000000 0.000000
 1.507500 0.000000 0.000000
 1.510000 0.000000 0.000000
 1.512500 0.000000 0.000000
 1.515000 0.000000 0.000000
 1.517500 0.000000 0.000000
 1.520000 0.000000 0.000000
 1.522500 0.000000 0.000000
 1.525000 0.000000 0.000000
 1.527500 0.000000 0.000000
 1.530000 0.000000 0.000000
 1.532500 0.000000 0.000000
 1.535000 0.000000 0.000000
 1.537500 0.000000 0.000000
 1.540000 0.000000 0.000000
 1.542500 0.000000 0.000000
 1.545000 0.000000 0.000000
 1.547500 0.000000 0.000000
 1.550000 0.000000 0.000000
 1.552500 0.000000 0.000000
 1.555000 0.000000 0.000000
 1.557500 0.000000 0.000000
 1.560000 0.000000 0.000000
 1.562500 0.000000 0.000000
 1.565000 0.000000 0.000000
 1.567500 0.000000 0.000000
 1.570000 0.000000 0.000000
 1.572500 0.000000 0.000000
 1.575000 0.000000 0.000000
 1.577500 0.000000 0.000000
 1.580000 0.000000 0.000000
 1.582500 0.000000 0.000000
 1.585000 0.000000 0.000000
 1.587500 0.000000 0.000000
 1.590000 0.000000 0.000000
 1.592500 0.000000 0.000000
 1.595000 0.000000 0.000000
 1.597500 0.000000 0.000000
 1.600000 0.000000 0.000000
 1.602500 0.000000 0.000000
 1.605000 0.000000 0.000000
 1.607500 0.000000 0.000000
 1.610000 0.000000 0.000000
 1.612500 0.000000 0.000000
 1.615000 0.000000 0.000000
 1.617500 0.000000 0.000000
 1.620000 0.000000 0.000000
 1.622500 0.000000 0.000000
 1.625000 0.000000 0.000000
 1.627500 0.000000 0.000000
 1.630000 0.000000 0.000000
 1.632500 0.000000 0.000000
 1.635000 0.000000 0.000000
 1.637500 0.000000 0.000000
 1.640000 0.000000 0.000000
 1.642500 0.000000 0.000000
 1.645000 0.000000 0.000000
 1.647500 0.000000 0.000000
 1.650000 0.000000 0.000000
 1.652500 0.000000 0.000000
 1.655000 0.000000 0.000000
 1.657500 0.000000 0.000000
 1.660000 0.000000 0.000000
 1.662500 0.000000 0.000000
 1.665000 0.000000 0.000000
 1.667500 0.000000 0.000000
 1.670000 0.000000 0.000000
 1.672500 0.000000 0.000000
 1.675000 0.000000 0.000000
 1.677500 0.000000 0.000000
 1.680000 0.000000 0.000000
 1.682500 0.000000 0.000000
 1.685000 0.000000 0.000000
 1.687500 0.000000 0.000000
 1.690000 0.000000 0.000000
 1.692500 0.000000 0.000000
 1.695000 0.000000 0.000000
 1.697500 0.000000 0.000000
 1.700000 0.000000 0.000000
 1.702500 0.000000 0.000000
 1.705000 0.000000 0.000000
 1.707500 0.000000 0.000000
 1.710000 0.000000 0.000000
 1.712500 0.000000 0.000000
 1.715000 0.000000 0.000000
 1.717500 0.000000 0.000000
 1.720000 0.000000 0.000000
 1.722500 0.000000 0.000000
 1.725000 0.000000 0.000000
 1.727500 0.000000 0.000000
 1.730000 0.000000 0.000000
 1.732500 0.000000 0.000000
 1.735000 0.000000 0.000000
 1.737500 0.000000 0.000000
 1.740000 0.000000 0.000000
 1.742500 0.000000 0.000000
 1.745000 0.000000 0.000000
 1.747500 0.000000 0.000000
 1.750000 0.000000 0.000000
 1.752500 0.000000 0.000000
 1.755000 0.000000 0.000000
 1.757500 0.000000 0.000000
 1.760000 0.000000 0.000000
 1.762500 0.000000 0.000000
 1.765000 0.000000 0.000000
 1.767500 0.000000 0.000000
 1.770000 0.000000 0.000000
 1.772500 0.000000 0.000000
 1.775000 0.000000 0.000000
 1.777500 0.000000 0.000000
 1.780000 0.000000 0.000000
 1.782500 0.000000 0.000000
 1.785000 0.000000 0.000000
 1.787500 0.000000 0.000000
 1.790000 0.000000 0.000000
 1.792500 0.000000 0.000000
 1.795000 0.000000 0.000000
 1.797500 0.000000 0.000000
 1.800000 0.000000 0.000000
 1.802500 0.000000 0.000000
 1.805000 0.000000 0.000000
 1.807500 0.000000 0.000000
 1.810000 0.000000 0.000000
 1.812500 0.000000 0.000000
 1.815000 0.000000 0.000000
 1.817500 0.000000 0.000000
 1.820000 0.000000 0.000000
 1.822500 0.000000 0.000000
 1.825000 0.000000 0.000000
 1.827500 0.000000 0.000000
 1.830000 0.000000 0.000000
 1.832500 0.000000 0.000000
 1.835000 0.000000 0.000000
 1.837500 0.000000 0.000000
 1.840000 0.000000 0.000000
 1.842500 0.000000 0.000000
 1.845000 0.000000 0.000000
 1.847500 0.000000 0.000000
 1.850000 0.000000 0.000000
 1.852500 0.000000 0.000000
 1.855000 0.000000 0.000000
 1.857500 0.000000 0.000000
 1.860000 0.000000 0.000000
 1.862500 0.000000 0.000000
 1.865000 0.000000 0.000000
 1.867500 0.000000 0.000000
 1.870000 0.000000 0.000000
 1.872500 0.000000 0.000000
 1.875000 0.000000 0.000000
 1.877500 0.000000 0.000000
 1.880000 0.000000 0.000000
 1.882500 0.000000 0.000000
 1.885000 0.000000 0.000000
 1.887500 0.000000 0.000000
 1.890000 0.000000 0.000000
 1.892500 0.000000 0.000000
 1.895000 0.000000 0.000000
 1.897500 0.000000 0.000000
 1.900000 0.000000 0.000000
 1.902500 0.000000 0.000000
 1.905000 0.000000 0.000000
 1.907500 0.000000 0.000000
 1.910000 0.000000 0.000000
 1.912500 0.000000 0.000000
 1.915000 0.000000 0.000000
 1.917500 0.000000 0.000000
 1.920000 0.000000 0.000000
 1.922500 0.000000 0.000000
 1.925000 0.000000 0.000000
 1.927500 0.000000 0.000000
 1.930000 0.000000 0.000000
 1.932500 0.000000 0.000000
 1.935000 0.000000 0.000000
 1.937500 0.000000 0.000000
 1.940000 0.000000 0.000000
 1.942500 0.000000 0.000000
 1.945000 0.000000 0.000000
 1.947500 0.000000 0.000000
 1.950000 0.000000 0.000000
 1.952500 0.000000 0.000000
 1.955000 0.000000 0.000000
 1.957500 0.000000 0.000000
 1.960000 0.000000 0.000000
 1.962500 0.000000 0.000000
 1.965000 0.000000 0.000000
 1.967500 0.000000 0.000000
 1.970000 0.000000 0.000000
 1.972500 0.000000 0.000000
 1.975000 0.000000 0.000000
 1.977500 0.000000 0.000000
 1.980000 0.000000 0.000000
 1.982500 0.000000 0.000000
 1.985000 0.000000 0.000000
 1.987500 0.000000 0.000000
 1.990000 0.000000 0.000000
 1.992500 0.000000 0.000000
 1.995000 0.000000 0.000000
 1.997500 0.000000 0.000000
 2.000000 0.000000 0.000000
