#! FIELDS time refcv.mean refcv.morethan-1 refcv.morethan-2 uwall.bias uwall.force2 lwall.bias lwall.force2
 0.000000 0.897187 341.181730 357.000000 0.000000 0.000000 0.000000 0.000000
 0.250000 0.905097 351.688564 363.000000 0.000000 0.000000 0.000000 0.000000
 0.500000 0.908033 354.893683 368.000000 0.000000 0.000000 0.000000 0.000000
 0.750000 0.907381 354.936739 369.000000 0.000000 0.000000 0.000000 0.000000
 1.000000 0.903669 349.771469 364.000000 0.000000 0.000000 0.000000 0.000000
 1.250000 0.906981 354.803819 370.000000 0.000000 0.000000 0.000000 0.000000
 1.500000 0.904732 344.775449 351.000000 0.000000 0.000000 0.000000 0.000000
 1.750000 0.902038 346.652812 357.000000 0.000000 0.000000 0.000000 0.000000
 2.000000 0.905579 355.731202 367.889746 0.000000 0.000000 0.000000 0.000000
 2.250000 0.904641 351.256388 359.000000 0.000000 0.000000 0.000000 0.000000
 2.500000 0.909867 358.256265 366.000000 0.000000 0.000000 0.000000 0.000000
 2.750000 0.908537 356.550865 369.000000 0.000000 0.000000 0.000000 0.000000
 3.000000 0.906937 353.061903 368.000000 0.000000 0.000000 0.000000 0.000000
 3.250000 0.909554 354.669544 364.255026 0.000000 0.000000 0.000000 0.000000
 3.500000 0.907151 350.774376 359.000000 0.000000 0.000000 0.000000 0.000000
 3.750000 0.905570 348.351390 356.000000 0.000000 0.000000 0.000000 0.000000
 4.000000 0.907216 353.353534 359.000000 0.000000 0.000000 0.000000 0.000000
 4.250000 0.910999 359.512314 368.000000 0.000000 0.000000 0.000000 0.000000
 4.500000 0.911421 359.548397 368.000000 0.000000 0.000000 0.000000 0.000000
 4.750000 0.909292 355.449735 359.000000 0.000000 0.000000 0.000000 0.000000
 5.000000 0.907758 355.931409 368.000000 0.000000 0.000000 0.000000 0.000000
 5.250000 0.909500 358.409320 369.000000 0.000000 0.000000 0.000000 0.000000
 5.500000 0.910993 356.456918 367.000000 0.000000 0.000000 0.000000 0.000000
 5.750000 0.905626 350.131327 360.000000 0.000000 0.000000 0.000000 0.000000
 6.000000 0.911113 358.264281 366.000000 0.000000 0.000000 0.000000 0.000000
 6.250000 0.907784 351.677038 363.000000 0.000000 0.000000 0.000000 0.000000
 6.500000 0.904092 351.132749 364.000000 0.000000 0.000000 0.000000 0.000000
 6.750000 0.907385 353.147708 364.000000 0.000000 0.000000 0.000000 0.000000
 7.000000 0.905582 349.144685 354.000000 0.000000 0.000000 0.000000 0.000000
 7.250000 0.906729 352.205751 363.000000 0.000000 0.000000 0.000000 0.000000
 7.500000 0.907641 354.401636 365.000000 0.000000 0.000000 0.000000 0.000000
 7.750000 0.911983 358.449138 361.000000 0.000000 0.000000 0.000000 0.000000
 8.000000 0.905613 350.923432 360.000000 0.000000 0.000000 0.000000 0.000000
 8.250000 0.901211 346.148912 359.000000 0.000000 0.000000 0.000000 0.000000
 8.500000 0.902288 348.512681 362.927857 0.000000 0.000000 0.000000 0.000000
 8.750000 0.910008 355.972552 365.000000 0.000000 0.000000 0.000000 0.000000
 9.000000 0.909837 352.283801 365.000000 0.000000 0.000000 0.000000 0.000000
 9.250000 0.907328 352.276454 368.000000 0.000000 0.000000 0.000000 0.000000
 9.500000 0.908367 353.598579 363.453631 0.000000 0.000000 0.000000 0.000000
 9.750000 0.910033 354.342928 362.000000 0.000000 0.000000 0.000000 0.000000
 10.000000 0.905168 350.574943 363.000000 0.000000 0.000000 0.000000 0.000000
 10.250000 0.909585 354.166050 362.000000 0.000000 0.000000 0.000000 0.000000
 10.500000 0.909275 353.971144 361.000000 0.000000 0.000000 0.000000 0.000000
 10.750000 0.905345 348.286353 355.000000 0.000000 0.000000 0.000000 0.000000
 11.000000 0.899456 338.572677 355.000000 0.000000 0.000000 0.000000 0.000000
 11.250000 0.909958 354.970704 362.000000 0.000000 0.000000 0.000000 0.000000
 11.500000 0.904011 344.760227 356.000000 0.000000 0.000000 0.000000 0.000000
 11.750000 0.900991 345.297397 360.000000 0.000000 0.000000 0.000000 0.000000
 12.000000 0.912822 362.139527 370.000000 0.000000 0.000000 0.000000 0.000000
 12.250000 0.909333 354.451220 362.000000 0.000000 0.000000 0.000000 0.000000
 12.500000 0.901313 344.852205 356.000000 0.000000 0.000000 0.000000 0.000000
 12.750000 0.900291 340.233560 346.000000 0.000000 0.000000 0.000000 0.000000
 13.000000 0.901261 344.345665 359.000000 0.000000 0.000000 0.000000 0.000000
 13.250000 0.908293 354.293984 358.000000 0.000000 0.000000 0.000000 0.000000
 13.500000 0.914602 360.515740 368.000000 0.000000 0.000000 0.000000 0.000000
 13.750000 0.910737 358.785244 374.000000 0.000000 0.000000 0.000000 0.000000
 14.000000 0.910303 354.704351 365.000000 0.000000 0.000000 0.000000 0.000000
 14.250000 0.915251 357.166457 362.000000 0.000000 0.000000 0.000000 0.000000
 14.500000 0.909495 354.832779 358.000000 0.000000 0.000000 0.000000 0.000000
 14.750000 0.912148 353.904035 358.000000 0.000000 0.000000 0.000000 0.000000
 15.000000 0.908777 350.181775 359.000000 0.000000 0.000000 0.000000 0.000000
 15.250000 0.910350 353.061097 360.000000 0.000000 0.000000 0.000000 0.000000
 15.500000 0.911083 353.328737 356.000000 0.000000 0.000000 0.000000 0.000000
 15.750000 0.912629 354.823028 363.000000 0.000000 0.000000 0.000000 0.000000
 16.000000 0.909331 350.452071 355.000000 0.000000 0.000000 0.000000 0.000000
 16.250000 0.908130 349.959662 357.000000 0.000000 0.000000 0.000000 0.000000
 16.500000 0.909536 354.606108 361.000000 0.000000 0.000000 0.000000 0.000000
 16.750000 0.913202 356.082690 366.000000 0.000000 0.000000 0.000000 0.000000
 17.000000 0.904611 344.400645 356.945215 0.000000 0.000000 0.000000 0.000000
 17.250000 0.907743 349.068159 361.000000 0.000000 0.000000 0.000000 0.000000
 17.500000 0.911520 354.210361 361.000000 0.000000 0.000000 0.000000 0.000000
 17.750000 0.912009 351.731947 359.000000 0.000000 0.000000 0.000000 0.000000
 18.000000 0.908423 348.290120 353.000000 0.000000 0.000000 0.000000 0.000000
 18.250000 0.905397 347.442414 359.000000 0.000000 0.000000 0.000000 0.000000
 18.500000 0.907426 347.494097 356.810698 0.000000 0.000000 0.000000 0.000000
 18.750000 0.911251 352.279674 355.000000 0.000000 0.000000 0.000000 0.000000
 19.000000 0.902894 341.574286 352.000000 0.000000 0.000000 0.000000 0.000000
 19.250000 0.906136 346.282096 353.000000 0.000000 0.000000 0.000000 0.000000
 19.500000 0.900345 337.200480 349.000000 0.000000 0.000000 0.000000 0.000000
 19.750000 0.899645 337.838054 351.000000 0.000000 0.000000 0.000000 0.000000
 20.000000 0.907019 346.526362 356.000000 0.000000 0.000000 0.000000 0.000000
 20.250000 0.905603 344.049621 347.000000 0.000000 0.000000 0.000000 0.000000
 20.500000 0.903029 343.631722 351.000000 0.000000 0.000000 0.000000 0.000000
 20.750000 0.901513 338.116944 356.000000 0.000000 0.000000 0.000000 0.000000
 21.000000 0.904560 343.083819 352.000000 0.000000 0.000000 0.000000 0.000000
 21.250000 0.900387 335.362873 348.000000 0.000000 0.000000 0.405931 1.623725
 21.500000 0.901635 339.133897 350.000000 0.000000 0.000000 0.000000 0.000000
 21.750000 0.901019 336.332605 344.000000 0.000000 0.000000 0.000000 0.000000
 22.000000 0.900760 340.383754 350.000000 0.000000 0.000000 0.000000 0.000000
 22.250000 0.901573 343.956029 357.000000 0.000000 0.000000 0.000000 0.000000
 22.500000 0.904417 348.942215 361.000000 0.000000 0.000000 0.000000 0.000000
 22.750000 0.901017 340.255452 347.000000 0.000000 0.000000 0.000000 0.000000
 23.000000 0.901443 341.402754 350.000000 0.000000 0.000000 0.000000 0.000000
 23.250000 0.903534 350.205189 359.000000 0.000000 0.000000 0.000000 0.000000
 23.500000 0.903847 347.327414 357.384129 0.000000 0.000000 0.000000 0.000000
 23.750000 0.906162 347.967272 355.000000 0.000000 0.000000 0.000000 0.000000
 24.000000 0.898924 338.912039 353.000000 0.000000 0.000000 0.000000 0.000000
 24.250000 0.900485 347.337722 366.000000 0.000000 0.000000 0.000000 0.000000
 24.500000 0.907316 352.784935 368.000000 0.000000 0.000000 0.000000 0.000000
 24.750000 0.902181 344.221908 358.000000 0.000000 0.000000 0.000000 0.000000
 25.000000 0.897923 338.352119 350.000000 0.000000 0.000000 0.000000 0.000000
 25.250000 0.900924 341.664679 350.000000 0.000000 0.000000 0.000000 0.000000
 25.500000 0.909607 354.904189 359.000000 0.000000 0.000000 0.000000 0.000000
 25.750000 0.904198 343.516413 351.000000 0.000000 0.000000 0.000000 0.000000
 26.000000 0.907953 352.930138 358.000000 0.000000 0.000000 0.000000 0.000000
 26.250000 0.897997 333.709965 348.000000 0.000000 0.000000 5.244261 20.977043
 26.500000 0.904583 347.520161 361.000000 0.000000 0.000000 0.000000 0.000000
 26.750000 0.903745 345.232554 361.000000 0.000000 0.000000 0.000000 0.000000
 27.000000 0.901184 342.588727 353.000000 0.000000 0.000000 0.000000 0.000000
 27.250000 0.901043 343.679694 351.000000 0.000000 0.000000 0.000000 0.000000
 27.500000 0.901111 340.523806 347.000000 0.000000 0.000000 0.000000 0.000000
 27.750000 0.905662 341.531598 348.000000 0.000000 0.000000 0.000000 0.000000
 28.000000 0.902974 342.755131 359.000000 0.000000 0.000000 0.000000 0.000000
 28.250000 0.906333 346.581640 357.000000 0.000000 0.000000 0.000000 0.000000
 28.500000 0.906858 348.951889 359.000000 0.000000 0.000000 0.000000 0.000000
 28.750000 0.907102 342.291834 351.000000 0.000000 0.000000 0.000000 0.000000
 29.000000 0.903011 339.797434 347.000000 0.000000 0.000000 0.000000 0.000000
 29.250000 0.901552 339.841668 357.000000 0.000000 0.000000 0.000000 0.000000
 29.500000 0.906360 343.051545 346.000000 0.000000 0.000000 0.000000 0.000000
 29.750000 0.907228 346.162846 350.000000 0.000000 0.000000 0.000000 0.000000
 30.000000 0.907072 346.749203 358.056251 0.000000 0.000000 0.000000 0.000000
 30.250000 0.906153 349.606362 363.000000 0.000000 0.000000 0.000000 0.000000
 30.500000 0.904801 345.487581 352.000000 0.000000 0.000000 0.000000 0.000000
 30.750000 0.908014 352.201164 362.000000 0.000000 0.000000 0.000000 0.000000
 31.000000 0.904267 348.118269 356.000000 0.000000 0.000000 0.000000 0.000000
 31.250000 0.908255 351.184857 364.000000 0.000000 0.000000 0.000000 0.000000
 31.500000 0.901744 342.956157 355.000000 0.000000 0.000000 0.000000 0.000000
 31.750000 0.902868 346.546358 361.000000 0.000000 0.000000 0.000000 0.000000
 32.000000 0.903823 346.831299 356.000000 0.000000 0.000000 0.000000 0.000000
 32.250000 0.909588 352.669873 360.000000 0.000000 0.000000 0.000000 0.000000
 32.500000 0.905215 353.563843 361.000000 0.000000 0.000000 0.000000 0.000000
 32.750000 0.900649 346.563098 359.000000 0.000000 0.000000 0.000000 0.000000
 33.000000 0.904436 347.510280 358.000000 0.000000 0.000000 0.000000 0.000000
 33.250000 0.909272 352.048798 363.000000 0.000000 0.000000 0.000000 0.000000
 33.500000 0.905407 347.563738 359.000000 0.000000 0.000000 0.000000 0.000000
 33.750000 0.900388 341.158224 354.000000 0.000000 0.000000 0.000000 0.000000
 34.000000 0.908738 354.757561 364.000000 0.000000 0.000000 0.000000 0.000000
 34.250000 0.914790 362.758860 371.000000 0.000000 0.000000 0.000000 0.000000
 34.500000 0.910203 354.125146 366.000000 0.000000 0.000000 0.000000 0.000000
 34.750000 0.902629 344.376244 360.000000 0.000000 0.000000 0.000000 0.000000
 35.000000 0.908009 353.309818 369.000000 0.000000 0.000000 0.000000 0.000000
 35.250000 0.905811 347.918182 359.000000 0.000000 0.000000 0.000000 0.000000
 35.500000 0.902898 346.363291 355.000000 0.000000 0.000000 0.000000 0.000000
 35.750000 0.907415 349.655551 359.000000 0.000000 0.000000 0.000000 0.000000
 36.000000 0.901220 345.247788 363.000000 0.000000 0.000000 0.000000 0.000000
 36.250000 0.908824 354.058959 355.000000 0.000000 0.000000 0.000000 0.000000
 36.500000 0.905892 348.298411 363.000000 0.000000 0.000000 0.000000 0.000000
 36.750000 0.904663 346.952238 359.000000 0.000000 0.000000 0.000000 0.000000
 37.000000 0.908711 349.531967 356.000000 0.000000 0.000000 0.000000 0.000000
 37.250000 0.906232 347.120568 351.000000 0.000000 0.000000 0.000000 0.000000
 37.500000 0.907177 351.351845 358.000000 0.000000 0.000000 0.000000 0.000000
 37.750000 0.907804 347.672974 350.000000 0.000000 0.000000 0.000000 0.000000
 38.000000 0.912948 357.277700 363.000000 0.000000 0.000000 0.000000 0.000000
 38.250000 0.913625 357.032127 356.959935 0.000000 0.000000 0.000000 0.000000
 38.500000 0.910040 354.210381 365.000000 0.000000 0.000000 0.000000 0.000000
 38.750000 0.905642 350.131053 357.000000 0.000000 0.000000 0.000000 0.000000
 39.000000 0.905459 350.193765 361.000000 0.000000 0.000000 0.000000 0.000000
 39.250000 0.904813 346.536892 355.000000 0.000000 0.000000 0.000000 0.000000
 39.500000 0.902991 343.016538 353.000000 0.000000 0.000000 0.000000 0.000000
 39.750000 0.904500 350.123876 364.000000 0.000000 0.000000 0.000000 0.000000
 40.000000 0.908863 351.145832 364.000000 0.000000 0.000000 0.000000 0.000000
 40.250000 0.912812 359.344168 367.000000 0.000000 0.000000 0.000000 0.000000
 40.500000 0.899845 338.811082 352.000000 0.000000 0.000000 0.000000 0.000000
 40.750000 0.910587 355.472048 363.000000 0.000000 0.000000 0.000000 0.000000
 41.000000 0.907699 349.653765 363.000000 0.000000 0.000000 0.000000 0.000000
 41.250000 0.907626 346.983058 360.000000 0.000000 0.000000 0.000000 0.000000
 41.500000 0.902523 342.227479 354.000000 0.000000 0.000000 0.000000 0.000000
 41.750000 0.909351 352.658141 359.000000 0.000000 0.000000 0.000000 0.000000
 42.000000 0.911704 351.699565 354.000000 0.000000 0.000000 0.000000 0.000000
 42.250000 0.908087 350.432209 359.000000 0.000000 0.000000 0.000000 0.000000
 42.500000 0.907788 352.558367 358.000000 0.000000 0.000000 0.000000 0.000000
 42.750000 0.907603 350.324852 355.000000 0.000000 0.000000 0.000000 0.000000
 43.000000 0.908862 349.512736 356.166691 0.000000 0.000000 0.000000 0.000000
 43.250000 0.906817 348.359957 362.000000 0.000000 0.000000 0.000000 0.000000
 43.500000 0.904454 344.231596 353.000000 0.000000 0.000000 0.000000 0.000000
 43.750000 0.906307 347.739072 353.000000 0.000000 0.000000 0.000000 0.000000
 44.000000 0.912737 355.115150 366.000000 0.000000 0.000000 0.000000 0.000000
 44.250000 0.909549 354.283308 364.000000 0.000000 0.000000 0.000000 0.000000
 44.500000 0.905850 344.521695 355.000000 0.000000 0.000000 0.000000 0.000000
 44.750000 0.906157 343.033383 352.000000 0.000000 0.000000 0.000000 0.000000
 45.000000 0.910165 352.838895 355.000000 0.000000 0.000000 0.000000 0.000000
 45.250000 0.907767 344.727996 350.000000 0.000000 0.000000 0.000000 0.000000
 45.500000 0.908100 346.252750 348.000000 0.000000 0.000000 0.000000 0.000000
 45.750000 0.907777 343.159120 345.000000 0.000000 0.000000 0.000000 0.000000
 46.000000 0.906840 338.360515 342.000000 0.000000 0.000000 0.000000 0.000000
 46.250000 0.907952 345.889533 352.000000 0.000000 0.000000 0.000000 0.000000
 46.500000 0.907238 345.750338 351.000000 0.000000 0.000000 0.000000 0.000000
 46.750000 0.906449 346.096031 353.000000 0.000000 0.000000 0.000000 0.000000
 47.000000 0.903997 347.514385 355.000000 0.000000 0.000000 0.000000 0.000000
 47.250000 0.903543 341.141632 351.000000 0.000000 0.000000 0.000000 0.000000
 47.500000 0.905703 342.571346 351.000000 0.000000 0.000000 0.000000 0.000000
 47.750000 0.901638 338.993285 356.000000 0.000000 0.000000 0.000000 0.000000
 48.000000 0.904426 343.471868 352.000000 0.000000 0.000000 0.000000 0.000000
 48.250000 0.907150 344.639906 352.000000 0.000000 0.000000 0.000000 0.000000
 48.500000 0.902248 337.771972 344.000000 0.000000 0.000000 0.000000 0.000000
 48.750000 0.898057 334.973008 342.000000 0.000000 0.000000 1.054713 4.218853
 49.000000 0.904445 338.783469 347.000000 0.000000 0.000000 0.000000 0.000000
 49.250000 0.901541 335.859196 342.000000 0.000000 0.000000 0.019826 0.079304
 49.500000 0.901493 338.169139 342.000000 0.000000 0.000000 0.000000 0.000000
 49.750000 0.903242 340.344266 347.000000 0.000000 0.000000 0.000000 0.000000
 50.000000 0.905058 339.373465 340.000000 0.000000 0.000000 0.000000 0.000000
 50.250000 0.905406 339.167764 343.000000 0.000000 0.000000 0.000000 0.000000
 50.500000 0.905732 335.385658 336.000000 0.000000 0.000000 0.377416 1.509665
 50.750000 0.906108 339.454896 342.000000 0.000000 0.000000 0.000000 0.000000
 51.000000 0.903723 337.695308 347.000000 0.000000 0.000000 0.000000 0.000000
 51.250000 0.903198 336.758831 342.000000 0.000000 0.000000 0.000000 0.000000
 51.500000 0.902901 335.436727 342.000000 0.000000 0.000000 0.317276 1.269104
 51.750000 0.904422 334.841791 336.000000 0.000000 0.000000 1.341449 5.365795
 52.000000 0.903826 338.458660 346.000000 0.000000 0.000000 0.000000 0.000000
 52.250000 0.901266 335.316213 340.000000 0.000000 0.000000 0.467565 1.870260
 52.500000 0.903439 335.649640 344.000000 0.000000 0.000000 0.122752 0.491007
 52.750000 0.903304 339.308591 342.177226 0.000000 0.000000 0.000000 0.000000
 53.000000 0.899869 334.743056 340.000000 0.000000 0.000000 1.579909 6.319635
 53.250000 0.900931 335.295300 340.000000 0.000000 0.000000 0.496602 1.986406
 53.500000 0.902518 337.711431 343.000000 0.000000 0.000000 0.000000 0.000000
 53.750000 0.903614 337.691864 349.000000 0.000000 0.000000 0.000000 0.000000
 54.000000 0.902959 335.312316 343.000000 0.000000 0.000000 0.472910 1.891638
 54.250000 0.901445 334.346965 345.000000 0.000000 0.000000 2.732526 10.930105
 54.500000 0.904888 337.239266 343.000000 0.000000 0.000000 0.000000 0.000000
 54.750000 0.901316 335.094042 349.000000 0.000000 0.000000 0.820760 3.283041
 55.000000 0.900088 334.952906 342.000000 0.000000 0.000000 1.096406 4.385623
 55.250000 0.905725 342.046582 350.000000 0.000000 0.000000 0.000000 0.000000
 55.500000 0.903651 338.015183 344.000000 0.000000 0.000000 0.000000 0.000000
 55.750000 0.901498 338.123754 346.000000 0.000000 0.000000 0.000000 0.000000
 56.000000 0.902059 335.474234 341.000000 0.000000 0.000000 0.276430 1.105721
 56.250000 0.902205 336.537277 342.000000 0.000000 0.000000 0.000000 0.000000
 56.500000 0.902507 337.561866 347.000000 0.000000 0.000000 0.000000 0.000000
 56.750000 0.903040 336.265215 344.000000 0.000000 0.000000 0.000000 0.000000
 57.000000 0.904214 336.074080 331.000000 0.000000 0.000000 0.000000 0.000000
 57.250000 0.903402 336.369742 345.000000 0.000000 0.000000 0.000000 0.000000
 57.500000 0.902189 335.743321 340.000000 0.000000 0.000000 0.065884 0.263536
 57.750000 0.903360 336.323131 341.000000 0.000000 0.000000 0.000000 0.000000
 58.000000 0.899242 336.895344 348.000000 0.000000 0.000000 0.000000 0.000000
 58.250000 0.897444 334.965111 346.835472 0.000000 0.000000 1.070996 4.283985
 58.500000 0.901005 337.095198 348.000000 0.000000 0.000000 0.000000 0.000000
 58.750000 0.902475 337.162237 341.000000 0.000000 0.000000 0.000000 0.000000
 59.000000 0.899317 335.825106 345.000000 0.000000 0.000000 0.030588 0.122352
 59.250000 0.903189 335.512963 342.000000 0.000000 0.000000 0.237205 0.948821
 59.500000 0.906177 337.893552 346.000000 0.000000 0.000000 0.000000 0.000000
 59.750000 0.900293 335.954418 349.000000 0.000000 0.000000 0.002078 0.008311
 60.000000 0.900686 335.247192 346.000000 0.000000 0.000000 0.566720 2.266881
 60.250000 0.900478 336.566247 345.000000 0.000000 0.000000 0.000000 0.000000
 60.500000 0.903416 342.033769 352.000000 0.000000 0.000000 0.000000 0.000000
 60.750000 0.900986 337.184382 349.000000 0.000000 0.000000 0.000000 0.000000
 61.000000 0.903335 342.644644 352.000000 0.000000 0.000000 0.000000 0.000000
 61.250000 0.906950 345.777236 356.000000 0.000000 0.000000 0.000000 0.000000
 61.500000 0.904632 344.794606 348.000000 0.000000 0.000000 0.000000 0.000000
 61.750000 0.898016 335.963345 346.000000 0.000000 0.000000 0.001344 0.005374
 62.000000 0.903059 344.640480 355.000000 0.000000 0.000000 0.000000 0.000000
 62.250000 0.900228 341.581590 354.000000 0.000000 0.000000 0.000000 0.000000
 62.500000 0.900212 341.124636 349.000000 0.000000 0.000000 0.000000 0.000000
 62.750000 0.900126 340.691371 352.000000 0.000000 0.000000 0.000000 0.000000
 63.000000 0.903582 345.323315 359.000000 0.000000 0.000000 0.000000 0.000000
 63.250000 0.905375 349.121367 359.000000 0.000000 0.000000 0.000000 0.000000
 63.500000 0.895878 334.291118 351.000000 0.000000 0.000000 2.920276 11.681105
 63.750000 0.901259 340.211624 352.000000 0.000000 0.000000 0.000000 0.000000
 64.000000 0.906541 345.818910 353.000000 0.000000 0.000000 0.000000 0.000000
 64.250000 0.904735 341.697111 352.000000 0.000000 0.000000 0.000000 0.000000
 64.500000 0.897795 335.071629 350.000000 0.000000 0.000000 0.861873 3.447493
 64.750000 0.901630 340.165782 354.000000 0.000000 0.000000 0.000000 0.000000
 65.000000 0.906779 346.942044 361.000000 0.000000 0.000000 0.000000 0.000000
 65.250000 0.904385 342.199500 347.000000 0.000000 0.000000 0.000000 0.000000
 65.500000 0.903772 340.811947 346.000000 0.000000 0.000000 0.000000 0.000000
 65.750000 0.907005 344.895778 347.000592 0.000000 0.000000 0.000000 0.000000
 66.000000 0.904897 343.071683 349.000000 0.000000 0.000000 0.000000 0.000000
 66.250000 0.899802 339.083934 357.000000 0.000000 0.000000 0.000000 0.000000
 66.500000 0.902044 337.587283 346.000000 0.000000 0.000000 0.000000 0.000000
 66.750000 0.903030 340.595970 352.000000 0.000000 0.000000 0.000000 0.000000
 67.000000 0.903787 340.983612 352.000000 0.000000 0.000000 0.000000 0.000000
 67.250000 0.905635 344.417648 352.000000 0.000000 0.000000 0.000000 0.000000
 67.500000 0.902241 337.629270 351.000000 0.000000 0.000000 0.000000 0.000000
 67.750000 0.904449 343.596321 355.000000 0.000000 0.000000 0.000000 0.000000
 68.000000 0.901109 339.079450 353.000000 0.000000 0.000000 0.000000 0.000000
 68.250000 0.902285 339.889009 352.000000 0.000000 0.000000 0.000000 0.000000
 68.500000 0.902566 340.770874 347.000000 0.000000 0.000000 0.000000 0.000000
 68.750000 0.899619 337.954981 349.000000 0.000000 0.000000 0.000000 0.000000
 69.000000 0.905494 340.637071 348.000000 0.000000 0.000000 0.000000 0.000000
 69.250000 0.908704 346.359542 354.000000 0.000000 0.000000 0.000000 0.000000
 69.500000 0.902535 338.820378 342.000000 0.000000 0.000000 0.000000 0.000000
 69.750000 0.898845 335.483433 346.000000 0.000000 0.000000 0.266841 1.067364
 70.000000 0.897894 338.460981 354.000000 0.000000 0.000000 0.000000 0.000000
 70.250000 0.900855 338.398587 344.000000 0.000000 0.000000 0.000000 0.000000
 70.500000 0.896284 336.534170 346.000000 0.000000 0.000000 0.000000 0.000000
 70.750000 0.899010 337.104884 349.000000 0.000000 0.000000 0.000000 0.000000
 71.000000 0.901541 337.733026 343.712389 0.000000 0.000000 0.000000 0.000000
 71.250000 0.906275 343.666056 349.000000 0.000000 0.000000 0.000000 0.000000
 71.500000 0.902281 339.995484 350.000000 0.000000 0.000000 0.000000 0.000000
 71.750000 0.898435 337.912860 345.000000 0.000000 0.000000 0.000000 0.000000
 72.000000 0.903233 345.768178 353.000000 0.000000 0.000000 0.000000 0.000000
 72.250000 0.902561 344.218452 353.000000 0.000000 0.000000 0.000000 0.000000
 72.500000 0.898059 339.494891 354.000000 0.000000 0.000000 0.000000 0.000000
 72.750000 0.903445 343.445446 354.000000 0.000000 0.000000 0.000000 0.000000
 73.000000 0.904637 343.202178 349.000000 0.000000 0.000000 0.000000 0.000000
 73.250000 0.906123 349.547574 361.000000 0.000000 0.000000 0.000000 0.000000
 73.500000 0.906940 349.582993 365.000000 0.000000 0.000000 0.000000 0.000000
 73.750000 0.907345 347.047708 350.000000 0.000000 0.000000 0.000000 0.000000
 74.000000 0.903966 349.138682 355.000000 0.000000 0.000000 0.000000 0.000000
 74.250000 0.903323 349.122428 357.000000 0.000000 0.000000 0.000000 0.000000
 74.500000 0.903322 344.170882 353.000000 0.000000 0.000000 0.000000 0.000000
 74.750000 0.903851 340.822929 347.000000 0.000000 0.000000 0.000000 0.000000
 75.000000 0.900860 341.685579 354.000000 0.000000 0.000000 0.000000 0.000000
 75.250000 0.897352 335.377432 345.000000 0.000000 0.000000 0.387591 1.550363
 75.500000 0.902895 342.274340 352.000000 0.000000 0.000000 0.000000 0.000000
 75.750000 0.903714 342.871514 351.000000 0.000000 0.000000 0.000000 0.000000
 76.000000 0.899078 338.303032 349.000000 0.000000 0.000000 0.000000 0.000000
 76.250000 0.898192 337.753885 352.000000 0.000000 0.000000 0.000000 0.000000
 76.500000 0.905199 347.415176 354.000000 0.000000 0.000000 0.000000 0.000000
 76.750000 0.903421 344.868291 347.883641 0.000000 0.000000 0.000000 0.000000
 77.000000 0.896723 335.236950 343.000000 0.000000 0.000000 0.582245 2.328980
 77.250000 0.902135 343.277378 352.000000 0.000000 0.000000 0.000000 0.000000
 77.500000 0.910317 349.863244 353.000000 0.000000 0.000000 0.000000 0.000000
 77.750000 0.904865 344.344060 353.000000 0.000000 0.000000 0.000000 0.000000
 78.000000 0.900850 340.121699 351.000000 0.000000 0.000000 0.000000 0.000000
 78.250000 0.905958 348.698360 355.000000 0.000000 0.000000 0.000000 0.000000
 78.500000 0.903280 344.126278 356.000000 0.000000 0.000000 0.000000 0.000000
 78.750000 0.905132 346.381301 356.000000 0.000000 0.000000 0.000000 0.000000
 79.000000 0.901528 343.259245 356.000000 0.000000 0.000000 0.000000 0.000000
 79.250000 0.901675 340.212397 349.638937 0.000000 0.000000 0.000000 0.000000
 79.500000 0.900365 335.155486 344.000000 0.000000 0.000000 0.713205 2.852818
 79.750000 0.899960 340.738301 356.000000 0.000000 0.000000 0.000000 0.000000
 80.000000 0.905626 348.183058 360.000000 0.000000 0.000000 0.000000 0.000000
 80.250000 0.906793 345.510307 356.000000 0.000000 0.000000 0.000000 0.000000
 80.500000 0.906191 346.295437 358.000000 0.000000 0.000000 0.000000 0.000000
 80.750000 0.898906 339.106176 349.000000 0.000000 0.000000 0.000000 0.000000
 81.000000 0.898115 335.775150 349.000000 0.000000 0.000000 0.050557 0.202230
 81.250000 0.906525 341.573125 345.000000 0.000000 0.000000 0.000000 0.000000
 81.500000 0.901381 343.712579 352.000000 0.000000 0.000000 0.000000 0.000000
 81.750000 0.894341 335.786766 350.000000 0.000000 0.000000 0.045469 0.181875
 82.000000 0.901228 340.292684 343.000000 0.000000 0.000000 0.000000 0.000000
 82.250000 0.904620 342.910604 346.000000 0.000000 0.000000 0.000000 0.000000
 82.500000 0.903158 344.787134 353.000000 0.000000 0.000000 0.000000 0.000000
 82.750000 0.899942 339.460072 352.000000 0.000000 0.000000 0.000000 0.000000
 83.000000 0.901006 338.296727 346.000000 0.000000 0.000000 0.000000 0.000000
 83.250000 0.905015 347.977129 359.000000 0.000000 0.000000 0.000000 0.000000
 83.500000 0.899618 336.449270 340.000000 0.000000 0.000000 0.000000 0.000000
 83.750000 0.899463 338.259223 350.000000 0.000000 0.000000 0.000000 0.000000
 84.000000 0.899445 341.547862 355.000000 0.000000 0.000000 0.000000 0.000000
 84.250000 0.901166 336.822050 343.000000 0.000000 0.000000 0.000000 0.000000
 84.500000 0.900909 334.633186 339.000000 0.000000 0.000000 1.868180 7.472719
 84.750000 0.900011 340.102183 351.000000 0.000000 0.000000 0.000000 0.000000
 85.000000 0.899932 336.517476 350.000000 0.000000 0.000000 0.000000 0.000000
 85.250000 0.900591 338.865727 355.000000 0.000000 0.000000 0.000000 0.000000
 85.500000 0.904249 341.187200 351.000000 0.000000 0.000000 0.000000 0.000000
 85.750000 0.907718 346.082034 351.000000 0.000000 0.000000 0.000000 0.000000
 86.000000 0.900616 337.074971 346.000000 0.000000 0.000000 0.000000 0.000000
 86.250000 0.903267 347.083247 358.000000 0.000000 0.000000 0.000000 0.000000
 86.500000 0.904516 344.928331 352.000000 0.000000 0.000000 0.000000 0.000000
 86.750000 0.904932 343.541751 354.717175 0.000000 0.000000 0.000000 0.000000
 87.000000 0.902860 340.170217 351.000000 0.000000 0.000000 0.000000 0.000000
 87.250000 0.904459 344.682586 352.000000 0.000000 0.000000 0.000000 0.000000
 87.500000 0.905086 343.199093 352.000000 0.000000 0.000000 0.000000 0.000000
 87.750000 0.901540 339.407557 351.000000 0.000000 0.000000 0.000000 0.000000
 88.000000 0.909374 348.741571 357.000000 0.000000 0.000000 0.000000 0.000000
 88.250000 0.904719 340.611354 350.000000 0.000000 0.000000 0.000000 0.000000
 88.500000 0.902701 337.417340 348.000000 0.000000 0.000000 0.000000 0.000000
 88.750000 0.907169 348.375482 353.000000 0.000000 0.000000 0.000000 0.000000
 89.000000 0.909128 349.409715 355.000000 0.000000 0.000000 0.000000 0.000000
 89.250000 0.900130 335.200707 345.000000 0.000000 0.000000 0.638869 2.555477
 89.500000 0.904622 343.598178 352.000000 0.000000 0.000000 0.000000 0.000000
 89.750000 0.903958 341.200358 347.000000 0.000000 0.000000 0.000000 0.000000
 90.000000 0.903772 342.527940 347.000000 0.000000 0.000000 0.000000 0.000000
 90.250000 0.902400 340.709780 348.000000 0.000000 0.000000 0.000000 0.000000
 90.500000 0.901386 336.210823 343.000000 0.000000 0.000000 0.000000 0.000000
 90.750000 0.906819 350.863206 360.000000 0.000000 0.000000 0.000000 0.000000
 91.000000 0.899547 337.900712 345.000000 0.000000 0.000000 0.000000 0.000000
 91.250000 0.902120 340.912118 351.000000 0.000000 0.000000 0.000000 0.000000
 91.500000 0.904583 342.280045 350.000000 0.000000 0.000000 0.000000 0.000000
 91.750000 0.903618 345.093019 354.000000 0.000000 0.000000 0.000000 0.000000
 92.000000 0.901086 336.187219 345.000000 0.000000 0.000000 0.000000 0.000000
 92.250000 0.908568 347.802875 358.000000 0.000000 0.000000 0.000000 0.000000
 92.500000 0.908451 349.993103 364.000000 0.000000 0.000000 0.000000 0.000000
 92.750000 0.899229 337.478083 348.000000 0.000000 0.000000 0.000000 0.000000
 93.000000 0.898294 333.834750 345.000000 0.000000 0.000000 4.688306 18.753224
 93.250000 0.903651 345.257891 350.000000 0.000000 0.000000 0.000000 0.000000
 93.500000 0.903426 342.072502 347.000000 0.000000 0.000000 0.000000 0.000000
 93.750000 0.900816 338.952295 343.000000 0.000000 0.000000 0.000000 0.000000
 94.000000 0.899129 338.535490 348.000000 0.000000 0.000000 0.000000 0.000000
 94.250000 0.901510 338.939149 343.000000 0.000000 0.000000 0.000000 0.000000
 94.500000 0.906369 346.554685 352.000000 0.000000 0.000000 0.000000 0.000000
 94.750000 0.901294 342.061607 357.000000 0.000000 0.000000 0.000000 0.000000
 95.000000 0.894999 335.510618 358.000000 0.000000 0.000000 0.239494 0.957977
 95.250000 0.899353 338.255694 346.000000 0.000000 0.000000 0.000000 0.000000
 95.500000 0.901908 340.054435 349.000000 0.000000 0.000000 0.000000 0.000000
 95.750000 0.899772 342.589611 354.000000 0.000000 0.000000 0.000000 0.000000
 96.000000 0.902069 346.922876 359.000000 0.000000 0.000000 0.000000 0.000000
 96.250000 0.901301 341.719414 358.946566 0.000000 0.000000 0.000000 0.000000
 96.500000 0.909161 352.679587 363.000000 0.000000 0.000000 0.000000 0.000000
 96.750000 0.908698 351.390398 366.000000 0.000000 0.000000 0.000000 0.000000
 97.000000 0.909073 347.840967 355.000000 0.000000 0.000000 0.000000 0.000000
 97.250000 0.906436 345.540518 352.935715 0.000000 0.000000 0.000000 0.000000
 97.500000 0.900781 339.399436 357.000000 0.000000 0.000000 0.000000 0.000000
 97.750000 0.903315 342.298077 348.283287 0.000000 0.000000 0.000000 0.000000
 98.000000 0.905695 346.859021 357.000000 0.000000 0.000000 0.000000 0.000000
 98.250000 0.903130 343.828203 365.000000 0.000000 0.000000 0.000000 0.000000
 98.500000 0.895533 338.020798 355.000000 0.000000 0.000000 0.000000 0.000000
 98.750000 0.904091 342.240582 345.000000 0.000000 0.000000 0.000000 0.000000
 99.000000 0.914062 354.986190 353.000000 0.000000 0.000000 0.000000 0.000000
 99.250000 0.907019 347.525161 357.000000 0.000000 0.000000 0.000000 0.000000
 99.500000 0.902186 344.095455 364.000000 0.000000 0.000000 0.000000 0.000000
 99.750000 0.908279 351.612800 361.000000 0.000000 0.000000 0.000000 0.000000
 100.000000 0.909685 350.032007 357.000000 0.000000 0.000000 0.000000 0.000000
 100.250000 0.902905 344.253486 354.000000 0.000000 0.000000 0.000000 0.000000
 100.500000 0.903737 346.044202 350.000000 0.000000 0.000000 0.000000 0.000000
 100.750000 0.902520 344.817309 358.000000 0.000000 0.000000 0.000000 0.000000
 101.000000 0.905870 348.345301 355.000000 0.000000 0.000000 0.000000 0.000000
 101.250000 0.902854 340.389066 351.000000 0.000000 0.000000 0.000000 0.000000
 101.500000 0.906533 351.195415 356.000000 0.000000 0.000000 0.000000 0.000000
 101.750000 0.905883 347.278618 362.000000 0.000000 0.000000 0.000000 0.000000
 102.000000 0.905435 345.914295 355.000000 0.000000 0.000000 0.000000 0.000000
 102.250000 0.904294 345.314111 347.000000 0.000000 0.000000 0.000000 0.000000
 102.500000 0.907554 350.518126 359.000000 0.000000 0.000000 0.000000 0.000000
 102.750000 0.903994 344.292121 355.997501 0.000000 0.000000 0.000000 0.000000
 103.000000 0.902970 345.002746 358.000000 0.000000 0.000000 0.000000 0.000000
 103.250000 0.904875 343.627258 348.713185 0.000000 0.000000 0.000000 0.000000
 103.500000 0.904033 341.955980 352.000000 0.000000 0.000000 0.000000 0.000000
 103.750000 0.900779 340.740654 353.000000 0.000000 0.000000 0.000000 0.000000
 104.000000 0.897484 339.110958 351.000000 0.000000 0.000000 0.000000 0.000000
 104.250000 0.904264 342.914817 353.000000 0.000000 0.000000 0.000000 0.000000
 104.500000 0.903166 340.042296 350.000000 0.000000 0.000000 0.000000 0.000000
 104.750000 0.904623 340.233887 349.000000 0.000000 0.000000 0.000000 0.000000
 105.000000 0.908318 354.182915 357.000000 0.000000 0.000000 0.000000 0.000000
 105.250000 0.906118 343.961000 352.000000 0.000000 0.000000 0.000000 0.000000
 105.500000 0.908295 343.620979 352.000000 0.000000 0.000000 0.000000 0.000000
 105.750000 0.898524 336.151291 347.000000 0.000000 0.000000 0.000000 0.000000
 106.000000 0.903914 344.165239 352.000000 0.000000 0.000000 0.000000 0.000000
 106.250000 0.908563 352.295044 364.000000 0.000000 0.000000 0.000000 0.000000
 106.500000 0.900283 337.071202 351.000000 0.000000 0.000000 0.000000 0.000000
 106.750000 0.901690 346.240120 358.000000 0.000000 0.000000 0.000000 0.000000
 107.000000 0.904071 343.943653 351.000000 0.000000 0.000000 0.000000 0.000000
 107.250000 0.901761 341.982062 357.000000 0.000000 0.000000 0.000000 0.000000
 107.500000 0.903392 348.530539 356.027905 0.000000 0.000000 0.000000 0.000000
 107.750000 0.903741 346.067515 358.000000 0.000000 0.000000 0.000000 0.000000
 108.000000 0.900229 338.007239 346.000000 0.000000 0.000000 0.000000 0.000000
 108.250000 0.902101 344.859291 351.000000 0.000000 0.000000 0.000000 0.000000
 108.500000 0.903121 346.864625 359.005889 0.000000 0.000000 0.000000 0.000000
 108.750000 0.898750 337.653692 355.000000 0.000000 0.000000 0.000000 0.000000
 109.000000 0.901634 342.536799 353.000000 0.000000 0.000000 0.000000 0.000000
 109.250000 0.907188 351.165809 357.000000 0.000000 0.000000 0.000000 0.000000
 109.500000 0.913207 359.028315 368.000000 0.000000 0.000000 0.000000 0.000000
 109.750000 0.909225 348.159994 359.000000 0.000000 0.000000 0.000000 0.000000
 110.000000 0.900597 340.073146 355.000000 0.000000 0.000000 0.000000 0.000000
 110.250000 0.906723 351.987009 361.000000 0.000000 0.000000 0.000000 0.000000
 110.500000 0.911286 355.510802 357.000000 0.000000 0.000000 0.000000 0.000000
 110.750000 0.911441 355.938338 361.000000 0.000000 0.000000 0.000000 0.000000
 111.000000 0.908464 352.964355 363.000000 0.000000 0.000000 0.000000 0.000000
 111.250000 0.901700 344.800211 357.000000 0.000000 0.000000 0.000000 0.000000
 111.500000 0.904563 346.462886 358.000000 0.000000 0.000000 0.000000 0.000000
 111.750000 0.909972 356.373293 364.000000 0.000000 0.000000 0.000000 0.000000
 112.000000 0.907252 352.082317 368.000000 0.000000 0.000000 0.000000 0.000000
 112.250000 0.903096 342.154064 354.000000 0.000000 0.000000 0.000000 0.000000
 112.500000 0.903875 344.195968 357.000000 0.000000 0.000000 0.000000 0.000000
 112.750000 0.907292 353.123254 368.000000 0.000000 0.000000 0.000000 0.000000
 113.000000 0.908397 348.136858 355.000000 0.000000 0.000000 0.000000 0.000000
 113.250000 0.910375 351.985528 355.000000 0.000000 0.000000 0.000000 0.000000
 113.500000 0.911013 354.025543 361.000000 0.000000 0.000000 0.000000 0.000000
 113.750000 0.905449 349.327073 364.000000 0.000000 0.000000 0.000000 0.000000
 114.000000 0.911069 358.631489 366.000000 0.000000 0.000000 0.000000 0.000000
 114.250000 0.902440 348.172573 359.000000 0.000000 0.000000 0.000000 0.000000
 114.500000 0.903531 348.946109 361.000000 0.000000 0.000000 0.000000 0.000000
 114.750000 0.906698 351.291547 363.000000 0.000000 0.000000 0.000000 0.000000
 115.000000 0.910003 359.201876 371.000000 0.000000 0.000000 0.000000 0.000000
 115.250000 0.912331 360.682974 367.000000 0.000000 0.000000 0.000000 0.000000
 115.500000 0.903284 346.721876 361.000000 0.000000 0.000000 0.000000 0.000000
 115.750000 0.900984 340.831636 355.000000 0.000000 0.000000 0.000000 0.000000
 116.000000 0.910955 361.544751 371.000000 0.000000 0.000000 0.000000 0.000000
 116.250000 0.910256 366.685641 376.000000 0.000000 0.000000 0.000000 0.000000
 116.500000 0.906983 358.003011 370.000000 0.000000 0.000000 0.000000 0.000000
 116.750000 0.904921 349.044549 361.000000 0.000000 0.000000 0.000000 0.000000
 117.000000 0.910721 358.464909 368.000000 0.000000 0.000000 0.000000 0.000000
 117.250000 0.918003 366.475796 373.000000 0.000000 0.000000 0.000000 0.000000
 117.500000 0.914465 361.891535 370.000000 0.000000 0.000000 0.000000 0.000000
 117.750000 0.905327 348.927788 359.000000 0.000000 0.000000 0.000000 0.000000
 118.000000 0.909502 354.232626 361.000000 0.000000 0.000000 0.000000 0.000000
 118.250000 0.910068 357.576579 367.000000 0.000000 0.000000 0.000000 0.000000
 118.500000 0.907081 353.284836 367.000000 0.000000 0.000000 0.000000 0.000000
 118.750000 0.905628 350.525751 361.000000 0.000000 0.000000 0.000000 0.000000
 119.000000 0.907516 354.124378 362.000000 0.000000 0.000000 0.000000 0.000000
 119.250000 0.912483 358.937291 365.000000 0.000000 0.000000 0.000000 0.000000
 119.500000 0.907462 355.107823 367.000000 0.000000 0.000000 0.000000 0.000000
 119.750000 0.905833 349.957256 362.000000 0.000000 0.000000 0.000000 0.000000
 120.000000 0.911819 361.286420 365.000000 0.000000 0.000000 0.000000 0.000000
 120.250000 0.912013 364.919087 378.000000 0.000000 0.000000 0.000000 0.000000
 120.500000 0.910246 360.504676 376.000000 0.000000 0.000000 0.000000 0.000000
 120.750000 0.914409 366.075365 380.000000 0.000000 0.000000 0.000000 0.000000
 121.000000 0.908711 354.541880 366.000000 0.000000 0.000000 0.000000 0.000000
 121.250000 0.909114 359.018415 369.000000 0.000000 0.000000 0.000000 0.000000
 121.500000 0.909434 361.594104 366.000000 0.000000 0.000000 0.000000 0.000000
 121.750000 0.911297 355.886753 359.000000 0.000000 0.000000 0.000000 0.000000
 122.000000 0.912398 361.702652 372.000000 0.000000 0.000000 0.000000 0.000000
 122.250000 0.907594 360.062033 373.000000 0.000000 0.000000 0.000000 0.000000
 122.500000 0.900975 345.146950 360.000000 0.000000 0.000000 0.000000 0.000000
 122.750000 0.904309 348.106548 357.000000 0.000000 0.000000 0.000000 0.000000
 123.000000 0.911488 360.387160 366.000000 0.000000 0.000000 0.000000 0.000000
 123.250000 0.905410 350.030579 363.000000 0.000000 0.000000 0.000000 0.000000
 123.500000 0.908355 354.744783 366.000000 0.000000 0.000000 0.000000 0.000000
 123.750000 0.904931 345.053548 354.000000 0.000000 0.000000 0.000000 0.000000
 124.000000 0.908345 357.811818 367.312034 0.000000 0.000000 0.000000 0.000000
 124.250000 0.916066 361.718512 365.000000 0.000000 0.000000 0.000000 0.000000
 124.500000 0.915844 359.763518 368.000000 0.000000 0.000000 0.000000 0.000000
 124.750000 0.908164 351.433559 361.000000 0.000000 0.000000 0.000000 0.000000
 125.000000 0.903154 348.086942 360.000000 0.000000 0.000000 0.000000 0.000000
