#! FIELDS time refcv.mean refcv.morethan-1 refcv.morethan-2 uwall.bias uwall.force2 lwall.bias lwall.force2
 0.000000 0.687018 262.710034 283.000000 0.000000 0.000000 0.000000 0.000000
 0.250000 0.675436 252.560776 280.000000 0.000000 0.000000 0.000000 0.000000
 0.500000 0.668574 247.744141 279.000000 0.000000 0.000000 0.000000 0.000000
 0.750000 0.683561 258.895200 282.000000 0.000000 0.000000 0.000000 0.000000
 1.000000 0.676018 254.741363 287.000000 0.000000 0.000000 0.000000 0.000000
 1.250000 0.681212 258.539300 282.000000 0.000000 0.000000 0.000000 0.000000
 1.500000 0.666974 245.407659 279.000000 0.000000 0.000000 0.000000 0.000000
 1.750000 0.681088 259.443207 282.000000 0.000000 0.000000 0.000000 0.000000
 2.000000 0.672277 251.130528 281.000000 0.000000 0.000000 0.000000 0.000000
 2.250000 0.665138 239.007619 268.000000 0.000000 0.000000 0.984820 3.939281
 2.500000 0.669679 249.798366 278.000000 0.000000 0.000000 0.000000 0.000000
 2.750000 0.673162 250.617147 276.000000 0.000000 0.000000 0.000000 0.000000
 3.000000 0.675051 251.700347 277.000000 0.000000 0.000000 0.000000 0.000000
 3.250000 0.675270 252.915697 281.000000 0.000000 0.000000 0.000000 0.000000
 3.500000 0.676467 253.887517 279.000000 0.000000 0.000000 0.000000 0.000000
 3.750000 0.675413 256.253426 282.000000 0.000000 0.000000 0.000000 0.000000
 4.000000 0.672697 252.949870 278.000000 0.000000 0.000000 0.000000 0.000000
 4.250000 0.674306 252.433719 279.000000 0.000000 0.000000 0.000000 0.000000
 4.500000 0.679829 254.883735 278.000000 0.000000 0.000000 0.000000 0.000000
 4.750000 0.668989 248.246402 274.000000 0.000000 0.000000 0.000000 0.000000
 5.000000 0.670960 247.865122 276.000000 0.000000 0.000000 0.000000 0.000000
 5.250000 0.673794 251.029773 275.000000 0.000000 0.000000 0.000000 0.000000
 5.500000 0.669255 250.535947 273.000000 0.000000 0.000000 0.000000 0.000000
 5.750000 0.666866 241.552776 270.000000 0.000000 0.000000 0.000000 0.000000
 6.000000 0.671342 247.452009 275.000000 0.000000 0.000000 0.000000 0.000000
 6.250000 0.680368 256.577366 277.000000 0.000000 0.000000 0.000000 0.000000
 6.500000 0.668210 241.315064 268.000000 0.000000 0.000000 0.000000 0.000000
 6.750000 0.679926 256.148018 278.000000 0.000000 0.000000 0.000000 0.000000
 7.000000 0.673682 248.211174 276.000000 0.000000 0.000000 0.000000 0.000000
 7.250000 0.672746 248.190364 274.000000 0.000000 0.000000 0.000000 0.000000
 7.500000 0.665936 245.551546 276.000000 0.000000 0.000000 0.000000 0.000000
 7.750000 0.665446 245.065279 271.000000 0.000000 0.000000 0.000000 0.000000
 8.000000 0.678550 252.781304 269.000000 0.000000 0.000000 0.000000 0.000000
 8.250000 0.667701 242.501258 269.000000 0.000000 0.000000 0.000000 0.000000
 8.500000 0.675408 251.235670 274.000000 0.000000 0.000000 0.000000 0.000000
 8.750000 0.685391 260.351933 279.000000 0.000000 0.000000 0.000000 0.000000
 9.000000 0.683765 256.206188 274.000000 0.000000 0.000000 0.000000 0.000000
 9.250000 0.677438 251.668634 273.000000 0.000000 0.000000 0.000000 0.000000
 9.500000 0.676947 252.283636 277.000000 0.000000 0.000000 0.000000 0.000000
 9.750000 0.680759 253.630044 271.000000 0.000000 0.000000 0.000000 0.000000
 10.000000 0.683837 259.279778 278.000000 0.000000 0.000000 0.000000 0.000000
 10.250000 0.670006 243.690471 268.000000 0.000000 0.000000 0.000000 0.000000
 10.500000 0.684092 258.192984 277.000000 0.000000 0.000000 0.000000 0.000000
 10.750000 0.678550 250.492193 274.000000 0.000000 0.000000 0.000000 0.000000
 11.000000 0.679983 254.310929 278.000000 0.000000 0.000000 0.000000 0.000000
 11.250000 0.678448 254.785512 275.000000 0.000000 0.000000 0.000000 0.000000
 11.500000 0.678491 252.287926 276.000000 0.000000 0.000000 0.000000 0.000000
 11.750000 0.677247 245.663471 267.000000 0.000000 0.000000 0.000000 0.000000
 12.000000 0.668137 243.212564 270.000000 0.000000 0.000000 0.000000 0.000000
 12.250000 0.672770 242.475925 263.000000 0.000000 0.000000 0.000000 0.000000
 12.500000 0.669748 245.194874 270.000000 0.000000 0.000000 0.000000 0.000000
 12.750000 0.667467 242.290260 271.000000 0.000000 0.000000 0.000000 0.000000
 13.000000 0.674546 246.261115 271.000000 0.000000 0.000000 0.000000 0.000000
 13.250000 0.670524 239.820654 265.000000 0.000000 0.000000 0.032165 0.128660
 13.500000 0.677331 248.553040 270.000000 0.000000 0.000000 0.000000 0.000000
 13.750000 0.676277 246.877172 270.000000 0.000000 0.000000 0.000000 0.000000
 14.000000 0.679315 251.082732 270.000000 0.000000 0.000000 0.000000 0.000000
 14.250000 0.672618 244.308816 266.000000 0.000000 0.000000 0.000000 0.000000
 14.500000 0.673467 244.423481 270.000000 0.000000 0.000000 0.000000 0.000000
 14.750000 0.669027 241.910787 268.000000 0.000000 0.000000 0.000000 0.000000
 15.000000 0.668500 243.623340 272.000000 0.000000 0.000000 0.000000 0.000000
 15.250000 0.671103 243.244511 271.000000 0.000000 0.000000 0.000000 0.000000
 15.500000 0.673765 247.418325 270.000000 0.000000 0.000000 0.000000 0.000000
 15.750000 0.670925 241.690498 268.000000 0.000000 0.000000 0.000000 0.000000
 16.000000 0.678857 252.922398 272.000000 0.000000 0.000000 0.000000 0.000000
 16.250000 0.674362 250.424900 273.000000 0.000000 0.000000 0.000000 0.000000
 16.500000 0.671989 245.705643 268.000000 0.000000 0.000000 0.000000 0.000000
 16.750000 0.670023 245.130745 270.000000 0.000000 0.000000 0.000000 0.000000
 17.000000 0.684775 259.487663 278.000000 0.000000 0.000000 0.000000 0.000000
 17.250000 0.672687 242.135427 263.000000 0.000000 0.000000 0.000000 0.000000
 17.500000 0.671550 241.326322 262.000000 0.000000 0.000000 0.000000 0.000000
 17.750000 0.682937 252.399055 271.000000 0.000000 0.000000 0.000000 0.000000
 18.000000 0.670255 243.544908 265.000000 0.000000 0.000000 0.000000 0.000000
 18.250000 0.673231 247.323147 268.000000 0.000000 0.000000 0.000000 0.000000
 18.500000 0.671232 244.276776 267.000000 0.000000 0.000000 0.000000 0.000000
 18.750000 0.671345 245.361868 268.000000 0.000000 0.000000 0.000000 0.000000
 19.000000 0.672004 243.978805 266.000000 0.000000 0.000000 0.000000 0.000000
 19.250000 0.679590 250.457433 267.000000 0.000000 0.000000 0.000000 0.000000
 19.500000 0.681910 254.878735 274.000000 0.000000 0.000000 0.000000 0.000000
 19.750000 0.677288 249.387652 272.000000 0.000000 0.000000 0.000000 0.000000
 20.000000 0.682400 252.926567 274.000000 0.000000 0.000000 0.000000 0.000000
 20.250000 0.680882 256.646301 277.000000 0.000000 0.000000 0.000000 0.000000
 20.500000 0.675455 248.468421 267.000000 0.000000 0.000000 0.000000 0.000000
 20.750000 0.684976 255.076132 273.000000 0.000000 0.000000 0.000000 0.000000
 21.000000 0.680632 251.317295 274.000000 0.000000 0.000000 0.000000 0.000000
 21.250000 0.679927 250.599317 273.000000 0.000000 0.000000 0.000000 0.000000
 21.500000 0.680241 252.831400 270.000000 0.000000 0.000000 0.000000 0.000000
 21.750000 0.674299 248.816493 276.000000 0.000000 0.000000 0.000000 0.000000
 22.000000 0.679562 254.202247 277.000000 0.000000 0.000000 0.000000 0.000000
 22.250000 0.680781 253.175478 276.000000 0.000000 0.000000 0.000000 0.000000
 22.500000 0.686547 255.646609 270.000000 0.000000 0.000000 0.000000 0.000000
 22.750000 0.675277 245.798273 269.000000 0.000000 0.000000 0.000000 0.000000
 23.000000 0.686249 254.565778 280.000000 0.000000 0.000000 0.000000 0.000000
 23.250000 0.680185 252.686723 272.000000 0.000000 0.000000 0.000000 0.000000
 23.500000 0.680535 251.283761 269.000000 0.000000 0.000000 0.000000 0.000000
 23.750000 0.682537 252.964045 270.000000 0.000000 0.000000 0.000000 0.000000
 24.000000 0.682283 251.232645 278.000000 0.000000 0.000000 0.000000 0.000000
 24.250000 0.690862 261.399745 283.000000 0.000000 0.000000 0.000000 0.000000
 24.500000 0.682795 249.539434 272.000000 0.000000 0.000000 0.000000 0.000000
 24.750000 0.681963 251.784826 267.000000 0.000000 0.000000 0.000000 0.000000
 25.000000 0.683205 255.288445 277.000000 0.000000 0.000000 0.000000 0.000000
 25.250000 0.690875 263.274049 284.000000 0.000000 0.000000 0.000000 0.000000
 25.500000 0.685309 256.258542 279.000000 0.000000 0.000000 0.000000 0.000000
 25.750000 0.680275 251.765188 276.000000 0.000000 0.000000 0.000000 0.000000
 26.000000 0.687356 258.464003 280.000000 0.000000 0.000000 0.000000 0.000000
 26.250000 0.688242 257.973784 276.000000 0.000000 0.000000 0.000000 0.000000
 26.500000 0.682101 252.345647 269.000000 0.000000 0.000000 0.000000 0.000000
 26.750000 0.685432 256.373451 278.000000 0.000000 0.000000 0.000000 0.000000
 27.000000 0.681087 251.590591 274.000000 0.000000 0.000000 0.000000 0.000000
 27.250000 0.688113 257.074646 279.000000 0.000000 0.000000 0.000000 0.000000
 27.500000 0.687127 255.417414 272.000000 0.000000 0.000000 0.000000 0.000000
 27.750000 0.684486 252.947430 276.000000 0.000000 0.000000 0.000000 0.000000
 28.000000 0.691651 260.093966 277.000000 0.000000 0.000000 0.000000 0.000000
 28.250000 0.680944 250.858026 271.000000 0.000000 0.000000 0.000000 0.000000
 28.500000 0.686489 257.049091 276.000000 0.000000 0.000000 0.000000 0.000000
 28.750000 0.669996 241.016752 269.000000 0.000000 0.000000 0.000000 0.000000
 29.000000 0.680132 253.201477 278.000000 0.000000 0.000000 0.000000 0.000000
 29.250000 0.680877 251.335693 271.000000 0.000000 0.000000 0.000000 0.000000
 29.500000 0.687913 257.069884 272.000000 0.000000 0.000000 0.000000 0.000000
 29.750000 0.685896 254.322907 278.000000 0.000000 0.000000 0.000000 0.000000
 30.000000 0.684863 249.879214 271.000000 0.000000 0.000000 0.000000 0.000000
 30.250000 0.685205 251.968734 269.000000 0.000000 0.000000 0.000000 0.000000
 30.500000 0.679166 247.348450 269.000000 0.000000 0.000000 0.000000 0.000000
 30.750000 0.678869 248.388435 265.000000 0.000000 0.000000 0.000000 0.000000
 31.000000 0.678071 249.798024 275.000000 0.000000 0.000000 0.000000 0.000000
 31.250000 0.683568 253.491465 277.000000 0.000000 0.000000 0.000000 0.000000
 31.500000 0.684033 254.990261 282.000000 0.000000 0.000000 0.000000 0.000000
 31.750000 0.690070 257.038414 273.000000 0.000000 0.000000 0.000000 0.000000
 32.000000 0.678378 247.460270 273.000000 0.000000 0.000000 0.000000 0.000000
 32.250000 0.684373 254.014521 274.000000 0.000000 0.000000 0.000000 0.000000
 32.500000 0.684435 253.517910 272.000000 0.000000 0.000000 0.000000 0.000000
 32.750000 0.687882 261.817826 280.000000 0.000000 0.000000 0.000000 0.000000
 33.000000 0.684182 257.496061 277.000000 0.000000 0.000000 0.000000 0.000000
 33.250000 0.683411 251.357533 272.000000 0.000000 0.000000 0.000000 0.000000
 33.500000 0.684963 256.474685 272.000000 0.000000 0.000000 0.000000 0.000000
 33.750000 0.689932 257.344041 273.000000 0.000000 0.000000 0.000000 0.000000
 34.000000 0.683258 250.943688 270.000000 0.000000 0.000000 0.000000 0.000000
 34.250000 0.681377 245.958561 260.000000 0.000000 0.000000 0.000000 0.000000
 34.500000 0.677268 243.085259 262.000000 0.000000 0.000000 0.000000 0.000000
 34.750000 0.684337 255.486561 273.000000 0.000000 0.000000 0.000000 0.000000
 35.000000 0.681660 255.336643 275.000000 0.000000 0.000000 0.000000 0.000000
 35.250000 0.682251 249.262910 266.000000 0.000000 0.000000 0.000000 0.000000
 35.500000 0.677539 244.999049 263.000000 0.000000 0.000000 0.000000 0.000000
 35.750000 0.675265 245.574668 263.000000 0.000000 0.000000 0.000000 0.000000
 36.000000 0.682711 254.503463 270.000000 0.000000 0.000000 0.000000 0.000000
 36.250000 0.677846 247.007296 263.000000 0.000000 0.000000 0.000000 0.000000
 36.500000 0.682606 249.973950 271.000000 0.000000 0.000000 0.000000 0.000000
 36.750000 0.682839 252.802926 271.000000 0.000000 0.000000 0.000000 0.000000
 37.000000 0.684314 253.683444 272.000000 0.000000 0.000000 0.000000 0.000000
 37.250000 0.683197 249.315622 263.000000 0.000000 0.000000 0.000000 0.000000
 37.500000 0.686319 252.722189 268.000000 0.000000 0.000000 0.000000 0.000000
 37.750000 0.674051 242.313265 262.000000 0.000000 0.000000 0.000000 0.000000
 38.000000 0.673832 245.502558 271.000000 0.000000 0.000000 0.000000 0.000000
 38.250000 0.681701 254.029482 272.000000 0.000000 0.000000 0.000000 0.000000
 38.500000 0.685956 254.454503 276.000000 0.000000 0.000000 0.000000 0.000000
 38.750000 0.685584 255.330542 276.000000 0.000000 0.000000 0.000000 0.000000
 39.000000 0.672910 243.311676 262.000000 0.000000 0.000000 0.000000 0.000000
 39.250000 0.675802 242.479856 258.000000 0.000000 0.000000 0.000000 0.000000
 39.500000 0.683146 252.634081 272.000000 0.000000 0.000000 0.000000 0.000000
 39.750000 0.680900 250.630314 274.000000 0.000000 0.000000 0.000000 0.000000
 40.000000 0.679528 248.665230 271.000000 0.000000 0.000000 0.000000 0.000000
 40.250000 0.684366 252.100509 272.000000 0.000000 0.000000 0.000000 0.000000
 40.500000 0.682710 251.178015 267.000000 0.000000 0.000000 0.000000 0.000000
 40.750000 0.676780 241.783000 264.000000 0.000000 0.000000 0.000000 0.000000
 41.000000 0.675812 245.273957 270.000000 0.000000 0.000000 0.000000 0.000000
 41.250000 0.676677 246.107831 265.000000 0.000000 0.000000 0.000000 0.000000
 41.500000 0.672192 242.913724 265.000000 0.000000 0.000000 0.000000 0.000000
 41.750000 0.679547 246.831220 264.000000 0.000000 0.000000 0.000000 0.000000
 42.000000 0.676079 243.748806 262.000000 0.000000 0.000000 0.000000 0.000000
 42.250000 0.677307 244.397031 260.000000 0.000000 0.000000 0.000000 0.000000
 42.500000 0.681126 247.036130 266.000000 0.000000 0.000000 0.000000 0.000000
 42.750000 0.682780 248.201863 267.000000 0.000000 0.000000 0.000000 0.000000
 43.000000 0.679712 244.582077 266.000000 0.000000 0.000000 0.000000 0.000000
 43.250000 0.675684 241.281319 265.000000 0.000000 0.000000 0.000000 0.000000
 43.500000 0.678465 241.766779 260.000000 0.000000 0.000000 0.000000 0.000000
 43.750000 0.686944 250.473858 264.000000 0.000000 0.000000 0.000000 0.000000
 44.000000 0.683127 252.494081 276.000000 0.000000 0.000000 0.000000 0.000000
 44.250000 0.684254 253.116609 272.000000 0.000000 0.000000 0.000000 0.000000
 44.500000 0.681008 249.081929 266.000000 0.000000 0.000000 0.000000 0.000000
 44.750000 0.684673 250.703237 265.000000 0.000000 0.000000 0.000000 0.000000
 45.000000 0.680462 244.678166 256.000000 0.000000 0.000000 0.000000 0.000000
 45.250000 0.674479 243.902494 265.000000 0.000000 0.000000 0.000000 0.000000
 45.500000 0.682473 247.587318 264.000000 0.000000 0.000000 0.000000 0.000000
 45.750000 0.678805 243.270237 257.000000 0.000000 0.000000 0.000000 0.000000
 46.000000 0.680392 249.015629 261.000000 0.000000 0.000000 0.000000 0.000000
 46.250000 0.673748 240.379488 261.000000 0.000000 0.000000 0.000000 0.000000
 46.500000 0.680366 248.351431 266.000000 0.000000 0.000000 0.000000 0.000000
 46.750000 0.677395 246.935106 264.000000 0.000000 0.000000 0.000000 0.000000
 47.000000 0.679878 247.030326 257.000000 0.000000 0.000000 0.000000 0.000000
 47.250000 0.677779 242.972525 254.000000 0.000000 0.000000 0.000000 0.000000
 47.500000 0.677057 245.037738 258.000000 0.000000 0.000000 0.000000 0.000000
 47.750000 0.674191 240.985128 261.000000 0.000000 0.000000 0.000000 0.000000
 48.000000 0.674986 245.747714 264.000000 0.000000 0.000000 0.000000 0.000000
 48.250000 0.680597 250.415318 268.000000 0.000000 0.000000 0.000000 0.000000
 48.500000 0.690405 259.204325 272.000000 0.000000 0.000000 0.000000 0.000000
 48.750000 0.685334 256.291477 274.000000 0.000000 0.000000 0.000000 0.000000
 49.000000 0.683889 252.957338 267.000000 0.000000 0.000000 0.000000 0.000000
 49.250000 0.678356 250.439564 271.000000 0.000000 0.000000 0.000000 0.000000
 49.500000 0.686551 254.356380 268.000000 0.000000 0.000000 0.000000 0.000000
 49.750000 0.686270 254.741820 267.000000 0.000000 0.000000 0.000000 0.000000
 50.000000 0.680227 253.669877 277.000000 0.000000 0.000000 0.000000 0.000000
 50.250000 0.683216 250.753812 264.000000 0.000000 0.000000 0.000000 0.000000
 50.500000 0.677518 243.581709 265.000000 0.000000 0.000000 0.000000 0.000000
 50.750000 0.681628 249.912419 266.000000 0.000000 0.000000 0.000000 0.000000
 51.000000 0.685719 250.461453 261.000000 0.000000 0.000000 0.000000 0.000000
 51.250000 0.683731 249.758832 267.000000 0.000000 0.000000 0.000000 0.000000
 51.500000 0.691946 257.913411 278.000000 0.000000 0.000000 0.000000 0.000000
 51.750000 0.690101 254.499499 269.000000 0.000000 0.000000 0.000000 0.000000
 52.000000 0.686129 253.941133 274.000000 0.000000 0.000000 0.000000 0.000000
 52.250000 0.681043 250.043962 271.000000 0.000000 0.000000 0.000000 0.000000
 52.500000 0.688504 253.985917 268.000000 0.000000 0.000000 0.000000 0.000000
 52.750000 0.688716 254.634806 267.000000 0.000000 0.000000 0.000000 0.000000
 53.000000 0.690143 261.260809 274.000000 0.000000 0.000000 0.000000 0.000000
 53.250000 0.689649 260.017346 275.000000 0.000000 0.000000 0.000000 0.000000
 53.500000 0.687746 253.207568 272.000000 0.000000 0.000000 0.000000 0.000000
 53.750000 0.685630 253.542654 271.000000 0.000000 0.000000 0.000000 0.000000
 54.000000 0.686650 252.069856 269.000000 0.000000 0.000000 0.000000 0.000000
 54.250000 0.691262 258.023830 271.000000 0.000000 0.000000 0.000000 0.000000
 54.500000 0.675617 240.413816 260.000000 0.000000 0.000000 0.000000 0.000000
 54.750000 0.680580 246.347940 263.000000 0.000000 0.000000 0.000000 0.000000
 55.000000 0.683544 249.649773 262.000000 0.000000 0.000000 0.000000 0.000000
 55.250000 0.686284 251.344933 266.000000 0.000000 0.000000 0.000000 0.000000
 55.500000 0.685494 247.597106 259.000000 0.000000 0.000000 0.000000 0.000000
 55.750000 0.688185 250.415278 267.000000 0.000000 0.000000 0.000000 0.000000
 56.000000 0.686793 248.586107 262.000000 0.000000 0.000000 0.000000 0.000000
 56.250000 0.684338 248.346311 259.000000 0.000000 0.000000 0.000000 0.000000
 56.500000 0.681538 252.095501 272.000000 0.000000 0.000000 0.000000 0.000000
 56.750000 0.680036 248.934983 271.000000 0.000000 0.000000 0.000000 0.000000
 57.000000 0.685215 252.821409 275.000000 0.000000 0.000000 0.000000 0.000000
 57.250000 0.680844 246.282252 265.000000 0.000000 0.000000 0.000000 0.000000
 57.500000 0.688368 256.242792 277.000000 0.000000 0.000000 0.000000 0.000000
 57.750000 0.693500 258.699376 272.000000 0.000000 0.000000 0.000000 0.000000
 58.000000 0.699833 261.292697 276.000000 0.000000 0.000000 0.000000 0.000000
 58.250000 0.683673 248.719518 264.000000 0.000000 0.000000 0.000000 0.000000
 58.500000 0.690152 256.727368 272.000000 0.000000 0.000000 0.000000 0.000000
 58.750000 0.692516 254.978614 275.000000 0.000000 0.000000 0.000000 0.000000
 59.000000 0.692397 256.744918 271.000000 0.000000 0.000000 0.000000 0.000000
 59.250000 0.687326 252.290807 271.000000 0.000000 0.000000 0.000000 0.000000
 59.500000 0.692225 257.259472 271.000000 0.000000 0.000000 0.000000 0.000000
 59.750000 0.688537 254.429814 273.000000 0.000000 0.000000 0.000000 0.000000
 60.000000 0.682945 249.098269 271.000000 0.000000 0.000000 0.000000 0.000000
 60.250000 0.687798 258.344026 277.000000 0.000000 0.000000 0.000000 0.000000
 60.500000 0.686149 251.640568 262.000000 0.000000 0.000000 0.000000 0.000000
 60.750000 0.684035 252.082428 270.000000 0.000000 0.000000 0.000000 0.000000
 61.000000 0.688263 252.313480 267.000000 0.000000 0.000000 0.000000 0.000000
 61.250000 0.676347 240.537977 257.000000 0.000000 0.000000 0.000000 0.000000
 61.500000 0.692685 257.437986 268.000000 0.000000 0.000000 0.000000 0.000000
 61.750000 0.684528 248.450314 266.000000 0.000000 0.000000 0.000000 0.000000
 62.000000 0.681986 247.849157 263.000000 0.000000 0.000000 0.000000 0.000000
 62.250000 0.691307 258.600206 276.000000 0.000000 0.000000 0.000000 0.000000
 62.500000 0.693554 260.925038 279.000000 0.000000 0.000000 0.000000 0.000000
 62.750000 0.697253 264.111796 281.000000 0.000000 0.000000 0.000000 0.000000
 63.000000 0.691388 256.343382 273.000000 0.000000 0.000000 0.000000 0.000000
 63.250000 0.689604 255.149236 272.000000 0.000000 0.000000 0.000000 0.000000
 63.500000 0.684707 252.859796 269.000000 0.000000 0.000000 0.000000 0.000000
 63.750000 0.698619 260.257791 275.000000 0.000000 0.000000 0.000000 0.000000
 64.000000 0.687958 253.689795 270.000000 0.000000 0.000000 0.000000 0.000000
 64.250000 0.697988 262.437655 276.000000 0.000000 0.000000 0.000000 0.000000
 64.500000 0.685997 255.439317 269.000000 0.000000 0.000000 0.000000 0.000000
 64.750000 0.689369 256.616313 272.000000 0.000000 0.000000 0.000000 0.000000
 65.000000 0.693538 258.783537 277.000000 0.000000 0.000000 0.000000 0.000000
 65.250000 0.695070 259.971140 269.000000 0.000000 0.000000 0.000000 0.000000
 65.500000 0.681555 248.864307 268.000000 0.000000 0.000000 0.000000 0.000000
 65.750000 0.684539 254.543059 273.000000 0.000000 0.000000 0.000000 0.000000
 66.000000 0.694195 262.388237 276.000000 0.000000 0.000000 0.000000 0.000000
 66.250000 0.692362 261.466865 275.000000 0.000000 0.000000 0.000000 0.000000
 66.500000 0.681910 253.369173 276.000000 0.000000 0.000000 0.000000 0.000000
 66.750000 0.676835 244.269889 264.000000 0.000000 0.000000 0.000000 0.000000
 67.000000 0.693098 259.593573 275.000000 0.000000 0.000000 0.000000 0.000000
 67.250000 0.689803 257.135972 272.000000 0.000000 0.000000 0.000000 0.000000
 67.500000 0.691769 258.128605 278.000000 0.000000 0.000000 0.000000 0.000000
 67.750000 0.685332 251.488501 268.000000 0.000000 0.000000 0.000000 0.000000
 68.000000 0.679016 243.788942 260.000000 0.000000 0.000000 0.000000 0.000000
 68.250000 0.679503 245.297495 272.000000 0.000000 0.000000 0.000000 0.000000
 68.500000 0.682982 247.953827 270.000000 0.000000 0.000000 0.000000 0.000000
 68.750000 0.678198 242.719911 263.000000 0.000000 0.000000 0.000000 0.000000
 69.000000 0.682165 249.834270 268.000000 0.000000 0.000000 0.000000 0.000000
 69.250000 0.682846 252.025778 268.000000 0.000000 0.000000 0.000000 0.000000
 69.500000 0.688672 256.801642 270.000000 0.000000 0.000000 0.000000 0.000000
 69.750000 0.687498 253.160464 269.000000 0.000000 0.000000 0.000000 0.000000
 70.000000 0.683291 249.466653 271.000000 0.000000 0.000000 0.000000 0.000000
 70.250000 0.685379 252.614578 269.000000 0.000000 0.000000 0.000000 0.000000
 70.500000 0.682984 250.143013 268.000000 0.000000 0.000000 0.000000 0.000000
 70.750000 0.683377 253.499609 268.000000 0.000000 0.000000 0.000000 0.000000
 71.000000 0.690779 257.699440 272.000000 0.000000 0.000000 0.000000 0.000000
 71.250000 0.682397 251.903725 270.000000 0.000000 0.000000 0.000000 0.000000
 71.500000 0.681131 249.683426 270.000000 0.000000 0.000000 0.000000 0.000000
 71.750000 0.678712 245.366960 267.000000 0.000000 0.000000 0.000000 0.000000
 72.000000 0.677236 246.779995 265.000000 0.000000 0.000000 0.000000 0.000000
 72.250000 0.678751 249.233953 267.000000 0.000000 0.000000 0.000000 0.000000
 72.500000 0.677703 248.199402 269.000000 0.000000 0.000000 0.000000 0.000000
 72.750000 0.679579 251.707664 274.000000 0.000000 0.000000 0.000000 0.000000
 73.000000 0.689216 255.814179 269.000000 0.000000 0.000000 0.000000 0.000000
 73.250000 0.695955 261.868866 278.000000 0.000000 0.000000 0.000000 0.000000
 73.500000 0.693610 260.146006 278.000000 0.000000 0.000000 0.000000 0.000000
 73.750000 0.692257 260.690100 280.000000 0.000000 0.000000 0.000000 0.000000
 74.000000 0.689434 256.919817 270.000000 0.000000 0.000000 0.000000 0.000000
 74.250000 0.686040 252.886801 270.000000 0.000000 0.000000 0.000000 0.000000
 74.500000 0.690871 256.297505 268.000000 0.000000 0.000000 0.000000 0.000000
 74.750000 0.682696 251.918483 267.000000 0.000000 0.000000 0.000000 0.000000
 75.000000 0.686909 258.346519 282.000000 0.000000 0.000000 0.000000 0.000000
 75.250000 0.687301 254.513962 270.000000 0.000000 0.000000 0.000000 0.000000
 75.500000 0.681250 250.368706 267.000000 0.000000 0.000000 0.000000 0.000000
 75.750000 0.683718 251.336252 266.000000 0.000000 0.000000 0.000000 0.000000
 76.000000 0.677447 248.071413 265.000000 0.000000 0.000000 0.000000 0.000000
 76.250000 0.682962 251.252677 267.000000 0.000000 0.000000 0.000000 0.000000
 76.500000 0.685213 252.549604 269.000000 0.000000 0.000000 0.000000 0.000000
 76.750000 0.692833 258.685198 273.000000 0.000000 0.000000 0.000000 0.000000
 77.000000 0.683895 249.919105 266.000000 0.000000 0.000000 0.000000 0.000000
 77.250000 0.688438 256.608396 272.000000 0.000000 0.000000 0.000000 0.000000
 77.500000 0.683789 251.636641 267.000000 0.000000 0.000000 0.000000 0.000000
 77.750000 0.693047 256.166770 268.000000 0.000000 0.000000 0.000000 0.000000
 78.000000 0.689119 256.752850 274.000000 0.000000 0.000000 0.000000 0.000000
 78.250000 0.690250 255.324699 267.000000 0.000000 0.000000 0.000000 0.000000
 78.500000 0.690415 256.201347 266.000000 0.000000 0.000000 0.000000 0.000000
 78.750000 0.695801 261.792616 272.000000 0.000000 0.000000 0.000000 0.000000
 79.000000 0.690484 259.764583 274.000000 0.000000 0.000000 0.000000 0.000000
 79.250000 0.692099 257.559235 268.000000 0.000000 0.000000 0.000000 0.000000
 79.500000 0.693666 262.568157 277.000000 0.000000 0.000000 0.000000 0.000000
 79.750000 0.682878 252.017136 275.000000 0.000000 0.000000 0.000000 0.000000
 80.000000 0.689128 253.135976 268.000000 0.000000 0.000000 0.000000 0.000000
 80.250000 0.689397 257.575748 272.000000 0.000000 0.000000 0.000000 0.000000
 80.500000 0.687876 257.992967 276.000000 0.000000 0.000000 0.000000 0.000000
 80.750000 0.690665 258.397114 276.000000 0.000000 0.000000 0.000000 0.000000
 81.000000 0.687229 254.738506 275.000000 0.000000 0.000000 0.000000 0.000000
 81.250000 0.681119 250.499366 271.000000 0.000000 0.000000 0.000000 0.000000
 81.500000 0.676226 245.924723 272.000000 0.000000 0.000000 0.000000 0.000000
 81.750000 0.682364 254.480522 278.000000 0.000000 0.000000 0.000000 0.000000
 82.000000 0.681211 252.073669 271.000000 0.000000 0.000000 0.000000 0.000000
 82.250000 0.682852 253.694620 271.000000 0.000000 0.000000 0.000000 0.000000
 82.500000 0.685568 252.486789 270.000000 0.000000 0.000000 0.000000 0.000000
 82.750000 0.690602 254.864045 270.000000 0.000000 0.000000 0.000000 0.000000
 83.000000 0.688635 256.967501 265.000000 0.000000 0.000000 0.000000 0.000000
 83.250000 0.682386 253.561265 277.000000 0.000000 0.000000 0.000000 0.000000
 83.500000 0.691808 263.571438 280.000000 0.000000 0.000000 0.000000 0.000000
 83.750000 0.694552 264.403483 286.000000 0.000000 0.000000 0.000000 0.000000
 84.000000 0.685570 256.478122 275.000000 0.000000 0.000000 0.000000 0.000000
 84.250000 0.689910 260.346471 279.000000 0.000000 0.000000 0.000000 0.000000
 84.500000 0.683789 254.914838 275.000000 0.000000 0.000000 0.000000 0.000000
 84.750000 0.688509 258.661538 273.000000 0.000000 0.000000 0.000000 0.000000
 85.000000 0.685265 255.417058 279.000000 0.000000 0.000000 0.000000 0.000000
 85.250000 0.689450 258.460596 273.000000 0.000000 0.000000 0.000000 0.000000
 85.500000 0.684274 256.156685 275.000000 0.000000 0.000000 0.000000 0.000000
 85.750000 0.683639 257.068615 277.000000 0.000000 0.000000 0.000000 0.000000
 86.000000 0.687489 258.742629 278.000000 0.000000 0.000000 0.000000 0.000000
 86.250000 0.687333 253.834102 267.000000 0.000000 0.000000 0.000000 0.000000
 86.500000 0.686551 254.019934 268.000000 0.000000 0.000000 0.000000 0.000000
 86.750000 0.687006 257.348481 276.000000 0.000000 0.000000 0.000000 0.000000
 87.000000 0.683833 253.821510 271.000000 0.000000 0.000000 0.000000 0.000000
 87.250000 0.691208 262.882363 274.000000 0.000000 0.000000 0.000000 0.000000
 87.500000 0.680928 250.205614 268.000000 0.000000 0.000000 0.000000 0.000000
 87.750000 0.680581 252.018393 266.000000 0.000000 0.000000 0.000000 0.000000
 88.000000 0.685256 256.177898 272.000000 0.000000 0.000000 0.000000 0.000000
 88.250000 0.685997 256.464609 269.000000 0.000000 0.000000 0.000000 0.000000
 88.500000 0.681548 251.831160 266.000000 0.000000 0.000000 0.000000 0.000000
 88.750000 0.683115 253.587414 276.000000 0.000000 0.000000 0.000000 0.000000
 89.000000 0.685325 255.530465 273.000000 0.000000 0.000000 0.000000 0.000000
 89.250000 0.687308 258.989506 281.000000 0.000000 0.000000 0.000000 0.000000
 89.500000 0.684494 253.201449 270.000000 0.000000 0.000000 0.000000 0.000000
 89.750000 0.691319 260.711175 276.000000 0.000000 0.000000 0.000000 0.000000
 90.000000 0.682484 251.371817 274.000000 0.000000 0.000000 0.000000 0.000000
 90.250000 0.684498 258.006294 278.000000 0.000000 0.000000 0.000000 0.000000
 90.500000 0.689902 261.354726 275.000000 0.000000 0.000000 0.000000 0.000000
 90.750000 0.686913 257.167581 274.000000 0.000000 0.000000 0.000000 0.000000
 91.000000 0.687429 257.710293 278.000000 0.000000 0.000000 0.000000 0.000000
 91.250000 0.686193 258.452688 277.000000 0.000000 0.000000 0.000000 0.000000
 91.500000 0.680753 250.722817 278.000000 0.000000 0.000000 0.000000 0.000000
 91.750000 0.690908 259.659595 273.000000 0.000000 0.000000 0.000000 0.000000
 92.000000 0.674206 245.558766 264.000000 0.000000 0.000000 0.000000 0.000000
 92.250000 0.684601 250.775168 264.000000 0.000000 0.000000 0.000000 0.000000
 92.500000 0.684633 253.730780 272.000000 0.000000 0.000000 0.000000 0.000000
 92.750000 0.676894 245.581567 269.000000 0.000000 0.000000 0.000000 0.000000
 93.000000 0.683565 249.185562 268.000000 0.000000 0.000000 0.000000 0.000000
 93.250000 0.692208 257.422658 268.000000 0.000000 0.000000 0.000000 0.000000
 93.500000 0.682800 250.489689 270.000000 0.000000 0.000000 0.000000 0.000000
 93.750000 0.691221 256.340302 273.000000 0.000000 0.000000 0.000000 0.000000
 94.000000 0.682749 252.235334 272.000000 0.000000 0.000000 0.000000 0.000000
 94.250000 0.680253 253.273050 274.000000 0.000000 0.000000 0.000000 0.000000
 94.500000 0.679822 248.831862 270.000000 0.000000 0.000000 0.000000 0.000000
 94.750000 0.680273 247.798843 265.000000 0.000000 0.000000 0.000000 0.000000
 95.000000 0.681584 252.772266 273.000000 0.000000 0.000000 0.000000 0.000000
 95.250000 0.676619 247.263518 268.000000 0.000000 0.000000 0.000000 0.000000
 95.500000 0.679758 248.413889 269.000000 0.000000 0.000000 0.000000 0.000000
 95.750000 0.681069 249.429488 266.000000 0.000000 0.000000 0.000000 0.000000
 96.000000 0.682603 256.241029 277.000000 0.000000 0.000000 0.000000 0.000000
 96.250000 0.680882 252.108461 269.000000 0.000000 0.000000 0.000000 0.000000
 96.500000 0.680967 256.440483 277.000000 0.000000 0.000000 0.000000 0.000000
 96.750000 0.675534 250.461326 275.000000 0.000000 0.000000 0.000000 0.000000
 97.000000 0.676054 252.035852 279.000000 0.000000 0.000000 0.000000 0.000000
 97.250000 0.676443 253.899882 278.000000 0.000000 0.000000 0.000000 0.000000
 97.500000 0.677910 254.192571 276.000000 0.000000 0.000000 0.000000 0.000000
 97.750000 0.682704 255.976018 278.000000 0.000000 0.000000 0.000000 0.000000
 98.000000 0.677330 251.252431 277.000000 0.000000 0.000000 0.000000 0.000000
 98.250000 0.682878 255.975820 278.000000 0.000000 0.000000 0.000000 0.000000
 98.500000 0.680036 252.683194 274.000000 0.000000 0.000000 0.000000 0.000000
 98.750000 0.677076 249.960768 273.000000 0.000000 0.000000 0.000000 0.000000
 99.000000 0.683389 251.288724 267.000000 0.000000 0.000000 0.000000 0.000000
 99.250000 0.674095 245.919100 276.000000 0.000000 0.000000 0.000000 0.000000
 99.500000 0.681386 255.828051 278.000000 0.000000 0.000000 0.000000 0.000000
 99.750000 0.678376 250.883782 272.000000 0.000000 0.000000 0.000000 0.000000
 100.000000 0.680593 251.618766 272.000000 0.000000 0.000000 0.000000 0.000000
 100.250000 0.679948 250.606365 271.000000 0.000000 0.000000 0.000000 0.000000
 100.500000 0.682355 254.668581 274.000000 0.000000 0.000000 0.000000 0.000000
 100.750000 0.679639 249.523158 266.000000 0.000000 0.000000 0.000000 0.000000
 101.000000 0.668757 242.924754 265.000000 0.000000 0.000000 0.000000 0.000000
 101.250000 0.678776 249.871543 270.000000 0.000000 0.000000 0.000000 0.000000
 101.500000 0.684437 254.870449 271.000000 0.000000 0.000000 0.000000 0.000000
 101.750000 0.683053 256.728073 273.000000 0.000000 0.000000 0.000000 0.000000
 102.000000 0.679664 251.374888 273.000000 0.000000 0.000000 0.000000 0.000000
 102.250000 0.689655 256.968292 270.000000 0.000000 0.000000 0.000000 0.000000
 102.500000 0.686901 256.839687 276.000000 0.000000 0.000000 0.000000 0.000000
 102.750000 0.674562 248.910688 266.000000 0.000000 0.000000 0.000000 0.000000
 103.000000 0.678772 250.799225 270.000000 0.000000 0.000000 0.000000 0.000000
 103.250000 0.681325 253.746271 271.000000 0.000000 0.000000 0.000000 0.000000
 103.500000 0.674213 247.993471 267.000000 0.000000 0.000000 0.000000 0.000000
 103.750000 0.677915 250.440889 266.000000 0.000000 0.000000 0.000000 0.000000
 104.000000 0.681580 250.056767 271.000000 0.000000 0.000000 0.000000 0.000000
 104.250000 0.684526 255.798469 273.000000 0.000000 0.000000 0.000000 0.000000
 104.500000 0.673949 246.290606 267.000000 0.000000 0.000000 0.000000 0.000000
 104.750000 0.683338 254.220101 271.000000 0.000000 0.000000 0.000000 0.000000
 105.000000 0.673833 244.036478 265.000000 0.000000 0.000000 0.000000 0.000000
 105.250000 0.678955 250.492733 270.000000 0.000000 0.000000 0.000000 0.000000
 105.500000 0.681656 254.249721 270.000000 0.000000 0.000000 0.000000 0.000000
 105.750000 0.691132 262.248696 281.000000 0.000000 0.000000 0.000000 0.000000
 106.000000 0.686704 258.039857 278.000000 0.000000 0.000000 0.000000 0.000000
 106.250000 0.684412 259.501499 278.000000 0.000000 0.000000 0.000000 0.000000
 106.500000 0.682548 253.324155 276.000000 0.000000 0.000000 0.000000 0.000000
 106.750000 0.680999 251.926643 272.000000 0.000000 0.000000 0.000000 0.000000
 107.000000 0.674774 247.782345 270.000000 0.000000 0.000000 0.000000 0.000000
 107.250000 0.680546 254.177414 278.000000 0.000000 0.000000 0.000000 0.000000
 107.500000 0.683642 256.745021 276.000000 0.000000 0.000000 0.000000 0.000000
 107.750000 0.675572 249.538348 273.000000 0.000000 0.000000 0.000000 0.000000
 108.000000 0.682543 255.418796 275.000000 0.000000 0.000000 0.000000 0.000000
 108.250000 0.681311 254.860783 271.000000 0.000000 0.000000 0.000000 0.000000
 108.500000 0.686512 258.506050 276.000000 0.000000 0.000000 0.000000 0.000000
 108.750000 0.684270 257.501703 278.000000 0.000000 0.000000 0.000000 0.000000
 109.000000 0.681033 255.059338 274.000000 0.000000 0.000000 0.000000 0.000000
 109.250000 0.683576 256.716533 279.000000 0.000000 0.000000 0.000000 0.000000
 109.500000 0.678004 253.791468 275.000000 0.000000 0.000000 0.000000 0.000000
 109.750000 0.677523 252.552778 276.000000 0.000000 0.000000 0.000000 0.000000
 110.000000 0.687927 260.852589 275.000000 0.000000 0.000000 0.000000 0.000000
 110.250000 0.684089 258.407636 279.000000 0.000000 0.000000 0.000000 0.000000
 110.500000 0.686996 258.665192 269.000000 0.000000 0.000000 0.000000 0.000000
 110.750000 0.691765 260.217378 276.000000 0.000000 0.000000 0.000000 0.000000
 111.000000 0.695440 263.440081 276.000000 0.000000 0.000000 0.000000 0.000000
 111.250000 0.676549 247.694690 269.000000 0.000000 0.000000 0.000000 0.000000
 111.500000 0.682089 254.631072 270.000000 0.000000 0.000000 0.000000 0.000000
 111.750000 0.672566 246.411736 266.000000 0.000000 0.000000 0.000000 0.000000
 112.000000 0.673170 245.078963 267.000000 0.000000 0.000000 0.000000 0.000000
 112.250000 0.682277 254.118245 273.000000 0.000000 0.000000 0.000000 0.000000
 112.500000 0.675105 245.901802 266.000000 0.000000 0.000000 0.000000 0.000000
 112.750000 0.682151 250.446434 268.000000 0.000000 0.000000 0.000000 0.000000
 113.000000 0.669307 238.585329 262.000000 0.000000 0.000000 2.001295 8.005180
 113.250000 0.687407 252.000843 267.000000 0.000000 0.000000 0.000000 0.000000
 113.500000 0.676954 242.980064 264.000000 0.000000 0.000000 0.000000 0.000000
 113.750000 0.681364 248.982308 264.000000 0.000000 0.000000 0.000000 0.000000
 114.000000 0.683499 251.978553 270.000000 0.000000 0.000000 0.000000 0.000000
 114.250000 0.683512 253.591368 270.000000 0.000000 0.000000 0.000000 0.000000
 114.500000 0.678665 248.213271 271.000000 0.000000 0.000000 0.000000 0.000000
 114.750000 0.683642 255.733821 271.000000 0.000000 0.000000 0.000000 0.000000
 115.000000 0.694062 264.842453 278.000000 0.000000 0.000000 0.000000 0.000000
 115.250000 0.684529 255.424035 277.000000 0.000000 0.000000 0.000000 0.000000
 115.500000 0.676972 246.962405 263.000000 0.000000 0.000000 0.000000 0.000000
 115.750000 0.686358 255.539774 269.000000 0.000000 0.000000 0.000000 0.000000
 116.000000 0.689636 259.234358 276.000000 0.000000 0.000000 0.000000 0.000000
 116.250000 0.688304 257.457500 267.000000 0.000000 0.000000 0.000000 0.000000
 116.500000 0.685457 253.431652 269.000000 0.000000 0.000000 0.000000 0.000000
 116.750000 0.682924 254.091855 274.000000 0.000000 0.000000 0.000000 0.000000
 117.000000 0.685471 255.001950 272.000000 0.000000 0.000000 0.000000 0.000000
 117.250000 0.684536 255.323864 265.000000 0.000000 0.000000 0.000000 0.000000
 117.500000 0.686804 257.613161 271.000000 0.000000 0.000000 0.000000 0.000000
 117.750000 0.686675 255.275522 270.000000 0.000000 0.000000 0.000000 0.000000
 118.000000 0.686335 253.847264 266.000000 0.000000 0.000000 0.000000 0.000000
 118.250000 0.687956 256.404365 269.000000 0.000000 0.000000 0.000000 0.000000
 118.500000 0.692554 257.436724 269.000000 0.000000 0.000000 0.000000 0.000000
 118.750000 0.689676 260.026297 279.000000 0.000000 0.000000 0.000000 0.000000
 119.000000 0.691625 262.336943 279.000000 0.000000 0.000000 0.000000 0.000000
 119.250000 0.692532 261.771033 275.000000 0.000000 0.000000 0.000000 0.000000
 119.500000 0.687557 257.295128 272.000000 0.000000 0.000000 0.000000 0.000000
 119.750000 0.694758 262.875335 275.000000 0.000000 0.000000 0.000000 0.000000
 120.000000 0.688657 257.515248 273.000000 0.000000 0.000000 0.000000 0.000000
 120.250000 0.682724 251.640238 269.000000 0.000000 0.000000 0.000000 0.000000
 120.500000 0.682933 251.348584 269.000000 0.000000 0.000000 0.000000 0.000000
 120.750000 0.685580 256.617605 271.000000 0.000000 0.000000 0.000000 0.000000
 121.000000 0.688254 258.421358 278.000000 0.000000 0.000000 0.000000 0.000000
 121.250000 0.684569 255.276834 272.000000 0.000000 0.000000 0.000000 0.000000
 121.500000 0.674812 245.557997 265.000000 0.000000 0.000000 0.000000 0.000000
 121.750000 0.680924 251.349284 270.000000 0.000000 0.000000 0.000000 0.000000
 122.000000 0.683909 256.478587 275.000000 0.000000 0.000000 0.000000 0.000000
 122.250000 0.681313 251.810393 271.000000 0.000000 0.000000 0.000000 0.000000
 122.500000 0.689371 261.536450 276.000000 0.000000 0.000000 0.000000 0.000000
 122.750000 0.681426 254.952788 276.000000 0.000000 0.000000 0.000000 0.000000
 123.000000 0.685462 257.861963 273.000000 0.000000 0.000000 0.000000 0.000000
 123.250000 0.694748 262.055300 278.000000 0.000000 0.000000 0.000000 0.000000
 123.500000 0.677355 249.111222 272.000000 0.000000 0.000000 0.000000 0.000000
 123.750000 0.684890 259.093014 278.000000 0.000000 0.000000 0.000000 0.000000
 124.000000 0.686690 258.110268 274.000000 0.000000 0.000000 0.000000 0.000000
 124.250000 0.689370 259.632973 272.000000 0.000000 0.000000 0.000000 0.000000
 124.500000 0.682748 251.872822 268.000000 0.000000 0.000000 0.000000 0.000000
 124.750000 0.689373 260.608921 276.000000 0.000000 0.000000 0.000000 0.000000
 125.000000 0.686461 258.231321 271.000000 0.000000 0.000000 0.000000 0.000000
