#! FIELDS time refcv.mean refcv.morethan
 20.000000 1.709471 287.999879
 25.000000 1.734257 287.999897
 30.000000 1.740699 287.999905
 35.000000 1.745361 287.999908
 40.000000 1.749403 287.999906
 45.000000 1.745470 287.999909
 50.000000 1.710800 287.999879
 55.000000 1.723917 287.999892
 60.000000 1.728245 287.999893
 65.000000 1.745101 287.999908
 70.000000 1.730605 287.999899
 75.000000 1.733429 287.999898
 80.000000 1.731652 287.999895
 85.000000 1.733175 287.999898
 90.000000 1.763837 287.999918
 95.000000 1.721903 287.999886
 100.000000 1.742836 287.999905
 105.000000 1.753251 287.999912
 110.000000 1.747790 287.999908
 115.000000 1.750296 287.999909
 120.000000 1.750199 287.999910
 125.000000 1.745875 287.999904
 130.000000 1.736790 287.999901
 135.000000 1.709407 287.999881
 140.000000 1.730797 287.999892
 145.000000 1.752397 287.999910
 150.000000 1.738829 287.999897
 155.000000 1.748461 287.999903
 160.000000 1.752142 287.999906
 165.000000 1.726928 287.999893
 170.000000 1.747526 287.999908
 175.000000 1.716004 287.999881
 180.000000 1.742433 287.999904
 185.000000 1.708290 287.999871
 190.000000 1.739980 287.999900
 195.000000 1.727288 287.999894
 200.000000 1.734864 287.999893
 205.000000 1.744661 287.999906
 210.000000 1.762536 287.999917
 215.000000 1.756265 287.999915
 220.000000 1.738094 287.999900
 225.000000 1.742802 287.999905
 230.000000 1.756958 287.999912
 235.000000 1.750256 287.999910
 240.000000 1.728782 287.999894
 245.000000 1.746120 287.999906
 250.000000 1.771665 287.999919
 255.000000 1.739255 287.999899
 260.000000 1.751339 287.999910
 265.000000 1.751789 287.999909
 270.000000 1.743865 287.999903
 275.000000 1.773103 287.999922
 280.000000 1.772590 287.999923
 285.000000 1.731782 287.999895
 290.000000 1.729653 287.999896
 295.000000 1.762520 287.999916
 300.000000 1.718907 287.999883
 305.000000 1.754704 287.999910
 310.000000 1.715798 287.999883
 315.000000 1.742660 287.999902
 320.000000 1.718280 287.999885
 325.000000 1.754649 287.999911
 330.000000 1.762622 287.999917
 335.000000 1.751991 287.999909
 340.000000 1.739441 287.999903
 345.000000 1.757534 287.999913
 350.000000 1.741101 287.999903
 355.000000 1.755481 287.999912
 360.000000 1.716239 287.999884
 365.000000 1.722540 287.999891
 370.000000 1.720322 287.999889
 375.000000 1.730056 287.999894
 380.000000 1.710781 287.999880
 385.000000 1.729800 287.999894
 390.000000 1.735783 287.999898
 395.000000 1.721724 287.999887
 400.000000 1.734872 287.999900
 405.000000 1.753774 287.999908
 410.000000 1.761065 287.999917
 415.000000 1.749790 287.999906
 420.000000 1.774732 287.999918
 425.000000 1.742321 287.999899
 430.000000 1.761441 287.999914
 435.000000 1.746005 287.999904
 440.000000 1.728207 287.999895
 445.000000 1.718833 287.999887
 450.000000 1.745626 287.999906
 455.000000 1.740981 287.999900
 460.000000 1.748239 287.999908
 465.000000 1.735263 287.999900
 470.000000 1.731693 287.999897
 475.000000 1.752481 287.999911
 480.000000 1.737474 287.999899
 485.000000 1.752343 287.999913
 490.000000 1.768637 287.999920
 495.000000 1.746472 287.999906
 500.000000 1.724046 287.999890
 505.000000 1.750490 287.999911
 510.000000 1.769964 287.999922
 515.000000 1.738899 287.999900
 520.000000 1.750527 287.999909
 525.000000 1.746652 287.999906
 530.000000 1.764228 287.999916
 535.000000 1.748556 287.999908
 540.000000 1.748276 287.999908
 545.000000 1.730021 287.999895
 550.000000 1.725944 287.999891
 555.000000 1.717959 287.999886
 560.000000 1.719813 287.999888
 565.000000 1.723878 287.999890
 570.000000 1.713490 287.999878
 575.000000 1.755170 287.999910
 580.000000 1.723702 287.999891
 585.000000 1.723257 287.999889
 590.000000 1.756926 287.999911
 595.000000 1.725614 287.999889
 600.000000 1.726756 287.999893
 605.000000 1.740311 287.999904
 610.000000 1.735881 287.999898
 615.000000 1.711479 287.999876
 620.000000 1.747080 287.999909
 625.000000 1.722088 287.999886
 630.000000 1.726303 287.999891
 635.000000 1.730309 287.999895
 640.000000 1.716438 287.999885
 645.000000 1.721648 287.999885
 650.000000 1.718492 287.999885
 655.000000 1.732156 287.999895
 660.000000 1.719447 287.999888
 665.000000 1.716708 287.999883
 670.000000 1.736564 287.999899
 675.000000 1.724242 287.999891
 680.000000 1.712784 287.999883
 685.000000 1.698243 287.999868
 690.000000 1.710983 287.999882
 695.000000 1.738403 287.999903
 700.000000 1.724429 287.999891
 705.000000 1.721917 287.999891
 710.000000 1.718237 287.999886
 715.000000 1.728678 287.999893
 720.000000 1.727123 287.999896
 725.000000 1.723857 287.999891
 730.000000 1.726423 287.999894
 735.000000 1.742402 287.999904
 740.000000 1.745995 287.999907
 745.000000 1.718601 287.999889
 750.000000 1.731301 287.999895
 755.000000 1.736953 287.999897
 760.000000 1.756889 287.999912
 765.000000 1.738282 287.999901
 770.000000 1.743568 287.999906
 775.000000 1.729190 287.999891
 780.000000 1.730001 287.999897
 785.000000 1.733951 287.999898
 790.000000 1.757736 287.999915
 795.000000 1.719769 287.999887
 800.000000 1.692379 287.999863
 805.000000 1.723722 287.999894
 810.000000 1.739961 287.999903
 815.000000 1.731254 287.999898
 820.000000 1.742844 287.999907
 825.000000 1.731179 287.999898
 830.000000 1.748783 287.999909
 835.000000 1.755207 287.999911
 840.000000 1.751850 287.999910
 845.000000 1.768228 287.999919
 850.000000 1.761444 287.999915
 855.000000 1.756186 287.999912
 860.000000 1.736577 287.999897
 865.000000 1.730301 287.999890
 870.000000 1.735102 287.999893
 875.000000 1.736724 287.999899
 880.000000 1.730998 287.999896
 885.000000 1.736946 287.999901
 890.000000 1.749877 287.999909
 895.000000 1.742998 287.999902
 900.000000 1.712313 287.999878
 905.000000 1.724043 287.999888
 910.000000 1.721123 287.999889
 915.000000 1.726225 287.999892
 920.000000 1.742998 287.999906
 925.000000 1.749510 287.999909
 930.000000 1.754588 287.999911
 935.000000 1.720437 287.999888
 940.000000 1.730504 287.999897
 945.000000 1.733689 287.999898
 950.000000 1.743100 287.999907
 955.000000 1.710801 287.999880
 960.000000 1.719758 287.999889
 965.000000 1.708392 287.999878
 970.000000 1.714732 287.999884
 975.000000 1.733346 287.999900
 980.000000 1.739816 287.999904
 985.000000 1.734016 287.999898
 990.000000 1.732500 287.999893
 995.000000 1.721244 287.999888
 1000.000000 1.726388 287.999892
