#! FIELDS time refcv.mean refcv.morethan
 20.000000 0.802741 286.827035
 25.000000 0.812147 287.015463
 30.000000 0.818922 287.130031
 35.000000 0.818266 287.126642
 40.000000 0.816620 287.071281
 45.000000 0.815253 287.093912
 50.000000 0.801648 286.794757
 55.000000 0.804155 286.900068
 60.000000 0.811700 286.975605
 65.000000 0.817424 287.082533
 70.000000 0.810008 287.014641
 75.000000 0.811717 287.001471
 80.000000 0.811853 286.974835
 85.000000 0.808654 286.960528
 90.000000 0.824373 287.193756
 95.000000 0.805888 286.869012
 100.000000 0.816930 287.095310
 105.000000 0.820226 287.131186
 110.000000 0.816617 287.084062
 115.000000 0.818039 287.109321
 120.000000 0.817036 287.087794
 125.000000 0.815902 287.024242
 130.000000 0.815138 287.041892
 135.000000 0.805243 286.882791
 140.000000 0.813306 286.974136
 145.000000 0.818898 287.099167
 150.000000 0.815476 286.990788
 155.000000 0.817796 287.058731
 160.000000 0.817742 287.044929
 165.000000 0.807686 286.962382
 170.000000 0.817657 287.111998
 175.000000 0.804972 286.900066
 180.000000 0.817348 287.108448
 185.000000 0.800763 286.759487
 190.000000 0.817167 287.046042
 195.000000 0.809587 286.974489
 200.000000 0.811144 286.921529
 205.000000 0.815947 287.045707
 210.000000 0.823583 287.162183
 215.000000 0.821596 287.156930
 220.000000 0.815975 287.052347
 225.000000 0.815087 287.045721
 230.000000 0.823795 287.115102
 235.000000 0.820041 287.133550
 240.000000 0.810580 286.972733
 245.000000 0.817767 287.060506
 250.000000 0.829041 287.175976
 255.000000 0.821032 287.074503
 260.000000 0.821361 287.142963
 265.000000 0.821748 287.137172
 270.000000 0.815931 287.019866
 275.000000 0.828104 287.223020
 280.000000 0.826960 287.212776
 285.000000 0.813028 286.991202
 290.000000 0.809159 286.962979
 295.000000 0.826715 287.180896
 300.000000 0.807115 286.839551
 305.000000 0.819968 287.108921
 310.000000 0.801501 286.813184
 315.000000 0.814594 287.024493
 320.000000 0.805423 286.888406
 325.000000 0.817178 287.087276
 330.000000 0.821574 287.151586
 335.000000 0.816559 287.062219
 340.000000 0.810009 287.006087
 345.000000 0.818870 287.103295
 350.000000 0.812882 287.038425
 355.000000 0.819393 287.123153
 360.000000 0.801776 286.847473
 365.000000 0.805571 286.927313
 370.000000 0.804475 286.872193
 375.000000 0.807637 286.926898
 380.000000 0.803569 286.882161
 385.000000 0.812443 287.011513
 390.000000 0.814065 287.036039
 395.000000 0.806781 286.898046
 400.000000 0.812499 287.026897
 405.000000 0.821700 287.123332
 410.000000 0.822094 287.166152
 415.000000 0.817818 287.058844
 420.000000 0.828025 287.145513
 425.000000 0.815882 287.001909
 430.000000 0.822665 287.128853
 435.000000 0.817182 287.054294
 440.000000 0.808517 286.957535
 445.000000 0.806511 286.901004
 450.000000 0.817270 287.093742
 455.000000 0.815646 287.025851
 460.000000 0.817639 287.098453
 465.000000 0.811954 287.003003
 470.000000 0.810443 286.988142
 475.000000 0.817645 287.090348
 480.000000 0.813903 286.997303
 485.000000 0.819963 287.142282
 490.000000 0.827307 287.221870
 495.000000 0.818559 287.099413
 500.000000 0.807924 286.935677
 505.000000 0.820288 287.132037
 510.000000 0.829033 287.238841
 515.000000 0.813964 287.019079
 520.000000 0.824977 287.169107
 525.000000 0.817944 287.077861
 530.000000 0.826475 287.185341
 535.000000 0.818852 287.096960
 540.000000 0.820790 287.125323
 545.000000 0.813656 287.024923
 550.000000 0.809827 286.914082
 555.000000 0.807972 286.938253
 560.000000 0.809655 286.971442
 565.000000 0.812194 286.995320
 570.000000 0.805045 286.831710
 575.000000 0.820095 287.117945
 580.000000 0.808081 286.955806
 585.000000 0.807637 286.910812
 590.000000 0.821856 287.105795
 595.000000 0.806277 286.880296
 600.000000 0.807045 286.910348
 605.000000 0.818034 287.082935
 610.000000 0.814662 287.047916
 615.000000 0.800023 286.726793
 620.000000 0.817836 287.099367
 625.000000 0.802741 286.813422
 630.000000 0.806629 286.879481
 635.000000 0.809729 286.949061
 640.000000 0.803292 286.857732
 645.000000 0.807070 286.853780
 650.000000 0.802693 286.834861
 655.000000 0.806814 286.921669
 660.000000 0.803900 286.869752
 665.000000 0.805425 286.856610
 670.000000 0.813810 287.018685
 675.000000 0.810305 286.979307
 680.000000 0.804499 286.895187
 685.000000 0.796206 286.754634
 690.000000 0.801851 286.852183
 695.000000 0.812557 287.053850
 700.000000 0.807046 286.903953
 705.000000 0.803843 286.907911
 710.000000 0.804861 286.901153
 715.000000 0.806575 286.890716
 720.000000 0.808641 286.993639
 725.000000 0.804742 286.892785
 730.000000 0.812128 287.028545
 735.000000 0.818026 287.091650
 740.000000 0.816262 287.064113
 745.000000 0.802969 286.886936
 750.000000 0.808320 286.930518
 755.000000 0.812023 286.928353
 760.000000 0.822029 287.121320
 765.000000 0.815531 287.059169
 770.000000 0.818221 287.112205
 775.000000 0.810861 286.943390
 780.000000 0.810146 286.974194
 785.000000 0.808035 286.937283
 790.000000 0.822032 287.140377
 795.000000 0.807597 286.918006
 800.000000 0.795489 286.702733
 805.000000 0.807096 286.976776
 810.000000 0.817264 287.073921
 815.000000 0.811611 287.011109
 820.000000 0.817799 287.099931
 825.000000 0.812951 287.025204
 830.000000 0.822057 287.153828
 835.000000 0.828819 287.186388
 840.000000 0.825368 287.175525
 845.000000 0.832799 287.248948
 850.000000 0.830280 287.215501
 855.000000 0.824923 287.157956
 860.000000 0.820410 287.051528
 865.000000 0.819291 287.011067
 870.000000 0.818063 286.989266
 875.000000 0.821281 287.070507
 880.000000 0.817422 287.049799
 885.000000 0.818834 287.099282
 890.000000 0.826925 287.186560
 895.000000 0.824073 287.127070
 900.000000 0.808777 286.895709
 905.000000 0.809007 286.911655
 910.000000 0.809930 286.971299
 915.000000 0.811999 286.994861
 920.000000 0.820583 287.129626
 925.000000 0.819326 287.113484
 930.000000 0.821205 287.120084
 935.000000 0.810644 286.978452
 940.000000 0.811744 287.014390
 945.000000 0.809983 286.973009
 950.000000 0.818945 287.133547
 955.000000 0.803141 286.849325
 960.000000 0.810180 286.980972
 965.000000 0.800812 286.790983
 970.000000 0.805594 286.893355
 975.000000 0.816834 287.090496
 980.000000 0.818578 287.114738
 985.000000 0.814748 287.041934
 990.000000 0.816488 287.024373
 995.000000 0.809671 286.962601
 1000.000000 0.811714 286.988915
