#! FIELDS time refcv.mean refcv.morethan
 20.000000 0.305570 3.587991
 25.000000 0.303983 2.692577
 30.000000 0.312061 3.408830
 35.000000 0.307471 3.382637
 40.000000 0.304453 2.670936
 45.000000 0.302890 2.284471
 50.000000 0.301717 2.622852
 55.000000 0.297300 1.974157
 60.000000 0.305667 3.369046
 65.000000 0.309152 4.282055
 70.000000 0.307483 3.462724
 75.000000 0.304057 2.915300
 80.000000 0.309260 3.306971
 85.000000 0.300784 1.973362
 90.000000 0.309977 3.903033
 95.000000 0.299749 2.159481
 100.000000 0.311059 3.126053
 105.000000 0.309982 3.046292
 110.000000 0.309102 3.348245
 115.000000 0.303711 2.482655
 120.000000 0.307790 2.996706
 125.000000 0.305899 3.490070
 130.000000 0.312743 5.151262
 135.000000 0.308922 3.866652
 140.000000 0.310898 4.462517
 145.000000 0.307239 2.796851
 150.000000 0.308754 2.831993
 155.000000 0.305866 2.479038
 160.000000 0.303334 2.350160
 165.000000 0.302284 2.466333
 170.000000 0.303440 1.852335
 175.000000 0.302318 2.120498
 180.000000 0.309113 2.770493
 185.000000 0.302408 2.205906
 190.000000 0.310722 2.496105
 195.000000 0.301386 2.704886
 200.000000 0.302705 2.335975
 205.000000 0.306190 3.293578
 210.000000 0.304949 2.436082
 215.000000 0.305632 2.783371
 220.000000 0.312375 3.522464
 225.000000 0.303378 3.135672
 230.000000 0.309242 3.380072
 235.000000 0.308198 2.868674
 240.000000 0.302984 2.869864
 245.000000 0.305349 2.965691
 250.000000 0.312568 4.842464
 255.000000 0.316735 4.629846
 260.000000 0.308395 3.474339
 265.000000 0.311146 3.878369
 270.000000 0.305908 2.493468
 275.000000 0.310038 2.577168
 280.000000 0.307521 3.078169
 285.000000 0.310874 3.697406
 290.000000 0.301270 2.401673
 295.000000 0.315425 4.371683
 300.000000 0.306055 4.024459
 305.000000 0.306620 3.121966
 310.000000 0.295585 1.798021
 315.000000 0.303107 3.414823
 320.000000 0.300332 1.806169
 325.000000 0.297964 2.368616
 330.000000 0.301585 1.853325
 335.000000 0.301279 2.412803
 340.000000 0.297496 1.591051
 345.000000 0.298657 1.816559
 350.000000 0.298144 1.987454
 355.000000 0.301013 1.823197
 360.000000 0.298355 2.243630
 365.000000 0.296378 1.938584
 370.000000 0.298406 2.465936
 375.000000 0.299215 1.676583
 380.000000 0.298330 2.029725
 385.000000 0.305749 3.270799
 390.000000 0.306332 2.452023
 395.000000 0.299663 1.969836
 400.000000 0.301974 1.860996
 405.000000 0.307867 2.987345
 410.000000 0.304392 2.277541
 415.000000 0.302177 3.175485
 420.000000 0.304431 2.219151
 425.000000 0.305262 3.059855
 430.000000 0.303374 2.889827
 435.000000 0.304115 3.492179
 440.000000 0.298999 2.147431
 445.000000 0.302479 2.323373
 450.000000 0.304786 2.675577
 455.000000 0.304857 3.127312
 460.000000 0.302313 2.807500
 465.000000 0.302580 2.491798
 470.000000 0.301821 2.433181
 475.000000 0.302869 2.540623
 480.000000 0.303121 2.726856
 485.000000 0.307628 2.624977
 490.000000 0.310557 3.091966
 495.000000 0.309631 2.912751
 500.000000 0.301561 2.115901
 505.000000 0.308866 2.924987
 510.000000 0.310657 2.813224
 515.000000 0.302237 2.253015
 520.000000 0.316521 4.760263
 525.000000 0.305606 3.230976
 530.000000 0.311099 3.190408
 535.000000 0.309384 4.115225
 540.000000 0.309812 4.134597
 545.000000 0.309240 2.816399
 550.000000 0.303471 2.972212
 555.000000 0.307716 3.469574
 560.000000 0.308065 2.939800
 565.000000 0.309587 3.724507
 570.000000 0.299569 2.439797
 575.000000 0.305842 2.758434
 580.000000 0.303813 2.740778
 585.000000 0.302844 2.104312
 590.000000 0.303673 2.870219
 595.000000 0.296529 1.938558
 600.000000 0.296415 1.935645
 605.000000 0.310010 4.033342
 610.000000 0.304893 2.252165
 615.000000 0.297156 1.978271
 620.000000 0.309491 3.202580
 625.000000 0.293912 1.755124
 630.000000 0.296917 2.272694
 635.000000 0.300762 2.045042
 640.000000 0.295806 1.895913
 645.000000 0.302161 2.986320
 650.000000 0.295887 1.797450
 655.000000 0.293164 1.765253
 660.000000 0.296491 2.989645
 665.000000 0.302021 2.469891
 670.000000 0.303579 2.671190
 675.000000 0.308560 2.909700
 680.000000 0.301223 2.707908
 685.000000 0.297349 1.938667
 690.000000 0.298554 2.283624
 695.000000 0.298884 1.979324
 700.000000 0.300602 3.517331
 705.000000 0.297251 1.762532
 710.000000 0.297871 1.576281
 715.000000 0.297905 2.060308
 720.000000 0.303653 2.634792
 725.000000 0.299387 3.013249
 730.000000 0.306992 3.771133
 735.000000 0.307693 3.316497
 740.000000 0.305885 5.123899
 745.000000 0.297304 2.464023
 750.000000 0.299901 3.164579
 755.000000 0.303451 3.006813
 760.000000 0.306544 2.922483
 765.000000 0.306717 2.763943
 770.000000 0.309105 3.452549
 775.000000 0.303454 3.182930
 780.000000 0.302878 2.703498
 785.000000 0.298107 1.850351
 790.000000 0.305141 4.729099
 795.000000 0.303083 2.737036
 800.000000 0.299651 3.205167
 805.000000 0.300759 2.505666
 810.000000 0.310305 3.129043
 815.000000 0.305203 3.001998
 820.000000 0.308498 3.768794
 825.000000 0.306734 4.098128
 830.000000 0.310952 4.566141
 835.000000 0.323041 8.836197
 840.000000 0.317982 6.791683
 845.000000 0.319115 6.267113
 850.000000 0.319679 7.075340
 855.000000 0.314713 4.932939
 860.000000 0.317365 6.400519
 865.000000 0.321769 7.515904
 870.000000 0.315936 6.095646
 875.000000 0.321119 9.599003
 880.000000 0.314739 7.618024
 885.000000 0.313843 4.431588
 890.000000 0.321283 6.180116
 895.000000 0.319076 5.745869
 900.000000 0.312722 5.065306
 905.000000 0.301984 3.264321
 910.000000 0.306906 2.489209
 915.000000 0.307029 3.102735
 920.000000 0.312834 4.068559
 925.000000 0.303731 2.978381
 930.000000 0.307229 2.627802
 935.000000 0.307163 3.170029
 940.000000 0.303900 2.180726
 945.000000 0.298463 1.949852
 950.000000 0.307021 2.299816
 955.000000 0.303153 2.886424
 960.000000 0.306844 3.659954
 965.000000 0.298355 2.893058
 970.000000 0.302912 3.395917
 975.000000 0.309179 3.297386
 980.000000 0.311189 3.472465
 985.000000 0.306501 2.516511
 990.000000 0.312499 4.241845
 995.000000 0.307112 2.915822
 1000.000000 0.301589 2.675665
