#! FIELDS time refcv.mean refcv.morethan
 20.000000 1.187978 287.990205
 25.000000 1.204218 287.991735
 30.000000 1.210269 287.992447
 35.000000 1.212117 287.992607
 40.000000 1.213554 287.992303
 45.000000 1.210754 287.992527
 50.000000 1.188346 287.990136
 55.000000 1.195338 287.991092
 60.000000 1.201109 287.991400
 65.000000 1.211853 287.992483
 70.000000 1.201554 287.991780
 75.000000 1.203589 287.991730
 80.000000 1.202798 287.991474
 85.000000 1.202182 287.991646
 90.000000 1.224321 287.993344
 95.000000 1.195597 287.990745
 100.000000 1.210684 287.992373
 105.000000 1.217090 287.992832
 110.000000 1.212580 287.992496
 115.000000 1.214410 287.992609
 120.000000 1.213673 287.992585
 125.000000 1.211480 287.992081
 130.000000 1.206933 287.992013
 135.000000 1.188852 287.990505
 140.000000 1.202404 287.991249
 145.000000 1.216018 287.992623
 150.000000 1.207875 287.991602
 155.000000 1.213224 287.992106
 160.000000 1.215558 287.992301
 165.000000 1.198547 287.991345
 170.000000 1.213287 287.992542
 175.000000 1.192512 287.990572
 180.000000 1.210260 287.992337
 185.000000 1.186438 287.989568
 190.000000 1.209645 287.991979
 195.000000 1.199879 287.991408
 200.000000 1.204445 287.991250
 205.000000 1.211410 287.992324
 210.000000 1.223365 287.993231
 215.000000 1.219593 287.993095
 220.000000 1.207171 287.991936
 225.000000 1.210322 287.992253
 230.000000 1.220429 287.992775
 235.000000 1.215663 287.992750
 240.000000 1.201197 287.991473
 245.000000 1.212843 287.992388
 250.000000 1.229587 287.993330
 255.000000 1.210587 287.991987
 260.000000 1.216708 287.992785
 265.000000 1.216898 287.992719
 270.000000 1.210189 287.992008
 275.000000 1.229786 287.993598
 280.000000 1.229270 287.993647
 285.000000 1.202980 287.991515
 290.000000 1.200965 287.991520
 295.000000 1.224004 287.993159
 300.000000 1.194610 287.990511
 305.000000 1.217485 287.992659
 310.000000 1.190646 287.990376
 315.000000 1.209262 287.991999
 320.000000 1.193857 287.990708
 325.000000 1.216567 287.992678
 330.000000 1.222167 287.993162
 335.000000 1.214856 287.992497
 340.000000 1.205836 287.992043
 345.000000 1.218642 287.992806
 350.000000 1.207644 287.992086
 355.000000 1.218220 287.992863
 360.000000 1.191155 287.990587
 365.000000 1.195886 287.991129
 370.000000 1.194289 287.990882
 375.000000 1.200331 287.991334
 380.000000 1.189474 287.990440
 385.000000 1.202342 287.991515
 390.000000 1.205885 287.991811
 395.000000 1.195916 287.990871
 400.000000 1.204977 287.991914
 405.000000 1.217854 287.992556
 410.000000 1.221500 287.993175
 415.000000 1.214619 287.992375
 420.000000 1.230809 287.993196
 425.000000 1.209798 287.991746
 430.000000 1.222183 287.992960
 435.000000 1.212366 287.992219
 440.000000 1.199947 287.991444
 445.000000 1.194071 287.990838
 450.000000 1.212055 287.992408
 455.000000 1.208819 287.991877
 460.000000 1.213795 287.992583
 465.000000 1.204461 287.991864
 470.000000 1.202044 287.991624
 475.000000 1.215188 287.992664
 480.000000 1.206650 287.991749
 485.000000 1.216536 287.992928
 490.000000 1.227460 287.993518
 495.000000 1.213020 287.992457
 500.000000 1.197524 287.991110
 505.000000 1.215333 287.992800
 510.000000 1.229135 287.993677
 515.000000 1.207142 287.991869
 520.000000 1.217610 287.992780
 525.000000 1.212788 287.992404
 530.000000 1.224448 287.993155
 535.000000 1.214192 287.992538
 540.000000 1.214721 287.992657
 545.000000 1.202703 287.991650
 550.000000 1.199668 287.991202
 555.000000 1.194860 287.990963
 560.000000 1.195719 287.991044
 565.000000 1.198957 287.991275
 570.000000 1.190999 287.990218
 575.000000 1.217508 287.992681
 580.000000 1.197327 287.991233
 585.000000 1.197476 287.991062
 590.000000 1.220160 287.992750
 595.000000 1.197838 287.990924
 600.000000 1.198616 287.991215
 605.000000 1.209784 287.992271
 610.000000 1.206489 287.991879
 615.000000 1.187819 287.989802
 620.000000 1.212205 287.992514
 625.000000 1.194285 287.990576
 630.000000 1.198762 287.991095
 635.000000 1.201627 287.991462
 640.000000 1.192249 287.990677
 645.000000 1.196282 287.990700
 650.000000 1.192699 287.990615
 655.000000 1.201170 287.991400
 660.000000 1.193835 287.990890
 665.000000 1.192907 287.990535
 670.000000 1.206476 287.991874
 675.000000 1.198599 287.991278
 680.000000 1.190961 287.990687
 685.000000 1.180352 287.989484
 690.000000 1.188932 287.990469
 695.000000 1.206801 287.992148
 700.000000 1.197346 287.991095
 705.000000 1.194987 287.991079
 710.000000 1.193908 287.990845
 715.000000 1.199417 287.991182
 720.000000 1.199549 287.991587
 725.000000 1.195868 287.991018
 730.000000 1.200617 287.991618
 735.000000 1.210827 287.992319
 740.000000 1.211477 287.992366
 745.000000 1.193028 287.990975
 750.000000 1.201305 287.991378
 755.000000 1.205631 287.991467
 760.000000 1.219886 287.992843
 765.000000 1.207852 287.992076
 770.000000 1.211076 287.992463
 775.000000 1.201694 287.991223
 780.000000 1.201885 287.991668
 785.000000 1.202308 287.991546
 790.000000 1.219922 287.993036
 795.000000 1.195437 287.990951
 800.000000 1.177049 287.989093
 805.000000 1.197475 287.991468
 810.000000 1.209138 287.992165
 815.000000 1.202607 287.991763
 820.000000 1.211401 287.992505
 825.000000 1.202795 287.991776
 830.000000 1.215280 287.992712
 835.000000 1.221161 287.992938
 840.000000 1.218595 287.992872
 845.000000 1.229458 287.993527
 850.000000 1.225291 287.993250
 855.000000 1.219826 287.992865
 860.000000 1.208923 287.991801
 865.000000 1.205320 287.991341
 870.000000 1.206903 287.991423
 875.000000 1.209466 287.991969
 880.000000 1.205060 287.991757
 885.000000 1.208244 287.992186
 890.000000 1.218672 287.992829
 895.000000 1.213673 287.992261
 900.000000 1.192441 287.990403
 905.000000 1.197828 287.990956
 910.000000 1.197396 287.991172
 915.000000 1.200126 287.991343
 920.000000 1.212384 287.992518
 925.000000 1.214658 287.992631
 930.000000 1.217815 287.992706
 935.000000 1.196651 287.991125
 940.000000 1.202193 287.991673
 945.000000 1.202953 287.991676
 950.000000 1.212047 287.992608
 955.000000 1.189105 287.990350
 960.000000 1.196602 287.991220
 965.000000 1.187390 287.990156
 970.000000 1.192510 287.990742
 975.000000 1.205905 287.992081
 980.000000 1.209984 287.992347
 985.000000 1.205511 287.991855
 990.000000 1.205152 287.991478
 995.000000 1.196738 287.991091
 1000.000000 1.200648 287.991380
