#! FIELDS time refcv.mean refcv.morethan
 20.000000 0.576323 233.856157
 25.000000 0.580855 239.445680
 30.000000 0.588354 245.059458
 35.000000 0.586262 243.636152
 40.000000 0.582626 241.035603
 45.000000 0.581772 241.339520
 50.000000 0.573659 231.442274
 55.000000 0.573163 232.941843
 60.000000 0.582057 238.576921
 65.000000 0.585820 241.721890
 70.000000 0.580521 239.586322
 75.000000 0.580783 238.353205
 80.000000 0.582379 239.224245
 85.000000 0.576807 236.107695
 90.000000 0.589507 246.103454
 95.000000 0.575675 233.596689
 100.000000 0.586193 243.337800
 105.000000 0.587572 244.139777
 110.000000 0.584193 242.151956
 115.000000 0.584015 242.227766
 120.000000 0.584147 241.738098
 125.000000 0.583352 239.630583
 130.000000 0.585674 241.496095
 135.000000 0.579792 236.853278
 140.000000 0.584794 240.625883
 145.000000 0.585639 242.713808
 150.000000 0.584606 240.716057
 155.000000 0.584768 241.952198
 160.000000 0.583311 240.057904
 165.000000 0.577300 237.069574
 170.000000 0.584167 243.231352
 175.000000 0.576690 236.380912
 180.000000 0.586097 244.146379
 185.000000 0.573851 232.009726
 190.000000 0.586252 242.227256
 195.000000 0.578549 237.583519
 200.000000 0.579621 236.780289
 205.000000 0.582873 239.271527
 210.000000 0.587162 243.319221
 215.000000 0.586734 243.706992
 220.000000 0.586590 243.081707
 225.000000 0.582042 239.951620
 230.000000 0.590084 244.229461
 235.000000 0.587155 244.391947
 240.000000 0.580119 237.671898
 245.000000 0.584324 240.081337
 250.000000 0.593572 245.889520
 255.000000 0.591907 244.816207
 260.000000 0.588481 244.689034
 265.000000 0.589507 244.829597
 270.000000 0.583960 240.610428
 275.000000 0.592166 247.911329
 280.000000 0.590230 246.112351
 285.000000 0.584481 240.677171
 290.000000 0.577915 236.486607
 295.000000 0.593428 246.865618
 300.000000 0.579093 234.131024
 305.000000 0.585641 242.550843
 310.000000 0.571700 231.362285
 315.000000 0.582012 239.104252
 320.000000 0.575743 235.058790
 325.000000 0.581037 239.973668
 330.000000 0.584612 242.476620
 335.000000 0.581400 239.796278
 340.000000 0.576050 236.497582
 345.000000 0.582210 240.564435
 350.000000 0.579356 238.898351
 355.000000 0.583606 241.838286
 360.000000 0.571844 231.872167
 365.000000 0.574504 234.610891
 370.000000 0.574006 232.943962
 375.000000 0.575959 235.104880
 380.000000 0.574769 234.181583
 385.000000 0.582336 239.937060
 390.000000 0.583288 240.944256
 395.000000 0.576722 234.970398
 400.000000 0.580474 239.211451
 405.000000 0.588015 244.291108
 410.000000 0.586236 244.180939
 415.000000 0.583564 239.571789
 420.000000 0.589695 243.535432
 425.000000 0.583105 239.000203
 430.000000 0.586706 242.771282
 435.000000 0.583866 240.308762
 440.000000 0.577364 236.031719
 445.000000 0.577884 236.123102
 450.000000 0.584038 242.124416
 455.000000 0.583526 239.913189
 460.000000 0.583283 240.831328
 465.000000 0.580089 237.356566
 470.000000 0.579035 237.613455
 475.000000 0.582890 240.123715
 480.000000 0.582055 238.410662
 485.000000 0.586579 243.563752
 490.000000 0.591728 247.496123
 495.000000 0.586656 243.141795
 500.000000 0.577707 236.209524
 505.000000 0.587836 243.924983
 510.000000 0.593148 248.182803
 515.000000 0.581543 239.292712
 520.000000 0.594241 247.566531
 525.000000 0.585205 241.247303
 530.000000 0.591725 246.410701
 535.000000 0.586344 242.390430
 540.000000 0.588327 242.771619
 545.000000 0.584404 241.180831
 550.000000 0.579013 235.286806
 555.000000 0.580698 237.822601
 560.000000 0.582005 239.943763
 565.000000 0.584024 239.990461
 570.000000 0.576564 232.794369
 575.000000 0.585927 242.923378
 580.000000 0.578614 236.983827
 585.000000 0.577575 235.745247
 590.000000 0.586053 241.754677
 595.000000 0.574869 233.725202
 600.000000 0.574631 233.167011
 605.000000 0.587150 242.360206
 610.000000 0.582952 241.092823
 615.000000 0.571056 228.933380
 620.000000 0.586410 243.403726
 625.000000 0.570783 229.844376
 630.000000 0.574544 232.732696
 635.000000 0.578100 236.005603
 640.000000 0.572521 231.979204
 645.000000 0.577395 233.315535
 650.000000 0.572002 231.258938
 655.000000 0.572941 232.451801
 660.000000 0.573342 231.798669
 665.000000 0.576708 233.824181
 670.000000 0.581902 239.463043
 675.000000 0.582073 239.960129
 680.000000 0.576395 234.685676
 685.000000 0.568995 229.796533
 690.000000 0.572931 232.541848
 695.000000 0.579065 238.929287
 700.000000 0.576868 234.158818
 705.000000 0.572564 233.515831
 710.000000 0.574533 234.569228
 715.000000 0.574371 233.340145
 720.000000 0.578078 238.244985
 725.000000 0.574246 233.491316
 730.000000 0.582684 240.204506
 735.000000 0.586388 242.726036
 740.000000 0.583674 240.302960
 745.000000 0.572406 232.214225
 750.000000 0.576708 235.156698
 755.000000 0.579874 236.680076
 760.000000 0.587882 243.422406
 765.000000 0.584072 241.166400
 770.000000 0.586330 243.181688
 775.000000 0.580124 237.528566
 780.000000 0.579186 237.095725
 785.000000 0.575202 234.336716
 790.000000 0.587107 242.682349
 795.000000 0.578659 235.985031
 800.000000 0.570108 228.848754
 805.000000 0.576573 236.353315
 810.000000 0.586290 242.325001
 815.000000 0.581245 238.731906
 820.000000 0.586078 242.693912
 825.000000 0.582882 239.271070
 830.000000 0.590136 245.309431
 835.000000 0.598551 248.072650
 840.000000 0.594524 247.071481
 845.000000 0.599935 250.480350
 850.000000 0.598359 249.064500
 855.000000 0.593225 246.405313
 860.000000 0.591842 243.386416
 865.000000 0.592785 243.736942
 870.000000 0.589964 242.447593
 875.000000 0.593440 243.895087
 880.000000 0.589285 242.965539
 885.000000 0.589967 244.829149
 890.000000 0.596760 248.772777
 895.000000 0.594927 246.803102
 900.000000 0.583385 238.139403
 905.000000 0.579397 235.975045
 910.000000 0.581704 239.418162
 915.000000 0.582839 240.258708
 920.000000 0.589935 245.267390
 925.000000 0.585482 242.280344
 930.000000 0.587538 243.558874
 935.000000 0.582755 240.355315
 940.000000 0.581589 239.806153
 945.000000 0.577581 236.356696
 950.000000 0.586704 244.108677
 955.000000 0.575522 233.331607
 960.000000 0.581951 239.078303
 965.000000 0.572356 229.940294
 970.000000 0.576892 234.545299
 975.000000 0.587398 243.635595
 980.000000 0.588250 244.745988
 985.000000 0.583723 241.325978
 990.000000 0.587731 242.989355
 995.000000 0.581184 238.926763
 1000.000000 0.581001 238.912368
