#! FIELDS time refcv.mean refcv.morethan
 20.000000 0.942044 287.835242
 25.000000 0.953906 287.861459
 30.000000 0.960343 287.875662
 35.000000 0.960631 287.876542
 40.000000 0.960259 287.869975
 45.000000 0.958364 287.873516
 50.000000 0.941555 287.832632
 55.000000 0.945759 287.847951
 60.000000 0.952383 287.855667
 65.000000 0.959681 287.872042
 70.000000 0.951415 287.861318
 75.000000 0.953345 287.860199
 80.000000 0.952913 287.855783
 85.000000 0.950874 287.856346
 90.000000 0.968916 287.887361
 95.000000 0.946932 287.843143
 100.000000 0.959048 287.872130
 105.000000 0.963564 287.878428
 110.000000 0.959616 287.872434
 115.000000 0.961377 287.875202
 120.000000 0.960367 287.873392
 125.000000 0.958840 287.864650
 130.000000 0.956682 287.865514
 135.000000 0.943774 287.841875
 140.000000 0.953730 287.854233
 145.000000 0.962495 287.874536
 150.000000 0.957293 287.858558
 155.000000 0.960909 287.867510
 160.000000 0.961456 287.867723
 165.000000 0.948977 287.854237
 170.000000 0.960657 287.874696
 175.000000 0.944893 287.843396
 180.000000 0.959275 287.872979
 185.000000 0.940095 287.824844
 190.000000 0.958931 287.865574
 195.000000 0.950807 287.855671
 200.000000 0.953417 287.850582
 205.000000 0.959079 287.868654
 210.000000 0.968289 287.884493
 215.000000 0.965415 287.882666
 220.000000 0.957417 287.865759
 225.000000 0.958004 287.867836
 230.000000 0.967344 287.877460
 235.000000 0.963050 287.878199
 240.000000 0.951784 287.856138
 245.000000 0.960809 287.870438
 250.000000 0.973647 287.885793
 255.000000 0.961757 287.867941
 260.000000 0.964392 287.879414
 265.000000 0.964544 287.878267
 270.000000 0.958475 287.864002
 275.000000 0.973218 287.891309
 280.000000 0.972500 287.891310
 285.000000 0.953647 287.857455
 290.000000 0.950807 287.855684
 295.000000 0.970108 287.884831
 300.000000 0.947260 287.839079
 305.000000 0.963691 287.875487
 310.000000 0.942312 287.835732
 315.000000 0.957225 287.864234
 320.000000 0.946033 287.843999
 325.000000 0.961728 287.874228
 330.000000 0.966670 287.883273
 335.000000 0.960580 287.870861
 340.000000 0.953327 287.863314
 345.000000 0.963759 287.876697
 350.000000 0.955825 287.866178
 355.000000 0.963790 287.878462
 360.000000 0.942888 287.840273
 365.000000 0.946845 287.850025
 370.000000 0.945438 287.843955
 375.000000 0.950010 287.852245
 380.000000 0.943253 287.841448
 385.000000 0.953456 287.859627
 390.000000 0.955806 287.863487
 395.000000 0.947647 287.845987
 400.000000 0.954355 287.863641
 405.000000 0.964891 287.875926
 410.000000 0.966500 287.883829
 415.000000 0.961505 287.870160
 420.000000 0.973737 287.882674
 425.000000 0.958357 287.860729
 430.000000 0.967219 287.879666
 435.000000 0.960118 287.868438
 440.000000 0.950064 287.854877
 445.000000 0.946675 287.845659
 450.000000 0.960253 287.872891
 455.000000 0.957777 287.863519
 460.000000 0.961092 287.874718
 465.000000 0.953793 287.861547
 470.000000 0.952141 287.858560
 475.000000 0.961281 287.874336
 480.000000 0.955988 287.860376
 485.000000 0.963387 287.880454
 490.000000 0.971713 287.890437
 495.000000 0.961185 287.873537
 500.000000 0.948831 287.850525
 505.000000 0.963044 287.878493
 510.000000 0.973775 287.893509
 515.000000 0.956176 287.862775
 520.000000 0.966682 287.880932
 525.000000 0.960761 287.871656
 530.000000 0.970416 287.885390
 535.000000 0.961607 287.873576
 540.000000 0.963100 287.877175
 545.000000 0.954060 287.861189
 550.000000 0.950921 287.850502
 555.000000 0.947826 287.850071
 560.000000 0.949086 287.852373
 565.000000 0.952078 287.856924
 570.000000 0.944758 287.836343
 575.000000 0.963899 287.876808
 580.000000 0.948788 287.852950
 585.000000 0.948773 287.848562
 590.000000 0.966168 287.876688
 595.000000 0.948001 287.845195
 600.000000 0.948832 287.849766
 605.000000 0.959927 287.871413
 610.000000 0.956580 287.865421
 615.000000 0.940220 287.824707
 620.000000 0.960152 287.873355
 625.000000 0.944481 287.837406
 630.000000 0.948716 287.847070
 635.000000 0.951400 287.854322
 640.000000 0.944042 287.841423
 645.000000 0.947818 287.841772
 650.000000 0.943785 287.839278
 655.000000 0.949861 287.852435
 660.000000 0.944946 287.844099
 665.000000 0.945484 287.840159
 670.000000 0.955841 287.862757
 675.000000 0.950453 287.854964
 680.000000 0.944281 287.844512
 685.000000 0.935058 287.823790
 690.000000 0.941983 287.839502
 695.000000 0.955471 287.868109
 700.000000 0.948071 287.847934
 705.000000 0.945425 287.848185
 710.000000 0.945660 287.846061
 715.000000 0.948668 287.847474
 720.000000 0.950051 287.858626
 725.000000 0.946306 287.846860
 730.000000 0.952776 287.861980
 735.000000 0.959921 287.871589
 740.000000 0.959028 287.870032
 745.000000 0.944098 287.845749
 750.000000 0.950358 287.852029
 755.000000 0.954377 287.852827
 760.000000 0.965670 287.877791
 765.000000 0.957377 287.867515
 770.000000 0.960271 287.874545
 775.000000 0.952106 287.851731
 780.000000 0.951893 287.858162
 785.000000 0.950888 287.854513
 790.000000 0.965904 287.881146
 795.000000 0.947811 287.848021
 800.000000 0.933555 287.817582
 805.000000 0.948407 287.856669
 810.000000 0.959006 287.869426
 815.000000 0.953023 287.861427
 820.000000 0.960231 287.873858
 825.000000 0.953842 287.862833
 830.000000 0.964010 287.879360
 835.000000 0.970395 287.884070
 840.000000 0.967379 287.882419
 845.000000 0.975976 287.893022
 850.000000 0.972722 287.888106
 855.000000 0.967498 287.880857
 860.000000 0.960578 287.864554
 865.000000 0.958637 287.858240
 870.000000 0.958349 287.856932
 875.000000 0.961264 287.867356
 880.000000 0.957526 287.864567
 885.000000 0.959475 287.871533
 890.000000 0.968402 287.882847
 895.000000 0.964667 287.873908
 900.000000 0.947395 287.842224
 905.000000 0.949651 287.847986
 910.000000 0.949857 287.853639
 915.000000 0.952451 287.857127
 920.000000 0.962076 287.876108
 925.000000 0.962309 287.875922
 930.000000 0.964544 287.876808
 935.000000 0.950212 287.854231
 940.000000 0.952886 287.860772
 945.000000 0.952166 287.857942
 950.000000 0.961171 287.877215
 955.000000 0.942767 287.838271
 960.000000 0.950026 287.855409
 965.000000 0.940731 287.832703
 970.000000 0.945732 287.845119
 975.000000 0.957506 287.869915
 980.000000 0.960193 287.873982
 985.000000 0.956122 287.864596
 990.000000 0.956709 287.859586
 995.000000 0.949494 287.852338
 1000.000000 0.952469 287.856809
