#! FIELDS time refcv.mean refcv.morethan
 20.000000 0.336902 7.676366
 25.000000 0.335925 6.395526
 30.000000 0.343998 8.137364
 35.000000 0.339692 7.757706
 40.000000 0.336240 6.474017
 45.000000 0.334933 5.714941
 50.000000 0.332963 6.246656
 55.000000 0.329105 5.090051
 60.000000 0.337606 7.631444
 65.000000 0.341094 9.077585
 70.000000 0.339027 7.697514
 75.000000 0.336021 7.053723
 80.000000 0.340811 7.651451
 85.000000 0.332477 5.212024
 90.000000 0.342113 8.351312
 95.000000 0.331529 5.599443
 100.000000 0.342793 7.715288
 105.000000 0.342013 7.605723
 110.000000 0.340738 7.743922
 115.000000 0.336034 6.145549
 120.000000 0.339555 7.083503
 125.000000 0.337783 7.813126
 130.000000 0.344266 10.238097
 135.000000 0.340363 8.454288
 140.000000 0.342705 9.426539
 145.000000 0.339251 6.829357
 150.000000 0.340551 6.988870
 155.000000 0.337929 6.263799
 160.000000 0.335541 5.986495
 165.000000 0.333846 5.923093
 170.000000 0.335792 5.019522
 175.000000 0.334058 5.397962
 180.000000 0.341103 6.794051
 185.000000 0.333830 5.640261
 190.000000 0.342430 6.583833
 195.000000 0.333389 6.143201
 200.000000 0.334699 5.890967
 205.000000 0.337849 7.838891
 210.000000 0.337405 6.322617
 215.000000 0.337990 6.800046
 220.000000 0.344047 8.250828
 225.000000 0.335386 6.999765
 230.000000 0.341721 8.026431
 235.000000 0.340311 6.848076
 240.000000 0.335045 6.949561
 245.000000 0.337489 7.215669
 250.000000 0.345071 10.293524
 255.000000 0.348786 10.160212
 260.000000 0.340800 7.850278
 265.000000 0.343309 8.912809
 270.000000 0.338086 6.437189
 275.000000 0.342619 6.718810
 280.000000 0.340073 7.365410
 285.000000 0.342660 8.378817
 290.000000 0.333198 5.887351
 295.000000 0.347512 9.788130
 300.000000 0.337527 8.503652
 305.000000 0.338609 7.231799
 310.000000 0.327374 4.597086
 315.000000 0.335313 7.444867
 320.000000 0.332060 4.877557
 325.000000 0.330482 5.574112
 330.000000 0.333957 5.024224
 335.000000 0.333365 5.769389
 340.000000 0.329327 4.300784
 345.000000 0.331093 4.920798
 350.000000 0.330519 5.112341
 355.000000 0.333529 5.012429
 360.000000 0.329740 5.448636
 365.000000 0.328403 4.807665
 370.000000 0.330124 5.668544
 375.000000 0.331022 4.572287
 380.000000 0.330268 5.175975
 385.000000 0.337760 7.543835
 390.000000 0.338305 6.306047
 395.000000 0.331583 5.222511
 400.000000 0.334068 5.106258
 405.000000 0.340102 7.076774
 410.000000 0.336745 5.859998
 415.000000 0.334572 7.380691
 420.000000 0.337329 6.096918
 425.000000 0.337312 7.143318
 430.000000 0.336056 6.812636
 435.000000 0.336360 7.756149
 440.000000 0.331163 5.487739
 445.000000 0.334409 5.762256
 450.000000 0.336949 6.620885
 455.000000 0.336875 7.187496
 460.000000 0.334660 6.710147
 465.000000 0.334515 6.168286
 470.000000 0.333723 5.978728
 475.000000 0.335039 6.315513
 480.000000 0.335363 6.805051
 485.000000 0.339908 6.835345
 490.000000 0.342844 7.509903
 495.000000 0.341622 7.255352
 500.000000 0.333267 5.451483
 505.000000 0.341199 7.338573
 510.000000 0.343173 7.325307
 515.000000 0.334403 5.840061
 520.000000 0.348789 10.670152
 525.000000 0.337921 7.493665
 530.000000 0.343450 7.927718
 535.000000 0.341335 8.543735
 540.000000 0.341991 9.362357
 545.000000 0.341157 7.134365
 550.000000 0.335090 6.809305
 555.000000 0.339383 8.113741
 560.000000 0.339797 7.053255
 565.000000 0.341418 8.634484
 570.000000 0.331595 6.237637
 575.000000 0.338148 6.832960
 580.000000 0.335491 6.676063
 585.000000 0.334390 5.523448
 590.000000 0.336158 6.754918
 595.000000 0.328570 4.806253
 600.000000 0.328322 5.011341
 605.000000 0.342020 9.057212
 610.000000 0.336934 5.858911
 615.000000 0.328763 5.205662
 620.000000 0.341524 7.644761
 625.000000 0.325580 4.558002
 630.000000 0.328592 5.528141
 635.000000 0.332638 5.431518
 640.000000 0.327558 4.825744
 645.000000 0.333966 7.140384
 650.000000 0.327533 4.747754
 655.000000 0.325175 4.564836
 660.000000 0.328315 6.436926
 665.000000 0.333720 6.241849
 670.000000 0.335707 6.564101
 675.000000 0.340241 7.121325
 680.000000 0.333015 6.612719
 685.000000 0.328593 4.819403
 690.000000 0.330085 5.348316
 695.000000 0.331141 5.099266
 700.000000 0.332566 7.334534
 705.000000 0.328664 4.565623
 710.000000 0.329654 4.345425
 715.000000 0.329616 5.121006
 720.000000 0.335080 6.130612
 725.000000 0.330914 6.630877
 730.000000 0.338784 8.116437
 735.000000 0.339968 7.639784
 740.000000 0.337896 9.265540
 745.000000 0.328865 5.704730
 750.000000 0.331654 6.587314
 755.000000 0.335032 6.877985
 760.000000 0.339111 7.296685
 765.000000 0.338686 6.842895
 770.000000 0.341047 7.916204
 775.000000 0.335354 7.041163
 780.000000 0.334737 6.421596
 785.000000 0.329842 4.871594
 790.000000 0.337718 9.128685
 795.000000 0.335004 6.757557
 800.000000 0.330766 6.870112
 805.000000 0.332389 6.100345
 810.000000 0.342245 7.831120
 815.000000 0.336995 7.270004
 820.000000 0.340562 8.307272
 825.000000 0.338597 8.802930
 830.000000 0.343370 9.663293
 835.000000 0.355072 15.716674
 840.000000 0.350003 13.072073
 845.000000 0.351763 12.577552
 850.000000 0.352057 13.754190
 855.000000 0.347092 10.301597
 860.000000 0.349272 12.555488
 865.000000 0.353153 14.283244
 870.000000 0.347776 11.990997
 875.000000 0.352656 16.272306
 880.000000 0.346538 12.794421
 885.000000 0.346011 10.061206
 890.000000 0.353312 12.560451
 895.000000 0.351209 12.284409
 900.000000 0.344268 10.352038
 905.000000 0.334139 7.202724
 910.000000 0.338721 6.391377
 915.000000 0.338918 7.200921
 920.000000 0.344907 9.078379
 925.000000 0.336228 7.113049
 930.000000 0.339581 6.707754
 935.000000 0.339256 7.229984
 940.000000 0.336128 5.667341
 945.000000 0.330598 5.065215
 950.000000 0.339345 6.117211
 955.000000 0.334620 6.974194
 960.000000 0.338696 8.238214
 965.000000 0.329916 6.539984
 970.000000 0.334419 7.551321
 975.000000 0.341625 8.031814
 980.000000 0.343363 8.326779
 985.000000 0.338436 6.441344
 990.000000 0.344409 9.233354
 995.000000 0.338759 7.009122
 1000.000000 0.333980 6.421092
