#! FIELDS refcv hh dhh_refcv
#! SET normalisation  101.000000
#! SET min_refcv -0.5
#! SET max_refcv 3
#! SET nbins_refcv  2000
#! SET periodic_refcv false
 -0.500000 0.000000 0.000000
 -0.498250 0.000000 0.000000
 -0.496500 0.000000 0.000000
 -0.494750 0.000000 0.000000
 -0.493000 0.000000 0.000000
 -0.491250 0.000000 0.000000
 -0.489500 0.000000 0.000000
 -0.487750 0.000000 0.000000
 -0.486000 0.000000 0.000000
 -0.484250 0.000000 0.000000
 -0.482500 0.000000 0.000000
 -0.480750 0.000000 0.000000
 -0.479000 0.000000 0.000000
 -0.477250 0.000000 0.000000
 -0.475500 0.000000 0.000000
 -0.473750 0.000000 0.000000
 -0.472000 0.000000 0.000000
 -0.470250 0.000000 0.000000
 -0.468500 0.000000 0.000000
 -0.466750 0.000000 0.000000
 -0.465000 0.000000 0.000000
 -0.463250 0.000000 0.000000
 -0.461500 0.000000 0.000000
 -0.459750 0.000000 0.000000
 -0.458000 0.000000 0.000000
 -0.456250 0.000000 0.000000
 -0.454500 0.000000 0.000000
 -0.452750 0.000000 0.000000
 -0.451000 0.000000 0.000000
 -0.449250 0.000000 0.000000
 -0.447500 0.000000 0.000000
 -0.445750 0.000000 0.000000
 -0.444000 0.000000 0.000000
 -0.442250 0.000000 0.000000
 -0.440500 0.000000 0.000000
 -0.438750 0.000000 0.000000
 -0.437000 0.000000 0.000000
 -0.435250 0.000000 0.000000
 -0.433500 0.000000 0.000000
 -0.431750 0.000000 0.000000
 -0.430000 0.000000 0.000000
 -0.428250 0.000000 0.000000
 -0.426500 0.000000 0.000000
 -0.424750 0.000000 0.000000
 -0.423000 0.000000 0.000000
 -0.421250 0.000000 0.000000
 -0.419500 0.000000 0.000000
 -0.417750 0.000000 0.000000
 -0.416000 0.000000 0.000000
 -0.414250 0.000000 0.000000
 -0.412500 0.000000 0.000000
 -0.410750 0.000000 0.000000
 -0.409000 0.000000 0.000000
 -0.407250 0.000000 0.000000
 -0.405500 0.000000 0.000000
 -0.403750 0.000000 0.000000
 -0.402000 0.000000 0.000000
 -0.400250 0.000000 0.000000
 -0.398500 0.000000 0.000000
 -0.396750 0.000000 0.000000
 -0.395000 0.000000 0.000000
 -0.393250 0.000000 0.000000
 -0.391500 0.000000 0.000000
 -0.389750 0.000000 0.000000
 -0.388000 0.000000 0.000000
 -0.386250 0.000000 0.000000
 -0.384500 0.000000 0.000000
 -0.382750 0.000000 0.000000
 -0.381000 0.000000 0.000000
 -0.379250 0.000000 0.000000
 -0.377500 0.000000 0.000000
 -0.375750 0.000000 0.000000
 -0.374000 0.000000 0.000000
 -0.372250 0.000000 0.000000
 -0.370500 0.000000 0.000000
 -0.368750 0.000000 0.000000
 -0.367000 0.000000 0.000000
 -0.365250 0.000000 0.000000
 -0.363500 0.000000 0.000000
 -0.361750 0.000000 0.000000
 -0.360000 0.000000 0.000000
 -0.358250 0.000000 0.000000
 -0.356500 0.000000 0.000000
 -0.354750 0.000000 0.000000
 -0.353000 0.000000 0.000000
 -0.351250 0.000000 0.000000
 -0.349500 0.000000 0.000000
 -0.347750 0.000000 0.000000
 -0.346000 0.000000 0.000000
 -0.344250 0.000000 0.000000
 -0.342500 0.000000 0.000000
 -0.340750 0.000000 0.000000
 -0.339000 0.000000 0.000000
 -0.337250 0.000000 0.000000
 -0.335500 0.000000 0.000000
 -0.333750 0.000000 0.000000
 -0.332000 0.000000 0.000000
 -0.330250 0.000000 0.000000
 -0.328500 0.000000 0.000000
 -0.326750 0.000000 0.000000
 -0.325000 0.000000 0.000000
 -0.323250 0.000000 0.000000
 -0.321500 0.000000 0.000000
 -0.319750 0.000000 0.000000
 -0.318000 0.000000 0.000000
 -0.316250 0.000000 0.000000
 -0.314500 0.000000 0.000000
 -0.312750 0.000000 0.000000
 -0.311000 0.000000 0.000000
 -0.309250 0.000000 0.000000
 -0.307500 0.000000 0.000000
 -0.305750 0.000000 0.000000
 -0.304000 0.000000 0.000000
 -0.302250 0.000000 0.000000
 -0.300500 0.000000 0.000000
 -0.298750 0.000000 0.000000
 -0.297000 0.000000 0.000000
 -0.295250 0.000000 0.000000
 -0.293500 0.000000 0.000000
 -0.291750 0.000000 0.000000
 -0.290000 0.000000 0.000000
 -0.288250 0.000000 0.000000
 -0.286500 0.000000 0.000000
 -0.284750 0.000000 0.000000
 -0.283000 0.000000 0.000000
 -0.281250 0.000000 0.000000
 -0.279500 0.000000 0.000000
 -0.277750 0.000000 0.000000
 -0.276000 0.000000 0.000000
 -0.274250 0.000000 0.000000
 -0.272500 0.000000 0.000000
 -0.270750 0.000000 0.000000
 -0.269000 0.000000 0.000000
 -0.267250 0.000000 0.000000
 -0.265500 0.000000 0.000000
 -0.263750 0.000000 0.000000
 -0.262000 0.000000 0.000000
 -0.260250 0.000000 0.000000
 -0.258500 0.000000 0.000000
 -0.256750 0.000000 0.000000
 -0.255000 0.000000 0.000000
 -0.253250 0.000000 0.000000
 -0.251500 0.000000 0.000000
 -0.249750 0.000000 0.000000
 -0.248000 0.000000 0.000000
 -0.246250 0.000000 0.000000
 -0.244500 0.000000 0.000000
 -0.242750 0.000000 0.000000
 -0.241000 0.000000 0.000000
 -0.239250 0.000000 0.000000
 -0.237500 0.000000 0.000000
 -0.235750 0.000000 0.000000
 -0.234000 0.000000 0.000000
 -0.232250 0.000000 0.000000
 -0.230500 0.000000 0.000000
 -0.228750 0.000000 0.000000
 -0.227000 0.000000 0.000000
 -0.225250 0.000000 0.000000
 -0.223500 0.000000 0.000000
 -0.221750 0.000000 0.000000
 -0.220000 0.000000 0.000000
 -0.218250 0.000000 0.000000
 -0.216500 0.000000 0.000000
 -0.214750 0.000000 0.000000
 -0.213000 0.000000 0.000000
 -0.211250 0.000000 0.000000
 -0.209500 0.000000 0.000000
 -0.207750 0.000000 0.000000
 -0.206000 0.000000 0.000000
 -0.204250 0.000000 0.000000
 -0.202500 0.000000 0.000000
 -0.200750 0.000000 0.000000
 -0.199000 0.000000 0.000000
 -0.197250 0.000000 0.000000
 -0.195500 0.000000 0.000000
 -0.193750 0.000000 0.000000
 -0.192000 0.000000 0.000000
 -0.190250 0.000000 0.000000
 -0.188500 0.000000 0.000000
 -0.186750 0.000000 0.000000
 -0.185000 0.000000 0.000000
 -0.183250 0.000000 0.000000
 -0.181500 0.000000 0.000000
 -0.179750 0.000000 0.000000
 -0.178000 0.000000 0.000000
 -0.176250 0.000000 0.000000
 -0.174500 0.000000 0.000000
 -0.172750 0.000000 0.000000
 -0.171000 0.000000 0.000000
 -0.169250 0.000000 0.000000
 -0.167500 0.000000 0.000000
 -0.165750 0.000000 0.000000
 -0.164000 0.000000 0.000000
 -0.162250 0.000000 0.000000
 -0.160500 0.000000 0.000000
 -0.158750 0.000000 0.000000
 -0.157000 0.000000 0.000000
 -0.155250 0.000000 0.000000
 -0.153500 0.000000 0.000000
 -0.151750 0.000000 0.000000
 -0.150000 0.000000 0.000000
 -0.148250 0.000000 0.000000
 -0.146500 0.000000 0.000000
 -0.144750 0.000000 0.000000
 -0.143000 0.000000 0.000000
 -0.141250 0.000000 0.000000
 -0.139500 0.000000 0.000000
 -0.137750 0.000000 0.000000
 -0.136000 0.000000 0.000000
 -0.134250 0.000000 0.000000
 -0.132500 0.000000 0.000000
 -0.130750 0.000000 0.000000
 -0.129000 0.000000 0.000000
 -0.127250 0.000000 0.000000
 -0.125500 0.000000 0.000000
 -0.123750 0.000000 0.000000
 -0.122000 0.000000 0.000000
 -0.120250 0.000000 0.000000
 -0.118500 0.000000 0.000000
 -0.116750 0.000000 0.000000
 -0.115000 0.000000 0.000000
 -0.113250 0.000000 0.000000
 -0.111500 0.000000 0.000000
 -0.109750 0.000000 0.000000
 -0.108000 0.000000 0.000000
 -0.106250 0.000000 0.000000
 -0.104500 0.000000 0.000000
 -0.102750 0.000000 0.000000
 -0.101000 0.000000 0.000000
 -0.099250 0.000000 0.000000
 -0.097500 0.000000 0.000000
 -0.095750 0.000000 0.000000
 -0.094000 0.000000 0.000000
 -0.092250 0.000000 0.000000
 -0.090500 0.000000 0.000000
 -0.088750 0.000000 0.000000
 -0.087000 0.000000 0.000000
 -0.085250 0.000000 0.000000
 -0.083500 0.000000 0.000000
 -0.081750 0.000000 0.000000
 -0.080000 0.000000 0.000000
 -0.078250 0.000000 0.000000
 -0.076500 0.000000 0.000000
 -0.074750 0.000000 0.000000
 -0.073000 0.000000 0.000000
 -0.071250 0.000000 0.000000
 -0.069500 0.000000 0.000000
 -0.067750 0.000000 0.000000
 -0.066000 0.000000 0.000000
 -0.064250 0.000000 0.000000
 -0.062500 0.000000 0.000000
 -0.060750 0.000000 0.000000
 -0.059000 0.000000 0.000000
 -0.057250 0.000000 0.000000
 -0.055500 0.000000 0.000000
 -0.053750 0.000000 0.000000
 -0.052000 0.000000 0.000000
 -0.050250 0.000000 0.000000
 -0.048500 0.000000 0.000000
 -0.046750 0.000000 0.000000
 -0.045000 0.000000 0.000000
 -0.043250 0.000000 0.000000
 -0.041500 0.000000 0.000000
 -0.039750 0.000000 0.000000
 -0.038000 0.000000 0.000000
 -0.036250 0.000000 0.000000
 -0.034500 0.000000 0.000000
 -0.032750 0.000000 0.000000
 -0.031000 0.000000 0.000000
 -0.029250 0.000000 0.000000
 -0.027500 0.000000 0.000000
 -0.025750 0.000000 0.000000
 -0.024000 0.000000 0.000000
 -0.022250 0.000000 0.000000
 -0.020500 0.000000 0.000000
 -0.018750 0.000000 0.000000
 -0.017000 0.000000 0.000000
 -0.015250 0.000000 0.000000
 -0.013500 0.000000 0.000000
 -0.011750 0.000000 0.000000
 -0.010000 0.000000 0.000000
 -0.008250 0.000000 0.000000
 -0.006500 0.000000 0.000000
 -0.004750 0.000000 0.000000
 -0.003000 0.000000 0.000000
 -0.001250 0.000000 0.000000
 0.000500 0.000000 0.000000
 0.002250 0.000000 0.000000
 0.004000 0.000000 0.000000
 0.005750 0.000000 0.000000
 0.007500 0.000000 0.000000
 0.009250 0.000000 0.000000
 0.011000 0.000000 0.000000
 0.012750 0.000000 0.000000
 0.014500 0.000000 0.000000
 0.016250 0.000000 0.000000
 0.018000 0.000000 0.000000
 0.019750 0.000000 0.000000
 0.021500 0.000000 0.000000
 0.023250 0.000000 0.000000
 0.025000 0.000000 0.000000
 0.026750 0.000000 0.000000
 0.028500 0.000000 0.000000
 0.030250 0.000000 0.000000
 0.032000 0.000000 0.000000
 0.033750 0.000000 0.000000
 0.035500 0.000000 0.000000
 0.037250 0.000000 0.000000
 0.039000 0.000000 0.000000
 0.040750 0.000000 0.000000
 0.042500 0.000000 0.000000
 0.044250 0.000000 0.000000
 0.046000 0.000000 0.000000
 0.047750 0.000000 0.000000
 0.049500 0.000000 0.000000
 0.051250 0.000000 0.000000
 0.053000 0.000000 0.000000
 0.054750 0.000000 0.000000
 0.056500 0.000000 0.000000
 0.058250 0.000000 0.000000
 0.060000 0.000000 0.000000
 0.061750 0.000000 0.000000
 0.063500 0.000000 0.000000
 0.065250 0.000000 0.000000
 0.067000 0.000000 0.000000
 0.068750 0.000000 0.000000
 0.070500 0.000000 0.000000
 0.072250 0.000000 0.000000
 0.074000 0.000000 0.000000
 0.075750 0.000000 0.000000
 0.077500 0.000000 0.000000
 0.079250 0.000000 0.000000
 0.081000 0.000000 0.000000
 0.082750 0.000000 0.000000
 0.084500 0.000000 0.000000
 0.086250 0.000000 0.000000
 0.088000 0.000000 0.000000
 0.089750 0.000000 0.000000
 0.091500 0.000000 0.000000
 0.093250 0.000000 0.000000
 0.095000 0.000000 0.000000
 0.096750 0.000000 0.000000
 0.098500 0.000000 0.000000
 0.100250 0.000000 0.000000
 0.102000 0.000000 0.000000
 0.103750 0.000000 0.000000
 0.105500 0.000000 0.000000
 0.107250 0.000000 0.000000
 0.109000 0.000000 0.000000
 0.110750 0.000000 0.000000
 0.112500 0.000000 0.000000
 0.114250 0.000000 0.000000
 0.116000 0.000000 0.000000
 0.117750 0.000000 0.000000
 0.119500 0.000000 0.000000
 0.121250 0.000000 0.000000
 0.123000 0.000000 0.000000
 0.124750 0.000000 0.000000
 0.126500 0.000000 0.000000
 0.128250 0.000000 0.000000
 0.130000 0.000000 0.000000
 0.131750 0.000000 0.000000
 0.133500 0.000000 0.000000
 0.135250 0.000000 0.000000
 0.137000 0.000000 0.000000
 0.138750 0.000000 0.000000
 0.140500 0.000000 0.000000
 0.142250 0.000000 0.000000
 0.144000 0.000000 0.000000
 0.145750 0.000000 0.000000
 0.147500 0.000000 0.000000
 0.149250 0.000000 0.000000
 0.151000 0.000000 0.000000
 0.152750 0.000000 0.000000
 0.154500 0.000000 0.000000
 0.156250 0.000000 0.000000
 0.158000 0.000000 0.000000
 0.159750 0.000000 0.000000
 0.161500 0.000000 0.000000
 0.163250 0.000000 0.000000
 0.165000 0.000000 0.000000
 0.166750 0.000000 0.000000
 0.168500 0.000000 0.000000
 0.170250 0.000000 0.000000
 0.172000 0.000000 0.000000
 0.173750 0.000000 0.000000
 0.175500 0.000000 0.000000
 0.177250 0.000000 0.000000
 0.179000 0.000000 0.000000
 0.180750 0.000000 0.000000
 0.182500 0.000000 0.000000
 0.184250 0.000000 0.000000
 0.186000 0.000000 0.000000
 0.187750 0.000000 0.000000
 0.189500 0.000000 0.000000
 0.191250 0.000000 0.000000
 0.193000 0.000000 0.000000
 0.194750 0.000000 0.000000
 0.196500 0.000000 0.000000
 0.198250 0.000000 0.000000
 0.200000 0.000000 0.000000
 0.201750 0.000000 0.000000
 0.203500 0.000000 0.000000
 0.205250 0.000000 0.000000
 0.207000 0.000000 0.000000
 0.208750 0.000000 0.000000
 0.210500 0.000000 0.000000
 0.212250 0.000000 0.000000
 0.214000 0.000000 0.000000
 0.215750 0.000000 0.000000
 0.217500 0.000000 0.000000
 0.219250 0.000000 0.000000
 0.221000 0.000000 0.000000
 0.222750 0.000000 0.000000
 0.224500 0.000000 0.000000
 0.226250 0.000000 0.000000
 0.228000 0.000000 0.000000
 0.229750 0.000000 0.000000
 0.231500 0.000000 0.000000
 0.233250 0.000000 0.000000
 0.235000 0.000000 0.000000
 0.236750 0.000000 0.000000
 0.238500 0.000000 0.000000
 0.240250 0.000000 0.000000
 0.242000 0.000000 0.000000
 0.243750 0.000000 0.000000
 0.245500 0.000000 0.000000
 0.247250 0.000000 0.000000
 0.249000 0.000000 0.000000
 0.250750 0.000000 0.000000
 0.252500 0.000000 0.000000
 0.254250 0.000000 0.000000
 0.256000 0.000000 0.000000
 0.257750 0.000000 0.000000
 0.259500 0.000000 0.000000
 0.261250 0.000000 0.000000
 0.263000 0.000000 0.000000
 0.264750 0.000000 0.000000
 0.266500 0.000000 0.000000
 0.268250 0.000000 0.000000
 0.270000 0.000000 0.000000
 0.271750 0.000000 0.000000
 0.273500 0.000000 0.000000
 0.275250 0.000000 0.000000
 0.277000 0.000000 0.000000
 0.278750 0.000000 0.000000
 0.280500 0.000000 0.000000
 0.282250 0.000000 0.000000
 0.284000 0.000000 0.000000
 0.285750 0.000000 0.000000
 0.287500 0.000000 0.000000
 0.289250 0.000000 0.000000
 0.291000 0.000000 0.000000
 0.292750 0.000000 0.000000
 0.294500 0.000000 0.000000
 0.296250 0.000000 0.000000
 0.298000 0.000000 0.000000
 0.299750 0.000000 0.000000
 0.301500 0.000000 0.000000
 0.303250 0.000000 0.000000
 0.305000 0.000000 0.000000
 0.306750 0.000000 0.000000
 0.308500 0.000000 0.000000
 0.310250 0.000000 0.000000
 0.312000 0.000000 0.000000
 0.313750 0.000000 0.000000
 0.315500 0.000000 0.000000
 0.317250 0.000000 0.000000
 0.319000 0.000000 0.000000
 0.320750 0.000000 0.000000
 0.322500 0.000000 0.000000
 0.324250 0.000000 0.000000
 0.326000 0.000000 0.000000
 0.327750 0.000000 0.000000
 0.329500 0.000000 0.000000
 0.331250 0.000000 0.000000
 0.333000 0.000000 0.000000
 0.334750 0.000000 0.000000
 0.336500 0.000000 0.000000
 0.338250 0.000000 0.000000
 0.340000 0.000000 0.000000
 0.341750 0.000000 0.000000
 0.343500 0.000000 0.000000
 0.345250 0.000000 0.000000
 0.347000 0.000000 0.000000
 0.348750 0.000000 0.000000
 0.350500 0.000000 0.000000
 0.352250 0.000000 0.000000
 0.354000 0.000000 0.000000
 0.355750 0.000000 0.000000
 0.357500 0.000000 0.000000
 0.359250 0.000000 0.000000
 0.361000 0.000000 0.000000
 0.362750 0.000000 0.000000
 0.364500 0.000000 0.000000
 0.366250 0.000000 0.000000
 0.368000 0.000000 0.000000
 0.369750 0.000000 0.000000
 0.371500 0.000000 0.000000
 0.373250 0.000000 0.000000
 0.375000 0.000000 0.000000
 0.376750 0.000000 0.000000
 0.378500 0.000000 0.000000
 0.380250 0.000000 0.000000
 0.382000 0.000000 0.000000
 0.383750 0.000000 0.000000
 0.385500 0.000000 0.000000
 0.387250 0.000000 0.000000
 0.389000 0.000000 0.000000
 0.390750 0.000000 0.000000
 0.392500 0.000000 0.000000
 0.394250 0.000000 0.000000
 0.396000 0.000000 0.000000
 0.397750 0.000000 0.000000
 0.399500 0.000000 0.000000
 0.401250 0.000000 0.000000
 0.403000 0.000000 0.000000
 0.404750 0.000000 0.000000
 0.406500 0.000000 0.000000
 0.408250 0.000000 0.000000
 0.410000 0.000000 0.000000
 0.411750 0.000000 0.000000
 0.413500 0.000000 0.000000
 0.415250 0.000000 0.000000
 0.417000 0.000000 0.000000
 0.418750 0.000000 0.000000
 0.420500 0.000000 0.000000
 0.422250 0.000000 0.000000
 0.424000 0.000000 0.000000
 0.425750 0.000000 0.000000
 0.427500 0.000000 0.000000
 0.429250 0.000000 0.000000
 0.431000 0.000000 0.000000
 0.432750 0.000000 0.000000
 0.434500 0.000000 0.000000
 0.436250 0.000000 0.000000
 0.438000 0.000000 0.000000
 0.439750 0.000000 0.000000
 0.441500 0.000000 0.000000
 0.443250 0.000000 0.000000
 0.445000 0.000000 0.000000
 0.446750 0.000000 0.000000
 0.448500 0.000000 0.000000
 0.450250 0.000000 0.000000
 0.452000 0.000000 0.000000
 0.453750 0.000000 0.000000
 0.455500 0.000000 0.000000
 0.457250 0.000000 0.000000
 0.459000 0.000000 0.000000
 0.460750 0.000000 0.000000
 0.462500 0.000000 0.000000
 0.464250 0.000000 0.000000
 0.466000 0.000000 0.000000
 0.467750 0.000000 0.000000
 0.469500 0.000000 0.000000
 0.471250 0.000000 0.000000
 0.473000 0.000000 0.000000
 0.474750 0.000000 0.000000
 0.476500 0.000000 0.000000
 0.478250 0.000000 0.000000
 0.480000 0.000000 0.000000
 0.481750 0.000000 0.000000
 0.483500 0.000000 0.000000
 0.485250 0.000000 0.000000
 0.487000 0.000000 0.000000
 0.488750 0.000000 0.000000
 0.490500 0.000000 0.000000
 0.492250 0.000000 0.000000
 0.494000 0.000000 0.000000
 0.495750 0.000000 0.000000
 0.497500 0.000000 0.000000
 0.499250 0.000000 0.000000
 0.501000 0.000000 0.000000
 0.502750 0.000000 0.000000
 0.504500 0.000000 0.000000
 0.506250 0.000000 0.000000
 0.508000 0.000000 0.000000
 0.509750 0.000000 0.000000
 0.511500 0.000000 0.000000
 0.513250 0.000000 0.000000
 0.515000 0.000000 0.000000
 0.516750 0.000000 0.000000
 0.518500 0.000000 0.000000
 0.520250 0.000000 0.000000
 0.522000 0.000000 0.000000
 0.523750 0.000000 0.000000
 0.525500 0.000000 0.000000
 0.527250 0.000000 0.000000
 0.529000 0.000000 0.000000
 0.530750 0.000000 0.000000
 0.532500 0.000000 0.000000
 0.534250 0.000000 0.000000
 0.536000 0.000000 0.000000
 0.537750 0.000000 0.000000
 0.539500 0.000000 0.000000
 0.541250 0.000000 0.000000
 0.543000 0.000000 0.000000
 0.544750 0.000000 0.000000
 0.546500 0.000000 0.000000
 0.548250 0.000000 0.000000
 0.550000 0.000000 0.000000
 0.551750 0.000000 0.000000
 0.553500 0.000000 0.000000
 0.555250 0.000000 0.000000
 0.557000 0.000000 0.000000
 0.558750 0.000000 0.000000
 0.560500 0.000000 0.000000
 0.562250 0.000000 0.000000
 0.564000 0.000000 0.000000
 0.565750 0.000000 0.000000
 0.567500 0.000000 0.000000
 0.569250 0.000000 0.000000
 0.571000 0.000000 0.000000
 0.572750 0.000000 0.000000
 0.574500 0.000000 0.000000
 0.576250 0.000000 0.000000
 0.578000 0.000000 0.000000
 0.579750 0.000000 0.000000
 0.581500 0.000000 0.000000
 0.583250 0.000000 0.000000
 0.585000 0.000000 0.000000
 0.586750 0.000000 0.000000
 0.588500 0.000000 0.000000
 0.590250 0.000000 0.000000
 0.592000 0.000000 0.000000
 0.593750 0.000000 0.000000
 0.595500 0.000000 0.000000
 0.597250 0.000000 0.000000
 0.599000 0.000000 0.000000
 0.600750 0.000000 0.000000
 0.602500 0.000000 0.000000
 0.604250 0.000000 0.000000
 0.606000 0.000000 0.000000
 0.607750 0.000000 0.000000
 0.609500 0.000000 0.000000
 0.611250 0.000000 0.000000
 0.613000 0.000000 0.000000
 0.614750 0.000000 0.000000
 0.616500 0.000000 0.000000
 0.618250 0.000000 0.000000
 0.620000 0.000000 0.000000
 0.621750 0.000000 0.000000
 0.623500 0.000000 0.000000
 0.625250 0.000000 0.000000
 0.627000 0.000000 0.000000
 0.628750 0.000000 0.000000
 0.630500 0.000000 0.000000
 0.632250 0.000000 0.000000
 0.634000 0.000000 0.000000
 0.635750 0.000000 0.000000
 0.637500 0.000000 0.000000
 0.639250 0.000000 0.000000
 0.641000 0.000000 0.000000
 0.642750 0.000000 0.000000
 0.644500 0.000000 0.000000
 0.646250 0.000000 0.000000
 0.648000 0.000000 0.000000
 0.649750 0.000000 0.000000
 0.651500 0.000000 0.000000
 0.653250 0.000000 0.000000
 0.655000 0.000000 0.000000
 0.656750 0.000000 0.000000
 0.658500 0.000000 0.000000
 0.660250 0.000000 0.000000
 0.662000 0.000000 0.000000
 0.663750 0.000000 0.000000
 0.665500 0.000000 0.000000
 0.667250 0.000000 0.000000
 0.669000 0.000000 0.000000
 0.670750 0.000000 0.000000
 0.672500 0.000000 0.000000
 0.674250 0.000000 0.000000
 0.676000 0.000000 0.000000
 0.677750 0.000000 0.000000
 0.679500 0.000000 0.000000
 0.681250 0.000000 0.000000
 0.683000 0.000000 0.000000
 0.684750 0.000000 0.000000
 0.686500 0.000000 0.000000
 0.688250 0.000000 0.000000
 0.690000 0.000000 0.000000
 0.691750 0.000000 0.000000
 0.693500 0.000000 0.000000
 0.695250 0.000000 0.000000
 0.697000 0.000000 0.000000
 0.698750 0.000000 0.000000
 0.700500 0.000000 0.000000
 0.702250 0.000000 0.000000
 0.704000 0.000000 0.000000
 0.705750 0.000000 0.000000
 0.707500 0.000000 0.000000
 0.709250 0.000000 0.000000
 0.711000 0.000000 0.000000
 0.712750 0.000000 0.000000
 0.714500 0.000000 0.000000
 0.716250 0.000000 0.000000
 0.718000 0.000000 0.000000
 0.719750 0.000000 0.000000
 0.721500 0.000000 0.000000
 0.723250 0.000000 0.000000
 0.725000 0.000000 0.000000
 0.726750 0.000000 0.000000
 0.728500 0.000000 0.000000
 0.730250 0.000000 0.000000
 0.732000 0.000000 0.000000
 0.733750 0.000000 0.000000
 0.735500 0.000000 0.000000
 0.737250 0.000000 0.000000
 0.739000 0.000000 0.000000
 0.740750 0.000000 0.000000
 0.742500 0.000000 0.000000
 0.744250 0.000000 0.000000
 0.746000 0.000000 0.000000
 0.747750 0.000000 0.000000
 0.749500 0.000000 0.000000
 0.751250 0.000000 0.000000
 0.753000 0.000000 0.000000
 0.754750 0.000000 0.000000
 0.756500 0.000000 0.000000
 0.758250 0.000000 0.000000
 0.760000 0.000000 0.000000
 0.761750 0.000000 0.000000
 0.763500 0.000000 0.000000
 0.765250 0.000000 0.000000
 0.767000 0.000000 0.000000
 0.768750 0.000000 0.000000
 0.770500 0.000000 0.000000
 0.772250 0.000000 0.000000
 0.774000 0.000000 0.000000
 0.775750 0.000000 0.000000
 0.777500 0.000000 0.000000
 0.779250 0.000000 0.000000
 0.781000 0.000000 0.000000
 0.782750 0.000000 0.000000
 0.784500 0.000000 0.000000
 0.786250 0.000000 0.000000
 0.788000 0.000000 0.000000
 0.789750 0.000000 0.000000
 0.791500 0.000000 0.000000
 0.793250 0.000000 0.000000
 0.795000 0.000000 0.000000
 0.796750 0.000000 0.000000
 0.798500 0.000000 0.000000
 0.800250 0.000000 0.000000
 0.802000 0.000000 0.000000
 0.803750 0.000000 0.000000
 0.805500 0.000000 0.000000
 0.807250 0.000000 0.000000
 0.809000 0.000000 0.000000
 0.810750 0.000000 0.000000
 0.812500 0.000000 0.000000
 0.814250 0.000000 0.000000
 0.816000 0.000000 0.000000
 0.817750 0.000000 0.000000
 0.819500 0.000000 0.000000
 0.821250 0.000000 0.000000
 0.823000 0.000000 0.000000
 0.824750 0.000000 0.000000
 0.826500 0.000000 0.000000
 0.828250 0.000000 0.000000
 0.830000 0.000000 0.000000
 0.831750 0.000000 0.000000
 0.833500 0.000000 0.000000
 0.835250 0.000000 0.000000
 0.837000 0.000000 0.000000
 0.838750 0.000000 0.000000
 0.840500 0.000000 0.000000
 0.842250 0.000000 0.000000
 0.844000 0.000000 0.000000
 0.845750 0.000000 0.000000
 0.847500 0.000000 0.000000
 0.849250 0.000000 0.000000
 0.851000 0.000000 0.000000
 0.852750 0.000000 0.000000
 0.854500 0.000000 0.000000
 0.856250 0.000000 0.000000
 0.858000 0.000000 0.000000
 0.859750 0.000000 0.000000
 0.861500 0.000000 0.000000
 0.863250 0.000000 0.000000
 0.865000 0.000000 0.000000
 0.866750 0.000000 0.000000
 0.868500 0.000000 0.000000
 0.870250 0.000000 0.000000
 0.872000 0.000000 0.000000
 0.873750 0.000000 0.000000
 0.875500 0.000000 0.000000
 0.877250 0.000000 0.000000
 0.879000 0.000000 0.000000
 0.880750 0.000000 0.000000
 0.882500 0.000000 0.000000
 0.884250 0.000000 0.000000
 0.886000 0.000000 0.000000
 0.887750 0.000000 0.000000
 0.889500 0.000000 0.000000
 0.891250 0.000000 0.000000
 0.893000 0.000000 0.000000
 0.894750 0.000000 0.000000
 0.896500 0.000000 0.000000
 0.898250 0.000000 0.000000
 0.900000 0.000000 0.000000
 0.901750 0.000000 0.000000
 0.903500 0.000000 0.000000
 0.905250 0.000000 0.000000
 0.907000 0.000000 0.000000
 0.908750 0.000000 0.000000
 0.910500 0.000000 0.000000
 0.912250 0.000000 0.000000
 0.914000 0.000000 0.000000
 0.915750 0.000000 0.000000
 0.917500 0.000000 0.000000
 0.919250 0.000000 0.000000
 0.921000 0.000000 0.000000
 0.922750 0.000000 0.000000
 0.924500 0.000000 0.000000
 0.926250 0.000000 0.000000
 0.928000 0.000000 0.000000
 0.929750 0.000000 0.000000
 0.931500 0.000000 0.000000
 0.933250 0.000000 0.000000
 0.935000 0.000000 0.000000
 0.936750 0.000000 0.000000
 0.938500 0.000000 0.000000
 0.940250 0.000000 0.000000
 0.942000 0.000000 0.000000
 0.943750 0.000000 0.000000
 0.945500 0.000000 0.000000
 0.947250 0.000000 0.000000
 0.949000 0.000000 0.000000
 0.950750 0.000000 0.000000
 0.952500 0.000000 0.000000
 0.954250 0.000000 0.000000
 0.956000 0.000000 0.000000
 0.957750 0.000000 0.000000
 0.959500 0.000000 0.000000
 0.961250 0.000000 0.000000
 0.963000 0.000000 0.000000
 0.964750 0.000000 0.000000
 0.966500 0.000000 0.000000
 0.968250 0.000000 0.000000
 0.970000 0.000000 0.000000
 0.971750 0.000000 0.000000
 0.973500 0.000000 0.000000
 0.975250 0.000000 0.000000
 0.977000 0.000000 0.000000
 0.978750 0.000000 0.000000
 0.980500 0.000000 0.000000
 0.982250 0.000000 0.000000
 0.984000 0.000000 0.000000
 0.985750 0.000000 0.000000
 0.987500 0.000000 0.000000
 0.989250 0.000000 0.000000
 0.991000 0.000000 0.000000
 0.992750 0.000000 0.000000
 0.994500 0.000000 0.000000
 0.996250 0.000000 0.000000
 0.998000 0.000000 0.000000
 0.999750 0.000000 0.000000
 1.001500 0.000000 0.000000
 1.003250 0.000000 0.000000
 1.005000 0.000000 0.000000
 1.006750 0.000000 0.000000
 1.008500 0.000000 0.000000
 1.010250 0.000000 0.000000
 1.012000 0.000000 0.000000
 1.013750 0.000000 0.000000
 1.015500 0.000000 0.000000
 1.017250 0.000000 0.000000
 1.019000 0.000000 0.000000
 1.020750 0.000000 0.000000
 1.022500 0.000000 0.000000
 1.024250 0.000000 0.000000
 1.026000 0.000000 0.000000
 1.027750 0.000000 0.000000
 1.029500 0.000000 0.000000
 1.031250 0.000000 0.000000
 1.033000 0.000000 0.000000
 1.034750 0.000000 0.000000
 1.036500 0.000000 0.000000
 1.038250 0.000000 0.000000
 1.040000 0.000000 0.000000
 1.041750 0.000000 0.000000
 1.043500 0.000000 0.000000
 1.045250 0.000000 0.000000
 1.047000 0.000000 0.000000
 1.048750 0.000000 0.000000
 1.050500 0.000000 0.000000
 1.052250 0.000000 0.000000
 1.054000 0.000000 0.000000
 1.055750 0.000000 0.000000
 1.057500 0.000000 0.000000
 1.059250 0.000000 0.000000
 1.061000 0.000000 0.000000
 1.062750 0.000000 0.000000
 1.064500 0.000000 0.000000
 1.066250 0.000000 0.000000
 1.068000 0.000000 0.000000
 1.069750 0.000000 0.000000
 1.071500 0.000000 0.000000
 1.073250 0.000000 0.000000
 1.075000 0.000000 0.000000
 1.076750 0.000000 0.000000
 1.078500 0.000000 0.000000
 1.080250 0.000000 0.000000
 1.082000 0.000000 0.000000
 1.083750 0.000000 0.000000
 1.085500 0.000000 0.000000
 1.087250 0.000000 0.000000
 1.089000 0.000000 0.000000
 1.090750 0.000000 0.000000
 1.092500 0.000000 0.000000
 1.094250 0.000000 0.000000
 1.096000 0.000000 0.000000
 1.097750 0.000000 0.000000
 1.099500 0.000000 0.000000
 1.101250 0.000000 0.000000
 1.103000 0.000000 0.000000
 1.104750 0.000000 0.000000
 1.106500 0.000000 0.000000
 1.108250 0.000000 0.000000
 1.110000 0.000000 0.000000
 1.111750 0.000000 0.000000
 1.113500 0.000000 0.000000
 1.115250 0.000000 0.000000
 1.117000 0.000000 0.000000
 1.118750 0.000000 0.000000
 1.120500 0.000000 0.000000
 1.122250 0.000000 0.000000
 1.124000 0.000000 0.000000
 1.125750 0.000000 0.000000
 1.127500 0.000000 0.000000
 1.129250 0.000000 0.000000
 1.131000 0.000000 0.000000
 1.132750 0.000000 0.000000
 1.134500 0.000000 0.000000
 1.136250 0.000000 0.000000
 1.138000 0.000000 0.000000
 1.139750 0.000000 0.000000
 1.141500 0.000000 0.000000
 1.143250 0.000000 0.000000
 1.145000 0.000000 0.000000
 1.146750 0.000000 0.000000
 1.148500 0.000000 0.000000
 1.150250 0.000000 0.000000
 1.152000 0.000000 0.000000
 1.153750 0.000000 0.000000
 1.155500 0.000000 0.000000
 1.157250 0.000000 0.000000
 1.159000 0.000000 0.000000
 1.160750 0.000000 0.000000
 1.162500 0.000000 0.000000
 1.164250 0.000000 0.000000
 1.166000 0.000000 0.000000
 1.167750 0.000000 0.000000
 1.169500 0.000000 0.000000
 1.171250 0.000000 0.000000
 1.173000 0.000000 0.000000
 1.174750 0.000000 0.000000
 1.176500 0.000000 0.000000
 1.178250 0.000000 0.000000
 1.180000 0.000000 0.000000
 1.181750 0.000000 0.000000
 1.183500 0.000000 0.000000
 1.185250 0.000000 0.000000
 1.187000 0.000000 0.000000
 1.188750 0.000000 0.000000
 1.190500 0.000000 0.000000
 1.192250 0.000000 0.000000
 1.194000 0.000000 0.000000
 1.195750 0.000000 0.000000
 1.197500 0.000000 0.000000
 1.199250 0.000000 0.000000
 1.201000 0.000000 0.000000
 1.202750 0.000000 0.000000
 1.204500 0.000000 0.000000
 1.206250 0.000000 0.000000
 1.208000 0.000000 0.000000
 1.209750 0.000000 0.000000
 1.211500 0.000000 0.000000
 1.213250 0.000000 0.000000
 1.215000 0.000000 0.000000
 1.216750 0.000000 0.000000
 1.218500 0.000000 0.000000
 1.220250 0.000000 0.000000
 1.222000 0.000000 0.000000
 1.223750 0.000000 0.000000
 1.225500 0.000000 0.000000
 1.227250 0.000000 0.000000
 1.229000 0.000000 0.000000
 1.230750 0.000000 0.000000
 1.232500 0.000000 0.000000
 1.234250 0.000000 0.000000
 1.236000 0.000000 0.000000
 1.237750 0.000000 0.000000
 1.239500 0.000000 0.000000
 1.241250 0.000000 0.000000
 1.243000 0.000000 0.000000
 1.244750 0.000000 0.000000
 1.246500 0.000000 0.000000
 1.248250 0.000000 0.000000
 1.250000 0.000000 0.000000
 1.251750 0.000000 0.000000
 1.253500 0.000000 0.000000
 1.255250 0.000000 0.000000
 1.257000 0.000000 0.000000
 1.258750 0.000000 0.000000
 1.260500 0.000000 0.000000
 1.262250 0.000000 0.000000
 1.264000 0.000000 0.000000
 1.265750 0.000000 0.000000
 1.267500 0.000000 0.000000
 1.269250 0.000000 0.000000
 1.271000 0.000000 0.000000
 1.272750 0.000000 0.000000
 1.274500 0.000000 0.000000
 1.276250 0.000000 0.000000
 1.278000 0.000000 0.000000
 1.279750 0.000000 0.000000
 1.281500 0.000000 0.000000
 1.283250 0.000000 0.000000
 1.285000 0.000000 0.000000
 1.286750 0.000000 0.000000
 1.288500 0.000000 0.000000
 1.290250 0.000000 0.000000
 1.292000 0.000000 0.000000
 1.293750 0.000000 0.000000
 1.295500 0.000000 0.000000
 1.297250 0.000000 0.000000
 1.299000 0.000000 0.000000
 1.300750 0.000000 0.000000
 1.302500 0.000000 0.000000
 1.304250 0.000000 0.000000
 1.306000 0.000000 0.000000
 1.307750 0.000000 0.000000
 1.309500 0.000000 0.000000
 1.311250 0.000000 0.000000
 1.313000 0.000000 0.000000
 1.314750 0.000000 0.000000
 1.316500 0.000000 0.000000
 1.318250 0.000000 0.000000
 1.320000 0.000000 0.000000
 1.321750 0.000000 0.000000
 1.323500 0.000000 0.000000
 1.325250 0.000000 0.000000
 1.327000 0.000000 0.000000
 1.328750 0.000000 0.000000
 1.330500 0.000000 0.000000
 1.332250 0.000000 0.000000
 1.334000 0.000000 0.000000
 1.335750 0.000000 0.000000
 1.337500 0.000000 0.000000
 1.339250 0.000000 0.000000
 1.341000 0.000000 0.000000
 1.342750 0.000000 0.000000
 1.344500 0.000000 0.000000
 1.346250 0.000000 0.000000
 1.348000 0.000000 0.000000
 1.349750 0.000000 0.000000
 1.351500 0.000000 0.000000
 1.353250 0.000000 0.000000
 1.355000 0.000000 0.000000
 1.356750 0.000000 0.000000
 1.358500 0.000000 0.000000
 1.360250 0.000000 0.000000
 1.362000 0.000000 0.000000
 1.363750 0.000000 0.000000
 1.365500 0.000000 0.000000
 1.367250 0.000000 0.000000
 1.369000 0.000000 0.000000
 1.370750 0.000000 0.000000
 1.372500 0.000000 0.000000
 1.374250 0.000000 0.000000
 1.376000 0.000000 0.000000
 1.377750 0.000000 0.000000
 1.379500 0.000000 0.000000
 1.381250 0.000000 0.000000
 1.383000 0.000000 0.000000
 1.384750 0.000000 0.000000
 1.386500 0.000000 0.000000
 1.388250 0.000000 0.000000
 1.390000 0.000000 0.000000
 1.391750 0.000000 0.000000
 1.393500 0.000000 0.000000
 1.395250 0.000000 0.000000
 1.397000 0.000000 0.000000
 1.398750 0.000000 0.000000
 1.400500 0.000000 0.000000
 1.402250 0.000000 0.000000
 1.404000 0.000000 0.000000
 1.405750 0.000000 0.000000
 1.407500 0.000000 0.000000
 1.409250 0.000000 0.000000
 1.411000 0.000000 0.000000
 1.412750 0.000000 0.000000
 1.414500 0.000000 0.000000
 1.416250 0.000000 0.000000
 1.418000 0.000000 0.000000
 1.419750 0.000000 0.000000
 1.421500 0.000000 0.000000
 1.423250 0.000000 0.000000
 1.425000 0.000000 0.000000
 1.426750 0.000000 0.000000
 1.428500 0.000000 0.000000
 1.430250 0.000000 0.000000
 1.432000 0.000000 0.000000
 1.433750 0.000000 0.000000
 1.435500 0.000000 0.000000
 1.437250 0.000000 0.000000
 1.439000 0.000000 0.000000
 1.440750 0.000000 0.000000
 1.442500 0.000000 0.000000
 1.444250 0.000000 0.000000
 1.446000 0.000000 0.000000
 1.447750 0.000000 0.000000
 1.449500 0.000000 0.000000
 1.451250 0.000000 0.000000
 1.453000 0.000000 0.000000
 1.454750 0.000000 0.000000
 1.456500 0.000000 0.000000
 1.458250 0.000000 0.000000
 1.460000 0.000000 0.000000
 1.461750 0.000000 0.000000
 1.463500 0.000000 0.000000
 1.465250 0.000000 0.000000
 1.467000 0.000000 0.000000
 1.468750 0.000000 0.000000
 1.470500 0.000000 0.000000
 1.472250 0.000000 0.000000
 1.474000 0.000000 0.000000
 1.475750 0.000000 0.000000
 1.477500 0.000000 0.000000
 1.479250 0.000000 0.000000
 1.481000 0.000000 0.000000
 1.482750 0.000000 0.000000
 1.484500 0.000000 0.000000
 1.486250 0.000000 0.000000
 1.488000 0.000000 0.000000
 1.489750 0.000000 0.000000
 1.491500 0.000000 0.000000
 1.493250 0.000000 0.000000
 1.495000 0.000000 0.000000
 1.496750 0.000000 0.000000
 1.498500 0.000000 0.000000
 1.500250 0.000000 0.000000
 1.502000 0.000000 0.000000
 1.503750 0.000000 0.000000
 1.505500 0.000000 0.000000
 1.507250 0.000000 0.000000
 1.509000 0.000000 0.000000
 1.510750 0.000000 0.000000
 1.512500 0.000000 0.000000
 1.514250 0.000000 0.000000
 1.516000 0.000000 0.000000
 1.517750 0.000000 0.000000
 1.519500 0.000000 0.000000
 1.521250 0.000000 0.000000
 1.523000 0.000000 0.000000
 1.524750 0.000000 0.000000
 1.526500 0.000000 0.000000
 1.528250 0.000000 0.000000
 1.530000 0.000000 0.000000
 1.531750 0.000000 0.000000
 1.533500 0.000000 0.000000
 1.535250 0.000000 0.000000
 1.537000 0.000000 0.000000
 1.538750 0.000000 0.000000
 1.540500 0.000000 0.000000
 1.542250 0.000000 0.000000
 1.544000 0.000000 0.000000
 1.545750 0.000000 0.000000
 1.547500 0.000000 0.000000
 1.549250 0.000000 0.000000
 1.551000 0.000000 0.000000
 1.552750 0.000000 0.000000
 1.554500 0.000000 0.000000
 1.556250 0.000000 0.000000
 1.558000 0.000000 0.000000
 1.559750 0.000000 0.000000
 1.561500 0.000000 0.000000
 1.563250 0.000000 0.000000
 1.565000 0.000000 0.000000
 1.566750 0.000000 0.000000
 1.568500 0.000000 0.000000
 1.570250 0.000000 0.000000
 1.572000 0.000000 0.000000
 1.573750 0.000000 0.000000
 1.575500 0.000000 0.000000
 1.577250 0.000000 0.000000
 1.579000 0.000000 0.000000
 1.580750 0.000000 0.000000
 1.582500 0.000000 0.000000
 1.584250 0.000000 0.000000
 1.586000 0.000000 0.000000
 1.587750 0.000000 0.000000
 1.589500 0.000000 0.000000
 1.591250 0.000000 0.000000
 1.593000 0.000000 0.000000
 1.594750 0.000000 0.000000
 1.596500 0.000000 0.000000
 1.598250 0.000000 0.000000
 1.600000 0.000000 0.000000
 1.601750 0.000000 0.000000
 1.603500 0.000000 0.000000
 1.605250 0.000000 0.000000
 1.607000 0.000000 0.000000
 1.608750 0.000000 0.000000
 1.610500 0.000000 0.000000
 1.612250 0.000000 0.000000
 1.614000 0.000000 0.000000
 1.615750 0.000000 0.000000
 1.617500 0.000000 0.000000
 1.619250 0.000000 0.000000
 1.621000 0.000000 0.000000
 1.622750 0.000000 0.000000
 1.624500 0.000000 0.000000
 1.626250 0.000000 0.000000
 1.628000 0.000000 0.000000
 1.629750 0.000000 0.000000
 1.631500 0.000000 0.000000
 1.633250 0.000000 0.000000
 1.635000 0.000000 0.000000
 1.636750 0.000000 0.000000
 1.638500 0.000000 0.000000
 1.640250 0.000000 0.000000
 1.642000 0.000000 0.000000
 1.643750 0.000000 0.000000
 1.645500 0.000000 0.000000
 1.647250 0.000000 0.000000
 1.649000 0.000000 0.000000
 1.650750 0.000000 0.000000
 1.652500 0.000000 0.000000
 1.654250 0.000000 0.000000
 1.656000 0.000000 0.000000
 1.657750 0.000000 0.000000
 1.659500 0.000000 0.000000
 1.661250 0.000000 0.000000
 1.663000 0.000000 0.000000
 1.664750 0.000000 0.000000
 1.666500 0.000000 0.000000
 1.668250 0.000000 0.000000
 1.670000 0.000000 0.000000
 1.671750 0.000000 0.000000
 1.673500 0.000000 0.000000
 1.675250 0.000000 0.000000
 1.677000 0.000000 0.000000
 1.678750 0.000000 0.000000
 1.680500 0.000000 0.000000
 1.682250 0.000000 0.000000
 1.684000 0.000000 0.000000
 1.685750 0.000000 0.000000
 1.687500 0.000000 0.000000
 1.689250 0.000000 0.000000
 1.691000 0.000000 0.000000
 1.692750 0.000000 0.000000
 1.694500 0.000000 0.000000
 1.696250 0.000000 0.000000
 1.698000 0.000000 0.000000
 1.699750 0.000000 0.000000
 1.701500 0.000000 0.000000
 1.703250 0.000000 0.000000
 1.705000 0.000000 0.000000
 1.706750 0.000000 0.000000
 1.708500 0.000000 0.000000
 1.710250 0.000000 0.000000
 1.712000 0.000000 0.000000
 1.713750 0.000000 0.000000
 1.715500 0.000000 0.000000
 1.717250 0.000000 0.000000
 1.719000 0.000000 0.000000
 1.720750 0.000000 0.000000
 1.722500 0.000000 0.000000
 1.724250 0.000000 0.000000
 1.726000 0.000000 0.000000
 1.727750 0.000000 0.000000
 1.729500 0.000000 0.000000
 1.731250 0.000000 0.000000
 1.733000 0.000000 0.000000
 1.734750 0.000000 0.000000
 1.736500 0.000000 0.000000
 1.738250 0.000001 0.000274
 1.740000 0.000001 0.000498
 1.741750 0.000003 0.000877
 1.743500 0.000005 0.001494
 1.745250 0.000008 0.002461
 1.747000 0.000013 0.003917
 1.748750 0.000023 0.006253
 1.750500 0.000036 0.009370
 1.752250 0.000056 0.013583
 1.754000 0.000084 0.019041
 1.755750 0.000124 0.025807
 1.757500 0.000176 0.033812
 1.759250 0.000243 0.043078
 1.761000 0.000327 0.052841
 1.762750 0.000428 0.062667
 1.764500 0.000546 0.071856
 1.766250 0.000679 0.079662
 1.768000 0.000824 0.085392
 1.769750 0.000976 0.088508
 1.771500 0.001132 0.088704
 1.773250 0.001285 0.085936
 1.775000 0.001431 0.080413
 1.776750 0.001566 0.072756
 1.778500 0.001685 0.063187
 1.780250 0.001788 0.052974
 1.782000 0.001871 0.041851
 1.783750 0.001934 0.030643
 1.785500 0.001980 0.020426
 1.787250 0.002007 0.010953
 1.789000 0.002020 0.003528
 1.790750 0.002021 -0.001330
 1.792500 0.002017 -0.002389
 1.794250 0.002016 0.001513
 1.796000 0.002027 0.011724
 1.797750 0.002064 0.029765
 1.799500 0.002137 0.054544
 1.801250 0.002260 0.086455
 1.803000 0.002445 0.124456
 1.804750 0.002699 0.165450
 1.806500 0.003025 0.207006
 1.808250 0.003423 0.246640
 1.810000 0.003886 0.280714
 1.811750 0.004403 0.307873
 1.813500 0.004960 0.327645
 1.815250 0.005545 0.339244
 1.817000 0.006145 0.344979
 1.818750 0.006752 0.346911
 1.820500 0.007362 0.348236
 1.822250 0.007974 0.350014
 1.824000 0.008588 0.353245
 1.825750 0.009209 0.356880
 1.827500 0.009838 0.360377
 1.829250 0.010470 0.361021
 1.831000 0.011100 0.356894
 1.832750 0.011717 0.346023
 1.834500 0.012307 0.328015
 1.836250 0.012860 0.302530
 1.838000 0.013366 0.272940
 1.839750 0.013816 0.240684
 1.841500 0.014210 0.209233
 1.843250 0.014553 0.181061
 1.845000 0.014849 0.157226
 1.846750 0.015111 0.140194
 1.848500 0.015348 0.129355
 1.850250 0.015572 0.125582
 1.852000 0.015794 0.129104
 1.853750 0.016030 0.140137
 1.855500 0.016292 0.161389
 1.857250 0.016606 0.194010
 1.859000 0.016982 0.238471
 1.860750 0.017450 0.298209
 1.862500 0.018038 0.372159
 1.864250 0.018768 0.461212
 1.866000 0.019665 0.561997
 1.867750 0.020747 0.672333
 1.869500 0.022027 0.788463
 1.871250 0.023516 0.908091
 1.873000 0.025209 1.026341
 1.874750 0.027108 1.137819
 1.876500 0.029197 1.242633
 1.878250 0.031455 1.337187
 1.880000 0.033877 1.422112
 1.881750 0.036438 1.498305
 1.883500 0.039124 1.568426
 1.885250 0.041935 1.636085
 1.887000 0.044865 1.705451
 1.888750 0.047919 1.780526
 1.890500 0.051109 1.862824
 1.892250 0.054455 1.956232
 1.894000 0.057972 2.060219
 1.895750 0.061682 2.175386
 1.897500 0.065596 2.295683
 1.899250 0.069723 2.416290
 1.901000 0.074066 2.534997
 1.902750 0.078606 2.643364
 1.904500 0.083320 2.732917
 1.906250 0.088172 2.799119
 1.908000 0.093113 2.835908
 1.909750 0.098092 2.839930
 1.911500 0.103058 2.814737
 1.913250 0.107946 2.762063
 1.915000 0.112724 2.686936
 1.916750 0.117365 2.604408
 1.918500 0.121854 2.524405
 1.920250 0.126226 2.465314
 1.922000 0.130517 2.441777
 1.923750 0.134823 2.470072
 1.925500 0.139227 2.558170
 1.927250 0.143840 2.707184
 1.929000 0.148756 2.910903
 1.930750 0.154077 3.163313
 1.932500 0.159873 3.448835
 1.934250 0.166183 3.744252
 1.936000 0.173001 4.035241
 1.937750 0.180326 4.314012
 1.939500 0.188111 4.570058
 1.941250 0.196332 4.806636
 1.943000 0.204951 5.032821
 1.944750 0.213973 5.263992
 1.946500 0.223407 5.514775
 1.948250 0.233306 5.792425
 1.950000 0.243729 6.103204
 1.951750 0.254714 6.436378
 1.953500 0.266288 6.771065
 1.955250 0.278433 7.088550
 1.957000 0.291104 7.360384
 1.958750 0.304187 7.557755
 1.960500 0.317537 7.669524
 1.962250 0.331020 7.696843
 1.964000 0.344475 7.646278
 1.965750 0.357787 7.543518
 1.967500 0.370909 7.431711
 1.969250 0.383847 7.348498
 1.971000 0.396699 7.340677
 1.972750 0.409640 7.443307
 1.974500 0.422882 7.676167
 1.976250 0.436637 8.042532
 1.978000 0.451125 8.512484
 1.979750 0.466515 9.053206
 1.981500 0.482867 9.609011
 1.983250 0.500164 10.121967
 1.985000 0.518287 10.540924
 1.986750 0.537037 10.832214
 1.988500 0.556157 10.966223
 1.990250 0.575383 10.954756
 1.992000 0.594497 10.838339
 1.993750 0.613344 10.657232
 1.995500 0.631865 10.483054
 1.997250 0.650142 10.385503
 1.999000 0.668347 10.425608
 2.000750 0.686779 10.646542
 2.002500 0.705768 11.062752
 2.004250 0.725662 11.665802
 2.006000 0.746750 12.432724
 2.007750 0.769282 13.310171
 2.009500 0.793404 14.226428
 2.011250 0.819110 15.115418
 2.013000 0.846319 15.931004
 2.014750 0.874842 16.614118
 2.016500 0.904439 17.140378
 2.018250 0.934807 17.494447
 2.020000 0.965648 17.686094
 2.021750 0.996690 17.725319
 2.023500 1.027690 17.640814
 2.025250 1.058460 17.474273
 2.027000 1.088868 17.249459
 2.028750 1.118888 17.019409
 2.030500 1.148535 16.832568
 2.032250 1.177918 16.729238
 2.034000 1.207205 16.738782
 2.035750 1.236650 16.903463
 2.037500 1.266540 17.251534
 2.039250 1.297191 17.764450
 2.041000 1.328869 18.427072
 2.042750 1.361836 19.221298
 2.044500 1.396266 20.082380
 2.046250 1.432226 20.962326
 2.048000 1.469683 21.799028
 2.049750 1.508508 22.524730
 2.051500 1.548486 23.090623
 2.053250 1.589256 23.443027
 2.055000 1.630464 23.583994
 2.056750 1.671726 23.503572
 2.058500 1.712675 23.232839
 2.060250 1.753015 22.813078
 2.062000 1.792526 22.308462
 2.063750 1.831125 21.767815
 2.065500 1.868828 21.268719
 2.067250 1.905663 20.849154
 2.069000 1.941865 20.536765
 2.070750 1.977646 20.359831
 2.072500 2.013272 20.330656
 2.074250 2.048941 20.435005
 2.076000 2.084886 20.664150
 2.077750 2.121339 20.999986
 2.079500 2.158473 21.424852
 2.081250 2.196394 21.910074
 2.083000 2.235210 22.440810
 2.084750 2.274936 22.963953
 2.086500 2.315575 23.432542
 2.088250 2.356966 23.819141
 2.090000 2.398883 24.041988
 2.091750 2.441002 24.059367
 2.093500 2.482937 23.813835
 2.095250 2.524228 23.320414
 2.097000 2.564391 22.558935
 2.098750 2.603049 21.602709
 2.100500 2.639883 20.508140
 2.102250 2.674788 19.377755
 2.104000 2.707755 18.342520
 2.105750 2.739066 17.498235
 2.107500 2.769156 16.952160
 2.109250 2.798595 16.746273
 2.111000 2.828019 16.922648
 2.112750 2.858020 17.442724
 2.114500 2.889173 18.210137
 2.116250 2.921829 19.128029
 2.118000 2.956128 20.094250
 2.119750 2.992063 20.974087
 2.121500 3.029436 21.713595
 2.123250 3.067904 22.248791
 2.125000 3.107165 22.595648
 2.126750 3.146869 22.812802
 2.128500 3.186895 22.933087
 2.130250 3.227071 23.059974
 2.132000 3.267554 23.260107
 2.133750 3.308446 23.549070
 2.135500 3.349928 23.929297
 2.137250 3.392107 24.343552
 2.139000 3.434964 24.695240
 2.140750 3.478301 24.890481
 2.142500 3.521775 24.781157
 2.144250 3.564751 24.300817
 2.146000 3.606483 23.380823
 2.147750 3.646166 21.997904
 2.149500 3.683090 20.184756
 2.151250 3.716523 18.020672
 2.153000 3.745939 15.637038
 2.154750 3.771076 13.179048
 2.156500 3.792010 10.798651
 2.158250 3.808886 8.653323
 2.160000 3.822361 6.878516
 2.161750 3.833123 5.579501
 2.163500 3.842029 4.819599
 2.165250 3.850078 4.570781
 2.167000 3.858116 4.813113
 2.168750 3.866964 5.437430
 2.170500 3.877129 6.338491
 2.172250 3.888999 7.328539
 2.174000 3.902555 8.288973
 2.175750 3.917667 9.048889
 2.177500 3.933868 9.529506
 2.179250 3.950575 9.659500
 2.181000 3.967211 9.423224
 2.182750 3.983140 8.886196
 2.184500 3.997878 8.061014
 2.186250 4.010969 7.053648
 2.188000 4.022169 5.907953
 2.189750 4.031295 4.679790
 2.191500 4.038226 3.396345
 2.193250 4.042866 2.084936
 2.195000 4.045212 0.733512
 2.196750 4.045098 -0.643087
 2.198500 4.042620 -2.042816
 2.200250 4.037679 -3.417162
 2.202000 4.030345 -4.737242
 2.203750 4.020782 -5.975402
 2.205500 4.009190 -7.074142
 2.207250 3.995828 -7.959896
 2.209000 3.981121 -8.646676
 2.210750 3.965394 -9.111424
 2.212500 3.949022 -9.399485
 2.214250 3.932275 -9.537630
 2.216000 3.915351 -9.580482
 2.217750 3.898395 -9.604949
 2.219500 3.881307 -9.676587
 2.221250 3.864039 -9.860167
 2.223000 3.846312 -10.204008
 2.224750 3.827831 -10.703111
 2.226500 3.808331 -11.373256
 2.228250 3.787551 -12.175863
 2.230000 3.765300 -13.054376
 2.231750 3.741453 -13.933159
 2.233500 3.716141 -14.791262
 2.235250 3.689353 -15.531481
 2.237000 3.661360 -16.166263
 2.238750 3.632365 -16.696036
 2.240500 3.602497 -17.178080
 2.242250 3.571803 -17.660217
 2.244000 3.540242 -18.198339
 2.245750 3.507593 -18.866999
 2.247500 3.473658 -19.695990
 2.249250 3.438125 -20.681295
 2.251000 3.400760 -21.788823
 2.252750 3.361380 -22.951066
 2.254500 3.320009 -24.109485
 2.256250 3.276673 -25.176275
 2.258000 3.231554 -26.096228
 2.259750 3.184990 -26.858776
 2.261500 3.137229 -27.436600
 2.263250 3.088628 -27.840946
 2.265000 3.039434 -28.096656
 2.266750 2.989917 -28.222048
 2.268500 2.940306 -28.206212
 2.270250 2.890793 -28.059144
 2.272000 2.841723 -27.771708
 2.273750 2.793298 -27.292262
 2.275500 2.745840 -26.636765
 2.277250 2.699709 -25.817771
 2.279000 2.655172 -24.848420
 2.280750 2.612431 -23.782685
 2.282500 2.571557 -22.674328
 2.284250 2.532561 -21.642000
 2.286000 2.495248 -20.760435
 2.287750 2.459285 -20.119341
 2.289500 2.424252 -19.744498
 2.291250 2.389589 -19.669282
 2.293000 2.354802 -19.863109
 2.294750 2.319493 -20.308417
 2.296500 2.283226 -20.907757
 2.298250 2.245873 -21.601751
 2.300000 2.207247 -22.309444
 2.301750 2.167423 -22.983725
 2.303500 2.126468 -23.583583
 2.305250 2.084524 -24.099968
 2.307000 2.041748 -24.540705
 2.308750 1.998284 -24.904625
 2.310500 1.954270 -25.198554
 2.312250 1.909790 -25.424743
 2.314000 1.864975 -25.557232
 2.315750 1.820024 -25.614726
 2.317500 1.775051 -25.562222
 2.319250 1.730271 -25.381857
 2.321000 1.685925 -25.111228
 2.322750 1.642142 -24.738174
 2.324500 1.599078 -24.298643
 2.326250 1.556829 -23.807280
 2.328000 1.515465 -23.297249
 2.329750 1.474981 -22.776613
 2.331500 1.435398 -22.266691
 2.333250 1.396705 -21.760950
 2.335000 1.358909 -21.245096
 2.336750 1.322057 -20.704567
 2.338500 1.286172 -20.117671
 2.340250 1.251366 -19.490983
 2.342000 1.217693 -18.828273
 2.343750 1.185186 -18.141175
 2.345500 1.153908 -17.475987
 2.347250 1.123759 -16.842502
 2.349000 1.094617 -16.279785
 2.350750 1.066402 -15.841005
 2.352500 1.038862 -15.528714
 2.354250 1.011727 -15.350037
 2.356000 0.984788 -15.312726
 2.357750 0.957797 -15.394792
 2.359500 0.930611 -15.575287
 2.361250 0.903054 -15.804999
 2.363000 0.875092 -16.047455
 2.364750 0.846700 -16.230055
 2.366500 0.818081 -16.344851
 2.368250 0.789364 -16.327976
 2.370000 0.760811 -16.159132
 2.371750 0.732717 -15.828916
 2.373500 0.705311 -15.331723
 2.375250 0.678918 -14.715758
 2.377000 0.653686 -14.007044
 2.378750 0.629735 -13.262711
 2.380500 0.607092 -12.531848
 2.382250 0.585692 -11.856451
 2.384000 0.565394 -11.263757
 2.385750 0.546030 -10.768776
 2.387500 0.527467 -10.389394
 2.389250 0.509473 -10.086875
 2.391000 0.491961 -9.855523
 2.392750 0.474820 -9.666830
 2.394500 0.457978 -9.484666
 2.396250 0.441463 -9.313130
 2.398000 0.425250 -9.135037
 2.399750 0.409367 -8.954623
 2.401500 0.393792 -8.771744
 2.403250 0.378527 -8.597027
 2.405000 0.363557 -8.432837
 2.406750 0.348868 -8.290177
 2.408500 0.334422 -8.159227
 2.410250 0.320209 -8.029434
 2.412000 0.306228 -7.882991
 2.413750 0.292527 -7.712480
 2.415500 0.279171 -7.499666
 2.417250 0.266229 -7.238231
 2.419000 0.253791 -6.926436
 2.420750 0.241938 -6.568454
 2.422500 0.230727 -6.180883
 2.424250 0.220214 -5.793917
 2.426000 0.210367 -5.421178
 2.427750 0.201134 -5.083312
 2.429500 0.192456 -4.799351
 2.431250 0.184234 -4.570644
 2.433000 0.176376 -4.391710
 2.434750 0.168780 -4.241579
 2.436500 0.161435 -4.115272
 2.438250 0.154313 -3.993582
 2.440000 0.147405 -3.858202
 2.441750 0.140757 -3.711011
 2.443500 0.134382 -3.547179
 2.445250 0.128298 -3.378595
 2.447000 0.122504 -3.214100
 2.448750 0.116984 -3.073394
 2.450500 0.111679 -2.960651
 2.452250 0.106542 -2.884236
 2.454000 0.101520 -2.841773
 2.455750 0.096551 -2.821024
 2.457500 0.091611 -2.804748
 2.459250 0.086708 -2.778639
 2.461000 0.081866 -2.727778
 2.462750 0.077145 -2.642955
 2.464500 0.072608 -2.520464
 2.466250 0.068317 -2.362095
 2.468000 0.064329 -2.180049
 2.469750 0.060667 -1.986059
 2.471500 0.057340 -1.797450
 2.473250 0.054328 -1.630275
 2.475000 0.051581 -1.495064
 2.476750 0.049044 -1.400143
 2.478500 0.046643 -1.343998
 2.480250 0.044305 -1.319127
 2.482000 0.041989 -1.321946
 2.483750 0.039653 -1.342281
 2.485500 0.037272 -1.369690
 2.487250 0.034842 -1.396708
 2.489000 0.032373 -1.416924
 2.490750 0.029871 -1.423166
 2.492500 0.027374 -1.417446
 2.494250 0.024905 -1.396739
 2.496000 0.022484 -1.356262
 2.497750 0.020150 -1.300007
 2.499500 0.017931 -1.226491
 2.501250 0.015851 -1.136199
 2.503000 0.013946 -1.035308
 2.504750 0.012228 -0.924122
 2.506500 0.010710 -0.806943
 2.508250 0.009399 -0.687727
 2.510000 0.008295 -0.573076
 2.511750 0.007383 -0.465790
 2.513500 0.006648 -0.369351
 2.515250 0.006071 -0.287964
 2.517000 0.005622 -0.221461
 2.518750 0.005276 -0.169372
 2.520500 0.005013 -0.133048
 2.522250 0.004800 -0.106572
 2.524000 0.004626 -0.090794
 2.525750 0.004473 -0.082312
 2.527500 0.004332 -0.079029
 2.529250 0.004191 -0.078735
 2.531000 0.004051 -0.082105
 2.532750 0.003901 -0.085935
 2.534500 0.003742 -0.090754
 2.536250 0.003577 -0.097814
 2.538000 0.003399 -0.104403
 2.539750 0.003210 -0.110948
 2.541500 0.003011 -0.115957
 2.543250 0.002804 -0.119307
 2.545000 0.002595 -0.119828
 2.546750 0.002386 -0.116670
 2.548500 0.002186 -0.110203
 2.550250 0.002000 -0.101036
 2.552000 0.001833 -0.089464
 2.553750 0.001688 -0.076771
 2.555500 0.001565 -0.064435
 2.557250 0.001460 -0.053507
 2.559000 0.001373 -0.045695
 2.560750 0.001297 -0.041886
 2.562500 0.001224 -0.041545
 2.564250 0.001149 -0.043867
 2.566000 0.001068 -0.048571
 2.567750 0.000978 -0.053911
 2.569500 0.000880 -0.058642
 2.571250 0.000773 -0.061382
 2.573000 0.000665 -0.062325
 2.574750 0.000557 -0.060667
 2.576500 0.000453 -0.056330
 2.578250 0.000359 -0.050568
 2.580000 0.000277 -0.043572
 2.581750 0.000207 -0.036087
 2.583500 0.000149 -0.028407
 2.585250 0.000105 -0.021889
 2.587000 0.000072 -0.016243
 2.588750 0.000048 -0.011618
 2.590500 0.000031 -0.008018
 2.592250 0.000019 -0.005343
 2.594000 0.000012 -0.003439
 2.595750 0.000007 -0.002139
 2.597500 0.000004 -0.001286
 2.599250 0.000002 -0.000748
 2.601000 0.000001 -0.000421
 2.602750 0.000000 0.000000
 2.604500 0.000000 0.000000
 2.606250 0.000001 0.000300
 2.608000 0.000002 0.000543
 2.609750 0.000003 0.000951
 2.611500 0.000005 0.001612
 2.613250 0.000009 0.002641
 2.615000 0.000015 0.004184
 2.616750 0.000024 0.006403
 2.618500 0.000037 0.009465
 2.620250 0.000057 0.013503
 2.622000 0.000085 0.018581
 2.623750 0.000123 0.024636
 2.625500 0.000172 0.031437
 2.627250 0.000233 0.038550
 2.629000 0.000307 0.045333
 2.630750 0.000391 0.050976
 2.632500 0.000484 0.054590
 2.634250 0.000581 0.055333
 2.636000 0.000676 0.052560
 2.637750 0.000762 0.045971
 2.639500 0.000834 0.035711
 2.641250 0.000886 0.022407
 2.643000 0.000912 0.007113
 2.644750 0.000910 -0.008824
 2.646500 0.000881 -0.023964
 2.648250 0.000827 -0.036983
 2.650000 0.000754 -0.046867
 2.651750 0.000666 -0.053042
 2.653500 0.000570 -0.055413
 2.655250 0.000474 -0.054324
 2.657000 0.000382 -0.050448
 2.658750 0.000298 -0.044639
 2.660500 0.000226 -0.037784
 2.662250 0.000166 -0.030677
 2.664000 0.000118 -0.023939
 2.665750 0.000082 -0.017982
 2.667500 0.000055 -0.013017
 2.669250 0.000036 -0.009088
 2.671000 0.000023 -0.006125
 2.672750 0.000014 -0.003987
 2.674500 0.000008 -0.002508
 2.676250 0.000005 -0.001525
 2.678000 0.000003 -0.000897
 2.679750 0.000001 -0.000510
 2.681500 0.000000 0.000000
 2.683250 0.000000 0.000000
 2.685000 0.000000 0.000000
 2.686750 0.000000 0.000000
 2.688500 0.000000 0.000000
 2.690250 0.000000 0.000000
 2.692000 0.000000 0.000000
 2.693750 0.000000 0.000000
 2.695500 0.000000 0.000000
 2.697250 0.000000 0.000000
 2.699000 0.000000 0.000000
 2.700750 0.000000 0.000000
 2.702500 0.000000 0.000000
 2.704250 0.000000 0.000000
 2.706000 0.000000 0.000000
 2.707750 0.000000 0.000000
 2.709500 0.000000 0.000000
 2.711250 0.000000 0.000000
 2.713000 0.000000 0.000000
 2.714750 0.000000 0.000000
 2.716500 0.000000 0.000000
 2.718250 0.000000 0.000000
 2.720000 0.000000 0.000000
 2.721750 0.000000 0.000000
 2.723500 0.000000 0.000000
 2.725250 0.000000 0.000000
 2.727000 0.000000 0.000000
 2.728750 0.000000 0.000000
 2.730500 0.000000 0.000000
 2.732250 0.000000 0.000000
 2.734000 0.000000 0.000000
 2.735750 0.000000 0.000000
 2.737500 0.000000 0.000000
 2.739250 0.000000 0.000000
 2.741000 0.000000 0.000000
 2.742750 0.000000 0.000000
 2.744500 0.000000 0.000000
 2.746250 0.000000 0.000000
 2.748000 0.000000 0.000000
 2.749750 0.000000 0.000000
 2.751500 0.000000 0.000000
 2.753250 0.000000 0.000000
 2.755000 0.000000 0.000000
 2.756750 0.000000 0.000000
 2.758500 0.000000 0.000000
 2.760250 0.000000 0.000000
 2.762000 0.000000 0.000000
 2.763750 0.000000 0.000000
 2.765500 0.000000 0.000000
 2.767250 0.000000 0.000000
 2.769000 0.000000 0.000000
 2.770750 0.000000 0.000000
 2.772500 0.000000 0.000000
 2.774250 0.000000 0.000000
 2.776000 0.000000 0.000000
 2.777750 0.000000 0.000000
 2.779500 0.000000 0.000000
 2.781250 0.000000 0.000000
 2.783000 0.000000 0.000000
 2.784750 0.000000 0.000000
 2.786500 0.000000 0.000000
 2.788250 0.000000 0.000000
 2.790000 0.000000 0.000000
 2.791750 0.000000 0.000000
 2.793500 0.000000 0.000000
 2.795250 0.000000 0.000000
 2.797000 0.000000 0.000000
 2.798750 0.000000 0.000000
 2.800500 0.000000 0.000000
 2.802250 0.000000 0.000000
 2.804000 0.000000 0.000000
 2.805750 0.000000 0.000000
 2.807500 0.000000 0.000000
 2.809250 0.000000 0.000000
 2.811000 0.000000 0.000000
 2.812750 0.000000 0.000000
 2.814500 0.000000 0.000000
 2.816250 0.000000 0.000000
 2.818000 0.000000 0.000000
 2.819750 0.000000 0.000000
 2.821500 0.000000 0.000000
 2.823250 0.000000 0.000000
 2.825000 0.000000 0.000000
 2.826750 0.000000 0.000000
 2.828500 0.000000 0.000000
 2.830250 0.000000 0.000000
 2.832000 0.000000 0.000000
 2.833750 0.000000 0.000000
 2.835500 0.000000 0.000000
 2.837250 0.000000 0.000000
 2.839000 0.000000 0.000000
 2.840750 0.000000 0.000000
 2.842500 0.000000 0.000000
 2.844250 0.000000 0.000000
 2.846000 0.000000 0.000000
 2.847750 0.000000 0.000000
 2.849500 0.000000 0.000000
 2.851250 0.000000 0.000000
 2.853000 0.000000 0.000000
 2.854750 0.000000 0.000000
 2.856500 0.000000 0.000000
 2.858250 0.000000 0.000000
 2.860000 0.000000 0.000000
 2.861750 0.000000 0.000000
 2.863500 0.000000 0.000000
 2.865250 0.000000 0.000000
 2.867000 0.000000 0.000000
 2.868750 0.000000 0.000000
 2.870500 0.000000 0.000000
 2.872250 0.000000 0.000000
 2.874000 0.000000 0.000000
 2.875750 0.000000 0.000000
 2.877500 0.000000 0.000000
 2.879250 0.000000 0.000000
 2.881000 0.000000 0.000000
 2.882750 0.000000 0.000000
 2.884500 0.000000 0.000000
 2.886250 0.000000 0.000000
 2.888000 0.000000 0.000000
 2.889750 0.000000 0.000000
 2.891500 0.000000 0.000000
 2.893250 0.000000 0.000000
 2.895000 0.000000 0.000000
 2.896750 0.000000 0.000000
 2.898500 0.000000 0.000000
 2.900250 0.000000 0.000000
 2.902000 0.000000 0.000000
 2.903750 0.000000 0.000000
 2.905500 0.000000 0.000000
 2.907250 0.000000 0.000000
 2.909000 0.000000 0.000000
 2.910750 0.000000 0.000000
 2.912500 0.000000 0.000000
 2.914250 0.000000 0.000000
 2.916000 0.000000 0.000000
 2.917750 0.000000 0.000000
 2.919500 0.000000 0.000000
 2.921250 0.000000 0.000000
 2.923000 0.000000 0.000000
 2.924750 0.000000 0.000000
 2.926500 0.000000 0.000000
 2.928250 0.000000 0.000000
 2.930000 0.000000 0.000000
 2.931750 0.000000 0.000000
 2.933500 0.000000 0.000000
 2.935250 0.000000 0.000000
 2.937000 0.000000 0.000000
 2.938750 0.000000 0.000000
 2.940500 0.000000 0.000000
 2.942250 0.000000 0.000000
 2.944000 0.000000 0.000000
 2.945750 0.000000 0.000000
 2.947500 0.000000 0.000000
 2.949250 0.000000 0.000000
 2.951000 0.000000 0.000000
 2.952750 0.000000 0.000000
 2.954500 0.000000 0.000000
 2.956250 0.000000 0.000000
 2.958000 0.000000 0.000000
 2.959750 0.000000 0.000000
 2.961500 0.000000 0.000000
 2.963250 0.000000 0.000000
 2.965000 0.000000 0.000000
 2.966750 0.000000 0.000000
 2.968500 0.000000 0.000000
 2.970250 0.000000 0.000000
 2.972000 0.000000 0.000000
 2.973750 0.000000 0.000000
 2.975500 0.000000 0.000000
 2.977250 0.000000 0.000000
 2.979000 0.000000 0.000000
 2.980750 0.000000 0.000000
 2.982500 0.000000 0.000000
 2.984250 0.000000 0.000000
 2.986000 0.000000 0.000000
 2.987750 0.000000 0.000000
 2.989500 0.000000 0.000000
 2.991250 0.000000 0.000000
 2.993000 0.000000 0.000000
 2.994750 0.000000 0.000000
 2.996500 0.000000 0.000000
 2.998250 0.000000 0.000000
 3.000000 0.000000 0.000000
