#! FIELDS refcv hh dhh_refcv
#! SET normalisation  500.000000
#! SET min_refcv -0.5
#! SET max_refcv 3
#! SET nbins_refcv  2000
#! SET periodic_refcv false
 -0.500000 0.000000 0.000000
 -0.498250 0.000000 0.000000
 -0.496500 0.000000 0.000000
 -0.494750 0.000000 0.000000
 -0.493000 0.000000 0.000000
 -0.491250 0.000000 0.000000
 -0.489500 0.000000 0.000000
 -0.487750 0.000000 0.000000
 -0.486000 0.000000 0.000000
 -0.484250 0.000000 0.000000
 -0.482500 0.000000 0.000000
 -0.480750 0.000000 0.000000
 -0.479000 0.000000 0.000000
 -0.477250 0.000000 0.000000
 -0.475500 0.000000 0.000000
 -0.473750 0.000000 0.000000
 -0.472000 0.000000 0.000000
 -0.470250 0.000000 0.000000
 -0.468500 0.000000 0.000000
 -0.466750 0.000000 0.000000
 -0.465000 0.000000 0.000000
 -0.463250 0.000000 0.000000
 -0.461500 0.000000 0.000000
 -0.459750 0.000000 0.000000
 -0.458000 0.000000 0.000000
 -0.456250 0.000000 0.000000
 -0.454500 0.000000 0.000000
 -0.452750 0.000000 0.000000
 -0.451000 0.000000 0.000000
 -0.449250 0.000000 0.000000
 -0.447500 0.000000 0.000000
 -0.445750 0.000000 0.000000
 -0.444000 0.000000 0.000000
 -0.442250 0.000000 0.000000
 -0.440500 0.000000 0.000000
 -0.438750 0.000000 0.000000
 -0.437000 0.000000 0.000000
 -0.435250 0.000000 0.000000
 -0.433500 0.000000 0.000000
 -0.431750 0.000000 0.000000
 -0.430000 0.000000 0.000000
 -0.428250 0.000000 0.000000
 -0.426500 0.000000 0.000000
 -0.424750 0.000000 0.000000
 -0.423000 0.000000 0.000000
 -0.421250 0.000000 0.000000
 -0.419500 0.000000 0.000000
 -0.417750 0.000000 0.000000
 -0.416000 0.000000 0.000000
 -0.414250 0.000000 0.000000
 -0.412500 0.000000 0.000000
 -0.410750 0.000000 0.000000
 -0.409000 0.000000 0.000000
 -0.407250 0.000000 0.000000
 -0.405500 0.000000 0.000000
 -0.403750 0.000000 0.000000
 -0.402000 0.000000 0.000000
 -0.400250 0.000000 0.000000
 -0.398500 0.000000 0.000000
 -0.396750 0.000000 0.000000
 -0.395000 0.000000 0.000000
 -0.393250 0.000000 0.000000
 -0.391500 0.000000 0.000000
 -0.389750 0.000000 0.000000
 -0.388000 0.000000 0.000000
 -0.386250 0.000000 0.000000
 -0.384500 0.000000 0.000000
 -0.382750 0.000000 0.000000
 -0.381000 0.000000 0.000000
 -0.379250 0.000000 0.000000
 -0.377500 0.000000 0.000000
 -0.375750 0.000000 0.000000
 -0.374000 0.000000 0.000000
 -0.372250 0.000000 0.000000
 -0.370500 0.000000 0.000000
 -0.368750 0.000000 0.000000
 -0.367000 0.000000 0.000000
 -0.365250 0.000000 0.000000
 -0.363500 0.000000 0.000000
 -0.361750 0.000000 0.000000
 -0.360000 0.000000 0.000000
 -0.358250 0.000000 0.000000
 -0.356500 0.000000 0.000000
 -0.354750 0.000000 0.000000
 -0.353000 0.000000 0.000000
 -0.351250 0.000000 0.000000
 -0.349500 0.000000 0.000000
 -0.347750 0.000000 0.000000
 -0.346000 0.000000 0.000000
 -0.344250 0.000000 0.000000
 -0.342500 0.000000 0.000000
 -0.340750 0.000000 0.000000
 -0.339000 0.000000 0.000000
 -0.337250 0.000000 0.000000
 -0.335500 0.000000 0.000000
 -0.333750 0.000000 0.000000
 -0.332000 0.000000 0.000000
 -0.330250 0.000000 0.000000
 -0.328500 0.000000 0.000000
 -0.326750 0.000000 0.000000
 -0.325000 0.000000 0.000000
 -0.323250 0.000000 0.000000
 -0.321500 0.000000 0.000000
 -0.319750 0.000000 0.000000
 -0.318000 0.000000 0.000000
 -0.316250 0.000000 0.000000
 -0.314500 0.000000 0.000000
 -0.312750 0.000000 0.000000
 -0.311000 0.000000 0.000000
 -0.309250 0.000000 0.000000
 -0.307500 0.000000 0.000000
 -0.305750 0.000000 0.000000
 -0.304000 0.000000 0.000000
 -0.302250 0.000000 0.000000
 -0.300500 0.000000 0.000000
 -0.298750 0.000000 0.000000
 -0.297000 0.000000 0.000000
 -0.295250 0.000000 0.000000
 -0.293500 0.000000 0.000000
 -0.291750 0.000000 0.000000
 -0.290000 0.000000 0.000000
 -0.288250 0.000000 0.000000
 -0.286500 0.000000 0.000000
 -0.284750 0.000000 0.000000
 -0.283000 0.000000 0.000000
 -0.281250 0.000000 0.000000
 -0.279500 0.000000 0.000000
 -0.277750 0.000000 0.000000
 -0.276000 0.000000 0.000000
 -0.274250 0.000000 0.000000
 -0.272500 0.000000 0.000000
 -0.270750 0.000000 0.000000
 -0.269000 0.000000 0.000000
 -0.267250 0.000000 0.000000
 -0.265500 0.000000 0.000000
 -0.263750 0.000000 0.000000
 -0.262000 0.000000 0.000000
 -0.260250 0.000000 0.000000
 -0.258500 0.000000 0.000000
 -0.256750 0.000000 0.000000
 -0.255000 0.000000 0.000000
 -0.253250 0.000000 0.000000
 -0.251500 0.000000 0.000000
 -0.249750 0.000000 0.000000
 -0.248000 0.000000 0.000000
 -0.246250 0.000000 0.000000
 -0.244500 0.000000 0.000000
 -0.242750 0.000000 0.000000
 -0.241000 0.000000 0.000000
 -0.239250 0.000000 0.000000
 -0.237500 0.000000 0.000000
 -0.235750 0.000000 0.000000
 -0.234000 0.000000 0.000000
 -0.232250 0.000000 0.000000
 -0.230500 0.000000 0.000000
 -0.228750 0.000000 0.000000
 -0.227000 0.000000 0.000000
 -0.225250 0.000000 0.000000
 -0.223500 0.000000 0.000000
 -0.221750 0.000000 0.000000
 -0.220000 0.000000 0.000000
 -0.218250 0.000000 0.000000
 -0.216500 0.000000 0.000000
 -0.214750 0.000000 0.000000
 -0.213000 0.000000 0.000000
 -0.211250 0.000000 0.000000
 -0.209500 0.000000 0.000000
 -0.207750 0.000000 0.000000
 -0.206000 0.000000 0.000000
 -0.204250 0.000000 0.000000
 -0.202500 0.000000 0.000000
 -0.200750 0.000000 0.000000
 -0.199000 0.000000 0.000000
 -0.197250 0.000000 0.000000
 -0.195500 0.000000 0.000000
 -0.193750 0.000000 0.000000
 -0.192000 0.000000 0.000000
 -0.190250 0.000000 0.000000
 -0.188500 0.000000 0.000000
 -0.186750 0.000000 0.000000
 -0.185000 0.000000 0.000000
 -0.183250 0.000000 0.000000
 -0.181500 0.000000 0.000000
 -0.179750 0.000000 0.000000
 -0.178000 0.000000 0.000000
 -0.176250 0.000000 0.000000
 -0.174500 0.000000 0.000000
 -0.172750 0.000000 0.000000
 -0.171000 0.000000 0.000000
 -0.169250 0.000000 0.000000
 -0.167500 0.000000 0.000000
 -0.165750 0.000000 0.000000
 -0.164000 0.000000 0.000000
 -0.162250 0.000000 0.000000
 -0.160500 0.000000 0.000000
 -0.158750 0.000000 0.000000
 -0.157000 0.000000 0.000000
 -0.155250 0.000000 0.000000
 -0.153500 0.000000 0.000000
 -0.151750 0.000000 0.000000
 -0.150000 0.000000 0.000000
 -0.148250 0.000000 0.000000
 -0.146500 0.000000 0.000000
 -0.144750 0.000000 0.000000
 -0.143000 0.000000 0.000000
 -0.141250 0.000000 0.000000
 -0.139500 0.000000 0.000000
 -0.137750 0.000000 0.000000
 -0.136000 0.000000 0.000000
 -0.134250 0.000000 0.000000
 -0.132500 0.000000 0.000000
 -0.130750 0.000000 0.000000
 -0.129000 0.000000 0.000000
 -0.127250 0.000000 0.000000
 -0.125500 0.000000 0.000000
 -0.123750 0.000000 0.000000
 -0.122000 0.000000 0.000000
 -0.120250 0.000000 0.000000
 -0.118500 0.000000 0.000000
 -0.116750 0.000000 0.000000
 -0.115000 0.000000 0.000000
 -0.113250 0.000000 0.000000
 -0.111500 0.000000 0.000000
 -0.109750 0.000000 0.000000
 -0.108000 0.000000 0.000000
 -0.106250 0.000000 0.000000
 -0.104500 0.000000 0.000000
 -0.102750 0.000000 0.000000
 -0.101000 0.000000 0.000000
 -0.099250 0.000000 0.000000
 -0.097500 0.000000 0.000000
 -0.095750 0.000000 0.000000
 -0.094000 0.000000 0.000000
 -0.092250 0.000000 0.000000
 -0.090500 0.000000 0.000000
 -0.088750 0.000000 0.000000
 -0.087000 0.000000 0.000000
 -0.085250 0.000000 0.000000
 -0.083500 0.000000 0.000000
 -0.081750 0.000000 0.000000
 -0.080000 0.000000 0.000000
 -0.078250 0.000000 0.000000
 -0.076500 0.000000 0.000000
 -0.074750 0.000000 0.000000
 -0.073000 0.000000 0.000000
 -0.071250 0.000000 0.000000
 -0.069500 0.000000 0.000000
 -0.067750 0.000000 0.000000
 -0.066000 0.000000 0.000000
 -0.064250 0.000000 0.000000
 -0.062500 0.000000 0.000000
 -0.060750 0.000000 0.000000
 -0.059000 0.000000 0.000000
 -0.057250 0.000000 0.000000
 -0.055500 0.000000 0.000000
 -0.053750 0.000000 0.000000
 -0.052000 0.000000 0.000000
 -0.050250 0.000000 0.000000
 -0.048500 0.000000 0.000000
 -0.046750 0.000000 0.000000
 -0.045000 0.000000 0.000000
 -0.043250 0.000000 0.000000
 -0.041500 0.000000 0.000000
 -0.039750 0.000000 0.000000
 -0.038000 0.000000 0.000000
 -0.036250 0.000000 0.000000
 -0.034500 0.000000 0.000000
 -0.032750 0.000000 0.000000
 -0.031000 0.000000 0.000000
 -0.029250 0.000000 0.000000
 -0.027500 0.000000 0.000000
 -0.025750 0.000000 0.000000
 -0.024000 0.000000 0.000000
 -0.022250 0.000000 0.000000
 -0.020500 0.000000 0.000000
 -0.018750 0.000000 0.000000
 -0.017000 0.000000 0.000000
 -0.015250 0.000000 0.000000
 -0.013500 0.000000 0.000000
 -0.011750 0.000000 0.000000
 -0.010000 0.000000 0.000000
 -0.008250 0.000000 0.000000
 -0.006500 0.000000 0.000000
 -0.004750 0.000000 0.000000
 -0.003000 0.000000 0.000000
 -0.001250 0.000000 0.000000
 0.000500 0.000000 0.000000
 0.002250 0.000000 0.000000
 0.004000 0.000000 0.000000
 0.005750 0.000000 0.000000
 0.007500 0.000000 0.000000
 0.009250 0.000000 0.000000
 0.011000 0.000000 0.000000
 0.012750 0.000000 0.000000
 0.014500 0.000000 0.000000
 0.016250 0.000000 0.000000
 0.018000 0.000000 0.000000
 0.019750 0.000000 0.000000
 0.021500 0.000000 0.000000
 0.023250 0.000000 0.000000
 0.025000 0.000000 0.000000
 0.026750 0.000000 0.000000
 0.028500 0.000000 0.000000
 0.030250 0.000000 0.000000
 0.032000 0.000000 0.000000
 0.033750 0.000000 0.000000
 0.035500 0.000000 0.000000
 0.037250 0.000000 0.000000
 0.039000 0.000000 0.000000
 0.040750 0.000000 0.000000
 0.042500 0.000000 0.000000
 0.044250 0.000000 0.000000
 0.046000 0.000000 0.000000
 0.047750 0.000000 0.000000
 0.049500 0.000000 0.000000
 0.051250 0.000000 0.000000
 0.053000 0.000000 0.000000
 0.054750 0.000000 0.000000
 0.056500 0.000000 0.000000
 0.058250 0.000000 0.000000
 0.060000 0.000000 0.000000
 0.061750 0.000000 0.000000
 0.063500 0.000000 0.000000
 0.065250 0.000000 0.000000
 0.067000 0.000000 0.000000
 0.068750 0.000000 0.000000
 0.070500 0.000000 0.000000
 0.072250 0.000000 0.000000
 0.074000 0.000000 0.000000
 0.075750 0.000000 0.000000
 0.077500 0.000000 0.000000
 0.079250 0.000000 0.000000
 0.081000 0.000000 0.000000
 0.082750 0.000000 0.000000
 0.084500 0.000000 0.000000
 0.086250 0.000000 0.000000
 0.088000 0.000000 0.000000
 0.089750 0.000000 0.000000
 0.091500 0.000000 0.000000
 0.093250 0.000000 0.000000
 0.095000 0.000000 0.000000
 0.096750 0.000000 0.000000
 0.098500 0.000000 0.000000
 0.100250 0.000000 0.000000
 0.102000 0.000000 0.000000
 0.103750 0.000000 0.000000
 0.105500 0.000000 0.000000
 0.107250 0.000000 0.000000
 0.109000 0.000000 0.000000
 0.110750 0.000000 0.000000
 0.112500 0.000000 0.000000
 0.114250 0.000000 0.000000
 0.116000 0.000000 0.000000
 0.117750 0.000000 0.000000
 0.119500 0.000000 0.000000
 0.121250 0.000000 0.000000
 0.123000 0.000000 0.000000
 0.124750 0.000000 0.000000
 0.126500 0.000000 0.000000
 0.128250 0.000000 0.000000
 0.130000 0.000000 0.000000
 0.131750 0.000000 0.000000
 0.133500 0.000000 0.000000
 0.135250 0.000000 0.000000
 0.137000 0.000000 0.000000
 0.138750 0.000000 0.000000
 0.140500 0.000000 0.000000
 0.142250 0.000000 0.000000
 0.144000 0.000000 0.000000
 0.145750 0.000000 0.000000
 0.147500 0.000000 0.000000
 0.149250 0.000000 0.000000
 0.151000 0.000000 0.000000
 0.152750 0.000000 0.000000
 0.154500 0.000000 0.000000
 0.156250 0.000000 0.000000
 0.158000 0.000000 0.000000
 0.159750 0.000000 0.000000
 0.161500 0.000000 0.000000
 0.163250 0.000000 0.000000
 0.165000 0.000000 0.000000
 0.166750 0.000000 0.000000
 0.168500 0.000000 0.000000
 0.170250 0.000000 0.000000
 0.172000 0.000000 0.000000
 0.173750 0.000000 0.000000
 0.175500 0.000000 0.000000
 0.177250 0.000000 0.000000
 0.179000 0.000000 0.000000
 0.180750 0.000000 0.000000
 0.182500 0.000000 0.000000
 0.184250 0.000000 0.000000
 0.186000 0.000000 0.000000
 0.187750 0.000000 0.000000
 0.189500 0.000000 0.000000
 0.191250 0.000000 0.000000
 0.193000 0.000000 0.000000
 0.194750 0.000000 0.000000
 0.196500 0.000000 0.000000
 0.198250 0.000000 0.000000
 0.200000 0.000000 0.000000
 0.201750 0.000000 0.000000
 0.203500 0.000000 0.000000
 0.205250 0.000000 0.000000
 0.207000 0.000000 0.000000
 0.208750 0.000000 0.000000
 0.210500 0.000000 0.000000
 0.212250 0.000000 0.000000
 0.214000 0.000000 0.000000
 0.215750 0.000000 0.000000
 0.217500 0.000000 0.000000
 0.219250 0.000000 0.000000
 0.221000 0.000000 0.000000
 0.222750 0.000000 0.000000
 0.224500 0.000000 0.000000
 0.226250 0.000000 0.000000
 0.228000 0.000000 0.000000
 0.229750 0.000000 0.000000
 0.231500 0.000000 0.000000
 0.233250 0.000000 0.000000
 0.235000 0.000000 0.000000
 0.236750 0.000000 0.000000
 0.238500 0.000000 0.000000
 0.240250 0.000000 0.000000
 0.242000 0.000000 0.000000
 0.243750 0.000000 0.000000
 0.245500 0.000000 0.000000
 0.247250 0.000000 0.000000
 0.249000 0.000000 0.000000
 0.250750 0.000000 0.000000
 0.252500 0.000000 0.000000
 0.254250 0.000000 0.000000
 0.256000 0.000000 0.000000
 0.257750 0.000000 0.000000
 0.259500 0.000000 0.000000
 0.261250 0.000000 0.000000
 0.263000 0.000000 0.000000
 0.264750 0.000000 0.000000
 0.266500 0.000000 0.000000
 0.268250 0.000000 0.000000
 0.270000 0.000000 0.000000
 0.271750 0.000000 0.000000
 0.273500 0.000000 0.000000
 0.275250 0.000000 0.000000
 0.277000 0.000000 0.000000
 0.278750 0.000000 0.000000
 0.280500 0.000000 0.000000
 0.282250 0.000000 0.000000
 0.284000 0.000000 0.000000
 0.285750 0.000000 0.000000
 0.287500 0.000000 0.000000
 0.289250 0.000000 0.000000
 0.291000 0.000000 0.000000
 0.292750 0.000000 0.000000
 0.294500 0.000000 0.000000
 0.296250 0.000000 0.000000
 0.298000 0.000000 0.000000
 0.299750 0.000000 0.000000
 0.301500 0.000000 0.000000
 0.303250 0.000000 0.000000
 0.305000 0.000000 0.000000
 0.306750 0.000000 0.000000
 0.308500 0.000000 0.000000
 0.310250 0.000000 0.000000
 0.312000 0.000000 0.000000
 0.313750 0.000000 0.000000
 0.315500 0.000000 0.000000
 0.317250 0.000000 0.000000
 0.319000 0.000000 0.000000
 0.320750 0.000000 0.000000
 0.322500 0.000000 0.000000
 0.324250 0.000000 0.000000
 0.326000 0.000000 0.000000
 0.327750 0.000000 0.000000
 0.329500 0.000000 0.000000
 0.331250 0.000000 0.000000
 0.333000 0.000000 0.000000
 0.334750 0.000000 0.000000
 0.336500 0.000000 0.000000
 0.338250 0.000000 0.000000
 0.340000 0.000000 0.000000
 0.341750 0.000000 0.000000
 0.343500 0.000000 0.000000
 0.345250 0.000000 0.000000
 0.347000 0.000000 0.000000
 0.348750 0.000000 0.000000
 0.350500 0.000000 0.000000
 0.352250 0.000000 0.000000
 0.354000 0.000000 0.000000
 0.355750 0.000000 0.000000
 0.357500 0.000000 0.000000
 0.359250 0.000000 0.000000
 0.361000 0.000000 0.000000
 0.362750 0.000000 0.000000
 0.364500 0.000000 0.000000
 0.366250 0.000000 0.000000
 0.368000 0.000000 0.000000
 0.369750 0.000000 0.000000
 0.371500 0.000000 0.000000
 0.373250 0.000000 0.000000
 0.375000 0.000000 0.000000
 0.376750 0.000000 0.000000
 0.378500 0.000000 0.000000
 0.380250 0.000000 0.000000
 0.382000 0.000000 0.000000
 0.383750 0.000000 0.000000
 0.385500 0.000000 0.000000
 0.387250 0.000000 0.000000
 0.389000 0.000000 0.000000
 0.390750 0.000000 0.000000
 0.392500 0.000000 0.000000
 0.394250 0.000000 0.000000
 0.396000 0.000000 0.000000
 0.397750 0.000000 0.000000
 0.399500 0.000000 0.000000
 0.401250 0.000000 0.000000
 0.403000 0.000000 0.000000
 0.404750 0.000000 0.000000
 0.406500 0.000000 0.000000
 0.408250 0.000000 0.000000
 0.410000 0.000000 0.000000
 0.411750 0.000000 0.000000
 0.413500 0.000000 0.000000
 0.415250 0.000000 0.000000
 0.417000 0.000000 0.000000
 0.418750 0.000000 0.000000
 0.420500 0.000000 0.000000
 0.422250 0.000000 0.000000
 0.424000 0.000000 0.000000
 0.425750 0.000000 0.000000
 0.427500 0.000000 0.000000
 0.429250 0.000000 0.000000
 0.431000 0.000000 0.000000
 0.432750 0.000000 0.000000
 0.434500 0.000000 0.000000
 0.436250 0.000000 0.000000
 0.438000 0.000000 0.000000
 0.439750 0.000000 0.000000
 0.441500 0.000000 0.000000
 0.443250 0.000000 0.000000
 0.445000 0.000000 0.000000
 0.446750 0.000000 0.000000
 0.448500 0.000000 0.000000
 0.450250 0.000000 0.000000
 0.452000 0.000000 0.000000
 0.453750 0.000000 0.000000
 0.455500 0.000000 0.000000
 0.457250 0.000000 0.000000
 0.459000 0.000000 0.000000
 0.460750 0.000000 0.000000
 0.462500 0.000000 0.000000
 0.464250 0.000000 0.000000
 0.466000 0.000000 0.000000
 0.467750 0.000000 0.000000
 0.469500 0.000000 0.000000
 0.471250 0.000000 0.000000
 0.473000 0.000000 0.000000
 0.474750 0.000000 0.000000
 0.476500 0.000000 0.000000
 0.478250 0.000000 0.000000
 0.480000 0.000000 0.000000
 0.481750 0.000000 0.000000
 0.483500 0.000000 0.000000
 0.485250 0.000000 0.000000
 0.487000 0.000000 0.000000
 0.488750 0.000000 0.000000
 0.490500 0.000000 0.000000
 0.492250 0.000000 0.000000
 0.494000 0.000000 0.000000
 0.495750 0.000000 0.000000
 0.497500 0.000000 0.000000
 0.499250 0.000000 0.000000
 0.501000 0.000000 0.000000
 0.502750 0.000000 0.000000
 0.504500 0.000000 0.000000
 0.506250 0.000000 0.000000
 0.508000 0.000000 0.000000
 0.509750 0.000000 0.000000
 0.511500 0.000000 0.000000
 0.513250 0.000000 0.000000
 0.515000 0.000000 0.000000
 0.516750 0.000000 0.000000
 0.518500 0.000000 0.000000
 0.520250 0.000000 0.000000
 0.522000 0.000000 0.000000
 0.523750 0.000000 0.000000
 0.525500 0.000000 0.000000
 0.527250 0.000000 0.000000
 0.529000 0.000000 0.000000
 0.530750 0.000000 0.000000
 0.532500 0.000000 0.000000
 0.534250 0.000000 0.000000
 0.536000 0.000000 0.000000
 0.537750 0.000000 0.000000
 0.539500 0.000000 0.000000
 0.541250 0.000000 0.000000
 0.543000 0.000000 0.000000
 0.544750 0.000000 0.000000
 0.546500 0.000000 0.000000
 0.548250 0.000000 0.000000
 0.550000 0.000000 0.000000
 0.551750 0.000000 0.000000
 0.553500 0.000000 0.000000
 0.555250 0.000000 0.000000
 0.557000 0.000000 0.000000
 0.558750 0.000000 0.000000
 0.560500 0.000000 0.000000
 0.562250 0.000000 0.000000
 0.564000 0.000000 0.000000
 0.565750 0.000000 0.000000
 0.567500 0.000000 0.000000
 0.569250 0.000000 0.000000
 0.571000 0.000000 0.000000
 0.572750 0.000000 0.000000
 0.574500 0.000000 0.000000
 0.576250 0.000000 0.000000
 0.578000 0.000000 0.000000
 0.579750 0.000000 0.000000
 0.581500 0.000000 0.000000
 0.583250 0.000000 0.000000
 0.585000 0.000000 0.000000
 0.586750 0.000000 0.000000
 0.588500 0.000000 0.000000
 0.590250 0.000000 0.000000
 0.592000 0.000000 0.000000
 0.593750 0.000000 0.000000
 0.595500 0.000000 0.000000
 0.597250 0.000000 0.000000
 0.599000 0.000000 0.000000
 0.600750 0.000000 0.000000
 0.602500 0.000000 0.000000
 0.604250 0.000000 0.000000
 0.606000 0.000000 0.000000
 0.607750 0.000000 0.000000
 0.609500 0.000000 0.000000
 0.611250 0.000000 0.000000
 0.613000 0.000000 0.000000
 0.614750 0.000000 0.000000
 0.616500 0.000000 0.000000
 0.618250 0.000000 0.000000
 0.620000 0.000000 0.000000
 0.621750 0.000000 0.000000
 0.623500 0.000000 0.000000
 0.625250 0.000000 0.000000
 0.627000 0.000000 0.000000
 0.628750 0.000000 0.000000
 0.630500 0.000000 0.000000
 0.632250 0.000000 0.000000
 0.634000 0.000000 0.000000
 0.635750 0.000000 0.000000
 0.637500 0.000000 0.000000
 0.639250 0.000000 0.000000
 0.641000 0.000000 0.000000
 0.642750 0.000000 0.000000
 0.644500 0.000000 0.000000
 0.646250 0.000000 0.000000
 0.648000 0.000000 0.000000
 0.649750 0.000000 0.000000
 0.651500 0.000000 0.000000
 0.653250 0.000000 0.000000
 0.655000 0.000000 0.000000
 0.656750 0.000000 0.000000
 0.658500 0.000000 0.000000
 0.660250 0.000000 0.000000
 0.662000 0.000000 0.000000
 0.663750 0.000000 0.000000
 0.665500 0.000000 0.000000
 0.667250 0.000000 0.000000
 0.669000 0.000000 0.000000
 0.670750 0.000000 0.000000
 0.672500 0.000000 0.000000
 0.674250 0.000000 0.000000
 0.676000 0.000000 0.000000
 0.677750 0.000000 0.000000
 0.679500 0.000000 0.000000
 0.681250 0.000000 0.000000
 0.683000 0.000000 0.000000
 0.684750 0.000000 0.000000
 0.686500 0.000000 0.000000
 0.688250 0.000000 0.000000
 0.690000 0.000000 0.000000
 0.691750 0.000000 0.000000
 0.693500 0.000000 0.000000
 0.695250 0.000000 0.000000
 0.697000 0.000000 0.000000
 0.698750 0.000000 0.000000
 0.700500 0.000000 0.000000
 0.702250 0.000000 0.000000
 0.704000 0.000000 0.000000
 0.705750 0.000000 0.000000
 0.707500 0.000000 0.000000
 0.709250 0.000000 0.000000
 0.711000 0.000000 0.000000
 0.712750 0.000000 0.000000
 0.714500 0.000000 0.000000
 0.716250 0.000000 0.000000
 0.718000 0.000000 0.000000
 0.719750 0.000000 0.000000
 0.721500 0.000000 0.000000
 0.723250 0.000000 0.000000
 0.725000 0.000000 0.000000
 0.726750 0.000000 0.000000
 0.728500 0.000000 0.000000
 0.730250 0.000000 0.000000
 0.732000 0.000000 0.000000
 0.733750 0.000000 0.000000
 0.735500 0.000000 0.000000
 0.737250 0.000000 0.000000
 0.739000 0.000000 0.000000
 0.740750 0.000000 0.000000
 0.742500 0.000000 0.000000
 0.744250 0.000000 0.000000
 0.746000 0.000000 0.000000
 0.747750 0.000000 0.000000
 0.749500 0.000000 0.000000
 0.751250 0.000000 0.000000
 0.753000 0.000000 0.000000
 0.754750 0.000000 0.000000
 0.756500 0.000000 0.000000
 0.758250 0.000000 0.000000
 0.760000 0.000000 0.000000
 0.761750 0.000000 0.000000
 0.763500 0.000000 0.000000
 0.765250 0.000000 0.000000
 0.767000 0.000000 0.000000
 0.768750 0.000000 0.000000
 0.770500 0.000000 0.000000
 0.772250 0.000000 0.000000
 0.774000 0.000000 0.000000
 0.775750 0.000000 0.000000
 0.777500 0.000000 0.000000
 0.779250 0.000000 0.000000
 0.781000 0.000000 0.000000
 0.782750 0.000000 0.000000
 0.784500 0.000000 0.000000
 0.786250 0.000000 0.000000
 0.788000 0.000000 0.000000
 0.789750 0.000000 0.000000
 0.791500 0.000000 0.000000
 0.793250 0.000000 0.000000
 0.795000 0.000000 0.000000
 0.796750 0.000000 0.000000
 0.798500 0.000000 0.000000
 0.800250 0.000000 0.000000
 0.802000 0.000000 0.000000
 0.803750 0.000000 0.000000
 0.805500 0.000000 0.000000
 0.807250 0.000000 0.000000
 0.809000 0.000000 0.000000
 0.810750 0.000000 0.000000
 0.812500 0.000000 0.000000
 0.814250 0.000000 0.000000
 0.816000 0.000000 0.000000
 0.817750 0.000000 0.000000
 0.819500 0.000000 0.000000
 0.821250 0.000000 0.000000
 0.823000 0.000000 0.000000
 0.824750 0.000000 0.000000
 0.826500 0.000000 0.000000
 0.828250 0.000000 0.000000
 0.830000 0.000000 0.000000
 0.831750 0.000000 0.000000
 0.833500 0.000000 0.000000
 0.835250 0.000000 0.000000
 0.837000 0.000000 0.000000
 0.838750 0.000000 0.000000
 0.840500 0.000000 0.000000
 0.842250 0.000000 0.000000
 0.844000 0.000000 0.000000
 0.845750 0.000000 0.000000
 0.847500 0.000000 0.000000
 0.849250 0.000000 0.000000
 0.851000 0.000000 0.000000
 0.852750 0.000000 0.000000
 0.854500 0.000000 0.000000
 0.856250 0.000000 0.000000
 0.858000 0.000000 0.000000
 0.859750 0.000000 0.000000
 0.861500 0.000000 0.000000
 0.863250 0.000000 0.000000
 0.865000 0.000000 0.000000
 0.866750 0.000000 0.000000
 0.868500 0.000000 0.000000
 0.870250 0.000000 0.000000
 0.872000 0.000000 0.000000
 0.873750 0.000000 0.000000
 0.875500 0.000000 0.000000
 0.877250 0.000000 0.000000
 0.879000 0.000000 0.000000
 0.880750 0.000000 0.000000
 0.882500 0.000000 0.000000
 0.884250 0.000000 0.000000
 0.886000 0.000000 0.000000
 0.887750 0.000000 0.000000
 0.889500 0.000000 0.000000
 0.891250 0.000000 0.000000
 0.893000 0.000000 0.000000
 0.894750 0.000000 0.000000
 0.896500 0.000000 0.000000
 0.898250 0.000000 0.000000
 0.900000 0.000000 0.000000
 0.901750 0.000000 0.000000
 0.903500 0.000000 0.000000
 0.905250 0.000000 0.000000
 0.907000 0.000000 0.000000
 0.908750 0.000000 0.000000
 0.910500 0.000000 0.000000
 0.912250 0.000000 0.000000
 0.914000 0.000000 0.000000
 0.915750 0.000000 0.000000
 0.917500 0.000000 0.000000
 0.919250 0.000000 0.000000
 0.921000 0.000000 0.000000
 0.922750 0.000000 0.000000
 0.924500 0.000000 0.000000
 0.926250 0.000000 0.000000
 0.928000 0.000000 0.000000
 0.929750 0.000000 0.000000
 0.931500 0.000000 0.000000
 0.933250 0.000000 0.000000
 0.935000 0.000000 0.000000
 0.936750 0.000000 0.000000
 0.938500 0.000000 0.000000
 0.940250 0.000000 0.000000
 0.942000 0.000000 0.000000
 0.943750 0.000000 0.000000
 0.945500 0.000000 0.000000
 0.947250 0.000000 0.000000
 0.949000 0.000000 0.000000
 0.950750 0.000000 0.000000
 0.952500 0.000000 0.000000
 0.954250 0.000000 0.000000
 0.956000 0.000000 0.000000
 0.957750 0.000000 0.000000
 0.959500 0.000000 0.000000
 0.961250 0.000000 0.000000
 0.963000 0.000000 0.000000
 0.964750 0.000000 0.000000
 0.966500 0.000000 0.000000
 0.968250 0.000000 0.000000
 0.970000 0.000000 0.000000
 0.971750 0.000000 0.000000
 0.973500 0.000000 0.000000
 0.975250 0.000000 0.000000
 0.977000 0.000000 0.000000
 0.978750 0.000000 0.000000
 0.980500 0.000000 0.000000
 0.982250 0.000000 0.000000
 0.984000 0.000000 0.000000
 0.985750 0.000000 0.000000
 0.987500 0.000000 0.000000
 0.989250 0.000000 0.000000
 0.991000 0.000000 0.000000
 0.992750 0.000000 0.000000
 0.994500 0.000000 0.000000
 0.996250 0.000000 0.000000
 0.998000 0.000000 0.000000
 0.999750 0.000000 0.000000
 1.001500 0.000000 0.000000
 1.003250 0.000000 0.000000
 1.005000 0.000000 0.000000
 1.006750 0.000000 0.000000
 1.008500 0.000000 0.000000
 1.010250 0.000000 0.000000
 1.012000 0.000000 0.000000
 1.013750 0.000000 0.000000
 1.015500 0.000000 0.000000
 1.017250 0.000000 0.000000
 1.019000 0.000000 0.000000
 1.020750 0.000000 0.000000
 1.022500 0.000000 0.000000
 1.024250 0.000000 0.000000
 1.026000 0.000000 0.000000
 1.027750 0.000000 0.000000
 1.029500 0.000000 0.000000
 1.031250 0.000000 0.000000
 1.033000 0.000000 0.000000
 1.034750 0.000000 0.000000
 1.036500 0.000000 0.000000
 1.038250 0.000000 0.000000
 1.040000 0.000000 0.000000
 1.041750 0.000000 0.000000
 1.043500 0.000000 0.000000
 1.045250 0.000000 0.000000
 1.047000 0.000000 0.000000
 1.048750 0.000000 0.000000
 1.050500 0.000000 0.000000
 1.052250 0.000000 0.000000
 1.054000 0.000000 0.000000
 1.055750 0.000000 0.000000
 1.057500 0.000000 0.000000
 1.059250 0.000000 0.000000
 1.061000 0.000000 0.000000
 1.062750 0.000000 0.000000
 1.064500 0.000000 0.000000
 1.066250 0.000000 0.000000
 1.068000 0.000000 0.000000
 1.069750 0.000000 0.000000
 1.071500 0.000000 0.000000
 1.073250 0.000000 0.000000
 1.075000 0.000000 0.000000
 1.076750 0.000000 0.000000
 1.078500 0.000000 0.000000
 1.080250 0.000000 0.000000
 1.082000 0.000000 0.000000
 1.083750 0.000000 0.000000
 1.085500 0.000000 0.000000
 1.087250 0.000000 0.000000
 1.089000 0.000000 0.000000
 1.090750 0.000000 0.000000
 1.092500 0.000000 0.000000
 1.094250 0.000000 0.000000
 1.096000 0.000000 0.000000
 1.097750 0.000000 0.000000
 1.099500 0.000000 0.000000
 1.101250 0.000000 0.000000
 1.103000 0.000000 0.000000
 1.104750 0.000000 0.000000
 1.106500 0.000000 0.000000
 1.108250 0.000000 0.000000
 1.110000 0.000000 0.000000
 1.111750 0.000000 0.000000
 1.113500 0.000000 0.000000
 1.115250 0.000000 0.000000
 1.117000 0.000000 0.000000
 1.118750 0.000000 0.000000
 1.120500 0.000000 0.000000
 1.122250 0.000000 0.000000
 1.124000 0.000000 0.000000
 1.125750 0.000000 0.000000
 1.127500 0.000000 0.000000
 1.129250 0.000000 0.000000
 1.131000 0.000000 0.000000
 1.132750 0.000000 0.000000
 1.134500 0.000000 0.000000
 1.136250 0.000000 0.000000
 1.138000 0.000000 0.000000
 1.139750 0.000000 0.000000
 1.141500 0.000000 0.000000
 1.143250 0.000000 0.000000
 1.145000 0.000000 0.000000
 1.146750 0.000000 0.000000
 1.148500 0.000000 0.000000
 1.150250 0.000000 0.000000
 1.152000 0.000000 0.000000
 1.153750 0.000000 0.000000
 1.155500 0.000000 0.000000
 1.157250 0.000000 0.000000
 1.159000 0.000000 0.000000
 1.160750 0.000000 0.000000
 1.162500 0.000000 0.000000
 1.164250 0.000000 0.000000
 1.166000 0.000000 0.000000
 1.167750 0.000000 0.000000
 1.169500 0.000000 0.000000
 1.171250 0.000000 0.000000
 1.173000 0.000000 0.000000
 1.174750 0.000000 0.000000
 1.176500 0.000000 0.000000
 1.178250 0.000000 0.000000
 1.180000 0.000000 0.000000
 1.181750 0.000000 0.000000
 1.183500 0.000000 0.000000
 1.185250 0.000000 0.000000
 1.187000 0.000000 0.000000
 1.188750 0.000000 0.000000
 1.190500 0.000000 0.000000
 1.192250 0.000000 0.000000
 1.194000 0.000000 0.000000
 1.195750 0.000000 0.000000
 1.197500 0.000000 0.000000
 1.199250 0.000000 0.000000
 1.201000 0.000000 0.000000
 1.202750 0.000000 0.000000
 1.204500 0.000000 0.000000
 1.206250 0.000000 0.000000
 1.208000 0.000000 0.000000
 1.209750 0.000000 0.000000
 1.211500 0.000000 0.000000
 1.213250 0.000000 0.000000
 1.215000 0.000000 0.000000
 1.216750 0.000000 0.000000
 1.218500 0.000000 0.000000
 1.220250 0.000000 0.000000
 1.222000 0.000000 0.000000
 1.223750 0.000000 0.000000
 1.225500 0.000000 0.000000
 1.227250 0.000000 0.000000
 1.229000 0.000000 0.000000
 1.230750 0.000000 0.000000
 1.232500 0.000000 0.000000
 1.234250 0.000000 0.000000
 1.236000 0.000000 0.000000
 1.237750 0.000000 0.000000
 1.239500 0.000000 0.000000
 1.241250 0.000000 0.000000
 1.243000 0.000000 0.000000
 1.244750 0.000000 0.000000
 1.246500 0.000000 0.000000
 1.248250 0.000000 0.000000
 1.250000 0.000000 0.000000
 1.251750 0.000000 0.000000
 1.253500 0.000000 0.000000
 1.255250 0.000000 0.000000
 1.257000 0.000000 0.000000
 1.258750 0.000000 0.000000
 1.260500 0.000000 0.000000
 1.262250 0.000000 0.000000
 1.264000 0.000000 0.000000
 1.265750 0.000000 0.000000
 1.267500 0.000000 0.000000
 1.269250 0.000000 0.000000
 1.271000 0.000000 0.000000
 1.272750 0.000000 0.000000
 1.274500 0.000000 0.000000
 1.276250 0.000000 0.000000
 1.278000 0.000000 0.000000
 1.279750 0.000000 0.000000
 1.281500 0.000000 0.000000
 1.283250 0.000000 0.000000
 1.285000 0.000000 0.000000
 1.286750 0.000000 0.000000
 1.288500 0.000000 0.000000
 1.290250 0.000000 0.000000
 1.292000 0.000000 0.000000
 1.293750 0.000000 0.000000
 1.295500 0.000000 0.000000
 1.297250 0.000000 0.000000
 1.299000 0.000000 0.000000
 1.300750 0.000000 0.000000
 1.302500 0.000000 0.000000
 1.304250 0.000000 0.000000
 1.306000 0.000000 0.000000
 1.307750 0.000000 0.000000
 1.309500 0.000000 0.000000
 1.311250 0.000000 0.000000
 1.313000 0.000000 0.000000
 1.314750 0.000000 0.000000
 1.316500 0.000000 0.000000
 1.318250 0.000000 0.000000
 1.320000 0.000000 0.000000
 1.321750 0.000000 0.000000
 1.323500 0.000000 0.000000
 1.325250 0.000000 0.000000
 1.327000 0.000000 0.000000
 1.328750 0.000000 0.000000
 1.330500 0.000000 0.000000
 1.332250 0.000000 0.000000
 1.334000 0.000000 0.000000
 1.335750 0.000000 0.000000
 1.337500 0.000000 0.000000
 1.339250 0.000000 0.000000
 1.341000 0.000000 0.000000
 1.342750 0.000000 0.000000
 1.344500 0.000000 0.000000
 1.346250 0.000000 0.000000
 1.348000 0.000000 0.000000
 1.349750 0.000000 0.000000
 1.351500 0.000000 0.000000
 1.353250 0.000000 0.000000
 1.355000 0.000000 0.000000
 1.356750 0.000000 0.000000
 1.358500 0.000000 0.000000
 1.360250 0.000000 0.000000
 1.362000 0.000000 0.000000
 1.363750 0.000000 0.000000
 1.365500 0.000000 0.000000
 1.367250 0.000000 0.000000
 1.369000 0.000000 0.000000
 1.370750 0.000000 0.000000
 1.372500 0.000000 0.000000
 1.374250 0.000000 0.000000
 1.376000 0.000000 0.000000
 1.377750 0.000000 0.000000
 1.379500 0.000000 0.000000
 1.381250 0.000000 0.000000
 1.383000 0.000000 0.000000
 1.384750 0.000000 0.000000
 1.386500 0.000000 0.000000
 1.388250 0.000000 0.000000
 1.390000 0.000000 0.000000
 1.391750 0.000000 0.000000
 1.393500 0.000000 0.000000
 1.395250 0.000000 0.000000
 1.397000 0.000000 0.000000
 1.398750 0.000000 0.000000
 1.400500 0.000000 0.000000
 1.402250 0.000000 0.000000
 1.404000 0.000000 0.000000
 1.405750 0.000000 0.000000
 1.407500 0.000000 0.000000
 1.409250 0.000000 0.000000
 1.411000 0.000000 0.000000
 1.412750 0.000000 0.000000
 1.414500 0.000000 0.000000
 1.416250 0.000000 0.000000
 1.418000 0.000000 0.000000
 1.419750 0.000000 0.000000
 1.421500 0.000000 0.000000
 1.423250 0.000000 0.000000
 1.425000 0.000000 0.000000
 1.426750 0.000000 0.000000
 1.428500 0.000000 0.000000
 1.430250 0.000000 0.000000
 1.432000 0.000000 0.000000
 1.433750 0.000000 0.000000
 1.435500 0.000000 0.000052
 1.437250 0.000000 0.000095
 1.439000 0.000001 0.000220
 1.440750 0.000001 0.000382
 1.442500 0.000002 0.000642
 1.444250 0.000003 0.001045
 1.446000 0.000006 0.001692
 1.447750 0.000010 0.002590
 1.449500 0.000015 0.003836
 1.451250 0.000023 0.005563
 1.453000 0.000035 0.007737
 1.454750 0.000051 0.010474
 1.456500 0.000072 0.013668
 1.458250 0.000099 0.017265
 1.460000 0.000133 0.021108
 1.461750 0.000173 0.024974
 1.463500 0.000220 0.028636
 1.465250 0.000273 0.031746
 1.467000 0.000331 0.034119
 1.468750 0.000392 0.035454
 1.470500 0.000455 0.035772
 1.472250 0.000517 0.034896
 1.474000 0.000577 0.033162
 1.475750 0.000633 0.030661
 1.477500 0.000684 0.027763
 1.479250 0.000730 0.024792
 1.481000 0.000771 0.022189
 1.482750 0.000808 0.020488
 1.484500 0.000844 0.020242
 1.486250 0.000881 0.021689
 1.488000 0.000922 0.025465
 1.489750 0.000972 0.031719
 1.491500 0.001035 0.040537
 1.493250 0.001116 0.051744
 1.495000 0.001218 0.064984
 1.496750 0.001345 0.079682
 1.498500 0.001498 0.094941
 1.500250 0.001678 0.109947
 1.502000 0.001883 0.123851
 1.503750 0.002112 0.136541
 1.505500 0.002363 0.148110
 1.507250 0.002632 0.158176
 1.509000 0.002917 0.167882
 1.510750 0.003221 0.178533
 1.512500 0.003546 0.191403
 1.514250 0.003895 0.207547
 1.516000 0.004277 0.228206
 1.517750 0.004700 0.254150
 1.519500 0.005173 0.285625
 1.521250 0.005706 0.322909
 1.523000 0.006309 0.365501
 1.524750 0.006993 0.413510
 1.526500 0.007764 0.466238
 1.528250 0.008631 0.523072
 1.530000 0.009602 0.584459
 1.531750 0.010685 0.649507
 1.533500 0.011884 0.718017
 1.535250 0.013206 0.789920
 1.537000 0.014658 0.865248
 1.538750 0.016244 0.943407
 1.540500 0.017973 1.025814
 1.542250 0.019848 1.112029
 1.544000 0.021879 1.203094
 1.545750 0.024076 1.301431
 1.547500 0.026454 1.408844
 1.549250 0.029027 1.527499
 1.551000 0.031821 1.660944
 1.552750 0.034867 1.812960
 1.554500 0.038196 1.985785
 1.556250 0.041850 2.182553
 1.558000 0.045872 2.405250
 1.559750 0.050306 2.654062
 1.561500 0.055198 2.927005
 1.563250 0.060589 3.222782
 1.565000 0.066516 3.537170
 1.566750 0.073009 3.866139
 1.568500 0.080086 4.204327
 1.570250 0.087758 4.546787
 1.572000 0.096038 4.893305
 1.573750 0.104928 5.242014
 1.575500 0.114436 5.596778
 1.577250 0.124575 5.961965
 1.579000 0.135369 6.346594
 1.580750 0.146852 6.757257
 1.582500 0.159096 7.208094
 1.584250 0.172178 7.710954
 1.586000 0.186188 8.273490
 1.587750 0.201240 8.903102
 1.589500 0.217460 9.604876
 1.591250 0.234978 10.382362
 1.593000 0.253927 11.234390
 1.594750 0.274427 12.153999
 1.596500 0.296602 13.138547
 1.598250 0.320544 14.173946
 1.600000 0.346340 15.251553
 1.601750 0.374053 16.358433
 1.603500 0.403718 17.481208
 1.605250 0.435364 18.615365
 1.607000 0.468999 19.752192
 1.608750 0.504636 20.894147
 1.610500 0.542279 22.045698
 1.612250 0.581951 23.216072
 1.614000 0.623713 24.421441
 1.615750 0.667612 25.669865
 1.617500 0.713751 26.972092
 1.619250 0.762227 28.331320
 1.621000 0.813128 29.744419
 1.622750 0.866542 31.199567
 1.624500 0.922537 32.682342
 1.626250 0.981141 34.177041
 1.628000 1.042359 35.669614
 1.629750 1.106186 37.148672
 1.631500 1.172583 38.607814
 1.633250 1.241531 40.051819
 1.635000 1.312988 41.478764
 1.636750 1.386930 42.890871
 1.638500 1.463339 44.291229
 1.640250 1.542188 45.675265
 1.642000 1.623434 47.030311
 1.643750 1.707018 48.338594
 1.645500 1.792853 49.584034
 1.647250 1.880789 50.746283
 1.649000 1.970679 51.811428
 1.650750 2.062340 52.773437
 1.652500 2.155587 53.631080
 1.654250 2.250261 54.404376
 1.656000 2.346248 55.115714
 1.657750 2.443437 55.798906
 1.659500 2.541822 56.486213
 1.661250 2.641420 57.192937
 1.663000 2.742307 57.941219
 1.664750 2.844525 58.724664
 1.666500 2.948114 59.523651
 1.668250 3.053121 60.319907
 1.670000 3.159468 61.055211
 1.671750 3.267017 61.695345
 1.673500 3.375561 62.186682
 1.675250 3.484811 62.501843
 1.677000 3.594445 62.617039
 1.678750 3.704092 62.520953
 1.680500 3.813409 62.240170
 1.682250 3.922081 61.789673
 1.684000 4.029816 61.206139
 1.685750 4.136463 60.538442
 1.687500 4.241886 59.815132
 1.689250 4.346014 59.082693
 1.691000 4.448866 58.352050
 1.692750 4.550437 57.644665
 1.694500 4.650783 56.966568
 1.696250 4.749980 56.319414
 1.698000 4.848045 55.693900
 1.699750 4.945028 55.089313
 1.701500 5.040985 54.505421
 1.703250 5.135913 53.926179
 1.705000 5.229819 53.338824
 1.706750 5.322644 52.704366
 1.708500 5.414273 51.993173
 1.710250 5.504553 51.148076
 1.712000 5.593198 50.118707
 1.713750 5.679830 48.857842
 1.715500 5.763999 47.321022
 1.717250 5.845210 45.480803
 1.719000 5.922940 43.348701
 1.720750 5.996694 40.954021
 1.722500 6.066035 38.326118
 1.724250 6.130605 35.537103
 1.726000 6.190188 32.649003
 1.727750 6.244680 29.721281
 1.729500 6.294024 26.801008
 1.731250 6.338301 23.937733
 1.733000 6.377602 21.130702
 1.734750 6.412043 18.402639
 1.736500 6.441752 15.724920
 1.738250 6.466793 13.100395
 1.740000 6.487278 10.501907
 1.741750 6.503212 7.899310
 1.743500 6.514540 5.295769
 1.745250 6.521294 2.647485
 1.747000 6.523340 -0.060051
 1.748750 6.520585 -2.852604
 1.750500 6.512848 -5.739483
 1.752250 6.499944 -8.734192
 1.754000 6.481691 -11.849731
 1.755750 6.457865 -15.055020
 1.757500 6.428348 -18.344573
 1.759250 6.393039 -21.679154
 1.761000 6.351864 -24.994541
 1.762750 6.304930 -28.267167
 1.764500 6.252331 -31.444279
 1.766250 6.194265 -34.496752
 1.768000 6.131008 -37.391418
 1.769750 6.062822 -40.109044
 1.771500 5.990021 -42.628351
 1.773250 5.912997 -44.949758
 1.775000 5.832096 -47.053359
 1.776750 5.747671 -48.927996
 1.778500 5.660170 -50.587844
 1.780250 5.569928 -52.038114
 1.782000 5.477329 -53.305799
 1.783750 5.382656 -54.411938
 1.785500 5.286157 -55.390142
 1.787250 5.188014 -56.280610
 1.789000 5.088350 -57.117900
 1.790750 4.987265 -57.932685
 1.792500 4.884750 -58.746181
 1.794250 4.780797 -59.561603
 1.796000 4.675394 -60.383242
 1.797750 4.568563 -61.212588
 1.799500 4.460294 -62.022151
 1.801250 4.350656 -62.784902
 1.803000 4.239731 -63.462408
 1.804750 4.127748 -64.027836
 1.806500 4.014886 -64.423303
 1.808250 3.901510 -64.637648
 1.810000 3.787922 -64.639461
 1.811750 3.674526 -64.437593
 1.813500 3.561680 -64.033804
 1.815250 3.449681 -63.452377
 1.817000 3.338837 -62.749365
 1.818750 3.229314 -61.962422
 1.820500 3.121213 -61.130379
 1.822250 3.014587 -60.302504
 1.824000 2.909373 -59.505988
 1.825750 2.805513 -58.756946
 1.827500 2.702919 -58.062412
 1.829250 2.601511 -57.417783
 1.831000 2.501210 -56.792043
 1.832750 2.402015 -56.167759
 1.834500 2.303954 -55.504251
 1.836250 2.207111 -54.767093
 1.838000 2.111648 -53.925075
 1.839750 2.017775 -52.960377
 1.841500 1.925721 -51.860006
 1.843250 1.835705 -50.616131
 1.845000 1.747987 -49.252694
 1.846750 1.662765 -47.797488
 1.848500 1.580161 -46.272451
 1.850250 1.500260 -44.717442
 1.852000 1.423098 -43.172779
 1.853750 1.348610 -41.658898
 1.855500 1.276732 -40.207961
 1.857250 1.207342 -38.827296
 1.859000 1.140308 -37.516061
 1.860750 1.075514 -36.270181
 1.862500 1.012864 -35.081247
 1.864250 0.952276 -33.931874
 1.866000 0.893668 -32.798910
 1.867750 0.837045 -31.685140
 1.869500 0.782371 -30.573541
 1.871250 0.729655 -29.459885
 1.873000 0.678898 -28.335518
 1.874750 0.630130 -27.201228
 1.876500 0.583363 -26.050734
 1.878250 0.538640 -24.886336
 1.880000 0.495976 -23.702052
 1.881750 0.455405 -22.497883
 1.883500 0.416963 -21.277408
 1.885250 0.380683 -20.046606
 1.887000 0.346573 -18.807332
 1.888750 0.314635 -17.563100
 1.890500 0.284873 -16.326372
 1.892250 0.257272 -15.107648
 1.894000 0.231785 -13.914049
 1.895750 0.208359 -12.755781
 1.897500 0.186921 -11.643928
 1.899250 0.167394 -10.593553
 1.901000 0.149654 -9.605594
 1.902750 0.133585 -8.688089
 1.904500 0.119063 -7.844334
 1.906250 0.105954 -7.073568
 1.908000 0.094140 -6.376062
 1.909750 0.083487 -5.742486
 1.911500 0.073898 -5.171788
 1.913250 0.065262 -4.652557
 1.915000 0.057494 -4.180372
 1.916750 0.050518 -3.751085
 1.918500 0.044266 -3.360955
 1.920250 0.038668 -3.004632
 1.922000 0.033670 -2.681464
 1.923750 0.029213 -2.386495
 1.925500 0.025251 -2.119917
 1.927250 0.021735 -1.877969
 1.929000 0.018621 -1.657776
 1.930750 0.015879 -1.460178
 1.932500 0.013469 -1.281033
 1.934250 0.011358 -1.118260
 1.936000 0.009521 -0.972002
 1.937750 0.007931 -0.840343
 1.939500 0.006557 -0.720275
 1.941250 0.005381 -0.613245
 1.943000 0.004383 -0.518493
 1.944750 0.003544 -0.435526
 1.946500 0.002842 -0.362259
 1.948250 0.002261 -0.297893
 1.950000 0.001785 -0.241407
 1.951750 0.001402 -0.193103
 1.953500 0.001098 -0.151572
 1.955250 0.000862 -0.117337
 1.957000 0.000680 -0.088921
 1.958750 0.000543 -0.066463
 1.960500 0.000440 -0.049123
 1.962250 0.000363 -0.036568
 1.964000 0.000306 -0.027989
 1.965750 0.000261 -0.022275
 1.967500 0.000224 -0.018637
 1.969250 0.000193 -0.016604
 1.971000 0.000165 -0.015353
 1.972750 0.000138 -0.014216
 1.974500 0.000114 -0.013178
 1.976250 0.000092 -0.011702
 1.978000 0.000072 -0.010315
 1.979750 0.000055 -0.008709
 1.981500 0.000041 -0.007215
 1.983250 0.000030 -0.005696
 1.985000 0.000021 -0.004384
 1.986750 0.000014 -0.003250
 1.988500 0.000010 -0.002322
 1.990250 0.000006 -0.001601
 1.992000 0.000004 -0.001065
 1.993750 0.000002 -0.000685
 1.995500 0.000001 -0.000426
 1.997250 0.000001 -0.000256
 1.999000 0.000000 -0.000149
 2.000750 0.000000 -0.000084
 2.002500 0.000000 0.000000
 2.004250 0.000000 0.000000
 2.006000 0.000000 0.000000
 2.007750 0.000000 0.000000
 2.009500 0.000000 0.000000
 2.011250 0.000000 0.000000
 2.013000 0.000000 0.000000
 2.014750 0.000000 0.000000
 2.016500 0.000000 0.000000
 2.018250 0.000000 0.000000
 2.020000 0.000000 0.000000
 2.021750 0.000000 0.000000
 2.023500 0.000000 0.000000
 2.025250 0.000000 0.000000
 2.027000 0.000000 0.000000
 2.028750 0.000000 0.000000
 2.030500 0.000000 0.000000
 2.032250 0.000000 0.000000
 2.034000 0.000000 0.000000
 2.035750 0.000000 0.000000
 2.037500 0.000000 0.000000
 2.039250 0.000000 0.000000
 2.041000 0.000000 0.000000
 2.042750 0.000000 0.000000
 2.044500 0.000000 0.000000
 2.046250 0.000000 0.000000
 2.048000 0.000000 0.000000
 2.049750 0.000000 0.000000
 2.051500 0.000000 0.000000
 2.053250 0.000000 0.000000
 2.055000 0.000000 0.000000
 2.056750 0.000000 0.000000
 2.058500 0.000000 0.000000
 2.060250 0.000000 0.000000
 2.062000 0.000000 0.000000
 2.063750 0.000000 0.000000
 2.065500 0.000000 0.000000
 2.067250 0.000000 0.000000
 2.069000 0.000000 0.000000
 2.070750 0.000000 0.000000
 2.072500 0.000000 0.000000
 2.074250 0.000000 0.000000
 2.076000 0.000000 0.000000
 2.077750 0.000000 0.000000
 2.079500 0.000000 0.000000
 2.081250 0.000000 0.000000
 2.083000 0.000000 0.000000
 2.084750 0.000000 0.000000
 2.086500 0.000000 0.000000
 2.088250 0.000000 0.000000
 2.090000 0.000000 0.000000
 2.091750 0.000000 0.000000
 2.093500 0.000000 0.000000
 2.095250 0.000000 0.000000
 2.097000 0.000000 0.000000
 2.098750 0.000000 0.000000
 2.100500 0.000000 0.000000
 2.102250 0.000000 0.000000
 2.104000 0.000000 0.000000
 2.105750 0.000000 0.000000
 2.107500 0.000000 0.000000
 2.109250 0.000000 0.000000
 2.111000 0.000000 0.000000
 2.112750 0.000000 0.000000
 2.114500 0.000000 0.000000
 2.116250 0.000000 0.000000
 2.118000 0.000000 0.000000
 2.119750 0.000000 0.000000
 2.121500 0.000000 0.000000
 2.123250 0.000000 0.000000
 2.125000 0.000000 0.000000
 2.126750 0.000000 0.000000
 2.128500 0.000000 0.000000
 2.130250 0.000000 0.000000
 2.132000 0.000000 0.000000
 2.133750 0.000000 0.000000
 2.135500 0.000000 0.000000
 2.137250 0.000000 0.000000
 2.139000 0.000000 0.000000
 2.140750 0.000000 0.000000
 2.142500 0.000000 0.000000
 2.144250 0.000000 0.000000
 2.146000 0.000000 0.000000
 2.147750 0.000000 0.000000
 2.149500 0.000000 0.000000
 2.151250 0.000000 0.000000
 2.153000 0.000000 0.000000
 2.154750 0.000000 0.000000
 2.156500 0.000000 0.000000
 2.158250 0.000000 0.000000
 2.160000 0.000000 0.000000
 2.161750 0.000000 0.000000
 2.163500 0.000000 0.000000
 2.165250 0.000000 0.000000
 2.167000 0.000000 0.000000
 2.168750 0.000000 0.000000
 2.170500 0.000000 0.000000
 2.172250 0.000000 0.000000
 2.174000 0.000000 0.000000
 2.175750 0.000000 0.000000
 2.177500 0.000000 0.000000
 2.179250 0.000000 0.000000
 2.181000 0.000000 0.000000
 2.182750 0.000000 0.000000
 2.184500 0.000000 0.000000
 2.186250 0.000000 0.000000
 2.188000 0.000000 0.000000
 2.189750 0.000000 0.000000
 2.191500 0.000000 0.000000
 2.193250 0.000000 0.000000
 2.195000 0.000000 0.000000
 2.196750 0.000000 0.000000
 2.198500 0.000000 0.000000
 2.200250 0.000000 0.000000
 2.202000 0.000000 0.000000
 2.203750 0.000000 0.000000
 2.205500 0.000000 0.000000
 2.207250 0.000000 0.000000
 2.209000 0.000000 0.000000
 2.210750 0.000000 0.000000
 2.212500 0.000000 0.000000
 2.214250 0.000000 0.000000
 2.216000 0.000000 0.000000
 2.217750 0.000000 0.000000
 2.219500 0.000000 0.000000
 2.221250 0.000000 0.000000
 2.223000 0.000000 0.000000
 2.224750 0.000000 0.000000
 2.226500 0.000000 0.000000
 2.228250 0.000000 0.000000
 2.230000 0.000000 0.000000
 2.231750 0.000000 0.000000
 2.233500 0.000000 0.000000
 2.235250 0.000000 0.000000
 2.237000 0.000000 0.000000
 2.238750 0.000000 0.000000
 2.240500 0.000000 0.000000
 2.242250 0.000000 0.000000
 2.244000 0.000000 0.000000
 2.245750 0.000000 0.000000
 2.247500 0.000000 0.000000
 2.249250 0.000000 0.000000
 2.251000 0.000000 0.000000
 2.252750 0.000000 0.000000
 2.254500 0.000000 0.000000
 2.256250 0.000000 0.000000
 2.258000 0.000000 0.000000
 2.259750 0.000000 0.000000
 2.261500 0.000000 0.000000
 2.263250 0.000000 0.000000
 2.265000 0.000000 0.000000
 2.266750 0.000000 0.000000
 2.268500 0.000000 0.000000
 2.270250 0.000000 0.000000
 2.272000 0.000000 0.000000
 2.273750 0.000000 0.000000
 2.275500 0.000000 0.000000
 2.277250 0.000000 0.000000
 2.279000 0.000000 0.000000
 2.280750 0.000000 0.000000
 2.282500 0.000000 0.000000
 2.284250 0.000000 0.000000
 2.286000 0.000000 0.000000
 2.287750 0.000000 0.000000
 2.289500 0.000000 0.000000
 2.291250 0.000000 0.000000
 2.293000 0.000000 0.000000
 2.294750 0.000000 0.000000
 2.296500 0.000000 0.000000
 2.298250 0.000000 0.000000
 2.300000 0.000000 0.000000
 2.301750 0.000000 0.000000
 2.303500 0.000000 0.000000
 2.305250 0.000000 0.000000
 2.307000 0.000000 0.000000
 2.308750 0.000000 0.000000
 2.310500 0.000000 0.000000
 2.312250 0.000000 0.000000
 2.314000 0.000000 0.000000
 2.315750 0.000000 0.000000
 2.317500 0.000000 0.000000
 2.319250 0.000000 0.000000
 2.321000 0.000000 0.000000
 2.322750 0.000000 0.000000
 2.324500 0.000000 0.000000
 2.326250 0.000000 0.000000
 2.328000 0.000000 0.000000
 2.329750 0.000000 0.000000
 2.331500 0.000000 0.000000
 2.333250 0.000000 0.000000
 2.335000 0.000000 0.000000
 2.336750 0.000000 0.000000
 2.338500 0.000000 0.000000
 2.340250 0.000000 0.000000
 2.342000 0.000000 0.000000
 2.343750 0.000000 0.000000
 2.345500 0.000000 0.000000
 2.347250 0.000000 0.000000
 2.349000 0.000000 0.000000
 2.350750 0.000000 0.000000
 2.352500 0.000000 0.000000
 2.354250 0.000000 0.000000
 2.356000 0.000000 0.000000
 2.357750 0.000000 0.000000
 2.359500 0.000000 0.000000
 2.361250 0.000000 0.000000
 2.363000 0.000000 0.000000
 2.364750 0.000000 0.000000
 2.366500 0.000000 0.000000
 2.368250 0.000000 0.000000
 2.370000 0.000000 0.000000
 2.371750 0.000000 0.000000
 2.373500 0.000000 0.000000
 2.375250 0.000000 0.000000
 2.377000 0.000000 0.000000
 2.378750 0.000000 0.000000
 2.380500 0.000000 0.000000
 2.382250 0.000000 0.000000
 2.384000 0.000000 0.000000
 2.385750 0.000000 0.000000
 2.387500 0.000000 0.000000
 2.389250 0.000000 0.000000
 2.391000 0.000000 0.000000
 2.392750 0.000000 0.000000
 2.394500 0.000000 0.000000
 2.396250 0.000000 0.000000
 2.398000 0.000000 0.000000
 2.399750 0.000000 0.000000
 2.401500 0.000000 0.000000
 2.403250 0.000000 0.000000
 2.405000 0.000000 0.000000
 2.406750 0.000000 0.000000
 2.408500 0.000000 0.000000
 2.410250 0.000000 0.000000
 2.412000 0.000000 0.000000
 2.413750 0.000000 0.000000
 2.415500 0.000000 0.000000
 2.417250 0.000000 0.000000
 2.419000 0.000000 0.000000
 2.420750 0.000000 0.000000
 2.422500 0.000000 0.000000
 2.424250 0.000000 0.000000
 2.426000 0.000000 0.000000
 2.427750 0.000000 0.000000
 2.429500 0.000000 0.000000
 2.431250 0.000000 0.000000
 2.433000 0.000000 0.000000
 2.434750 0.000000 0.000000
 2.436500 0.000000 0.000000
 2.438250 0.000000 0.000000
 2.440000 0.000000 0.000000
 2.441750 0.000000 0.000000
 2.443500 0.000000 0.000000
 2.445250 0.000000 0.000000
 2.447000 0.000000 0.000000
 2.448750 0.000000 0.000000
 2.450500 0.000000 0.000000
 2.452250 0.000000 0.000000
 2.454000 0.000000 0.000000
 2.455750 0.000000 0.000000
 2.457500 0.000000 0.000000
 2.459250 0.000000 0.000000
 2.461000 0.000000 0.000000
 2.462750 0.000000 0.000000
 2.464500 0.000000 0.000000
 2.466250 0.000000 0.000000
 2.468000 0.000000 0.000000
 2.469750 0.000000 0.000000
 2.471500 0.000000 0.000000
 2.473250 0.000000 0.000000
 2.475000 0.000000 0.000000
 2.476750 0.000000 0.000000
 2.478500 0.000000 0.000000
 2.480250 0.000000 0.000000
 2.482000 0.000000 0.000000
 2.483750 0.000000 0.000000
 2.485500 0.000000 0.000000
 2.487250 0.000000 0.000000
 2.489000 0.000000 0.000000
 2.490750 0.000000 0.000000
 2.492500 0.000000 0.000000
 2.494250 0.000000 0.000000
 2.496000 0.000000 0.000000
 2.497750 0.000000 0.000000
 2.499500 0.000000 0.000000
 2.501250 0.000000 0.000000
 2.503000 0.000000 0.000000
 2.504750 0.000000 0.000000
 2.506500 0.000000 0.000000
 2.508250 0.000000 0.000000
 2.510000 0.000000 0.000000
 2.511750 0.000000 0.000000
 2.513500 0.000000 0.000000
 2.515250 0.000000 0.000000
 2.517000 0.000000 0.000000
 2.518750 0.000000 0.000000
 2.520500 0.000000 0.000000
 2.522250 0.000000 0.000000
 2.524000 0.000000 0.000000
 2.525750 0.000000 0.000000
 2.527500 0.000000 0.000000
 2.529250 0.000000 0.000000
 2.531000 0.000000 0.000000
 2.532750 0.000000 0.000000
 2.534500 0.000000 0.000000
 2.536250 0.000000 0.000000
 2.538000 0.000000 0.000000
 2.539750 0.000000 0.000000
 2.541500 0.000000 0.000000
 2.543250 0.000000 0.000000
 2.545000 0.000000 0.000000
 2.546750 0.000000 0.000000
 2.548500 0.000000 0.000000
 2.550250 0.000000 0.000000
 2.552000 0.000000 0.000000
 2.553750 0.000000 0.000000
 2.555500 0.000000 0.000000
 2.557250 0.000000 0.000000
 2.559000 0.000000 0.000000
 2.560750 0.000000 0.000000
 2.562500 0.000000 0.000000
 2.564250 0.000000 0.000000
 2.566000 0.000000 0.000000
 2.567750 0.000000 0.000000
 2.569500 0.000000 0.000000
 2.571250 0.000000 0.000000
 2.573000 0.000000 0.000000
 2.574750 0.000000 0.000000
 2.576500 0.000000 0.000000
 2.578250 0.000000 0.000000
 2.580000 0.000000 0.000000
 2.581750 0.000000 0.000000
 2.583500 0.000000 0.000000
 2.585250 0.000000 0.000000
 2.587000 0.000000 0.000000
 2.588750 0.000000 0.000000
 2.590500 0.000000 0.000000
 2.592250 0.000000 0.000000
 2.594000 0.000000 0.000000
 2.595750 0.000000 0.000000
 2.597500 0.000000 0.000000
 2.599250 0.000000 0.000000
 2.601000 0.000000 0.000000
 2.602750 0.000000 0.000000
 2.604500 0.000000 0.000000
 2.606250 0.000000 0.000000
 2.608000 0.000000 0.000000
 2.609750 0.000000 0.000000
 2.611500 0.000000 0.000000
 2.613250 0.000000 0.000000
 2.615000 0.000000 0.000000
 2.616750 0.000000 0.000000
 2.618500 0.000000 0.000000
 2.620250 0.000000 0.000000
 2.622000 0.000000 0.000000
 2.623750 0.000000 0.000000
 2.625500 0.000000 0.000000
 2.627250 0.000000 0.000000
 2.629000 0.000000 0.000000
 2.630750 0.000000 0.000000
 2.632500 0.000000 0.000000
 2.634250 0.000000 0.000000
 2.636000 0.000000 0.000000
 2.637750 0.000000 0.000000
 2.639500 0.000000 0.000000
 2.641250 0.000000 0.000000
 2.643000 0.000000 0.000000
 2.644750 0.000000 0.000000
 2.646500 0.000000 0.000000
 2.648250 0.000000 0.000000
 2.650000 0.000000 0.000000
 2.651750 0.000000 0.000000
 2.653500 0.000000 0.000000
 2.655250 0.000000 0.000000
 2.657000 0.000000 0.000000
 2.658750 0.000000 0.000000
 2.660500 0.000000 0.000000
 2.662250 0.000000 0.000000
 2.664000 0.000000 0.000000
 2.665750 0.000000 0.000000
 2.667500 0.000000 0.000000
 2.669250 0.000000 0.000000
 2.671000 0.000000 0.000000
 2.672750 0.000000 0.000000
 2.674500 0.000000 0.000000
 2.676250 0.000000 0.000000
 2.678000 0.000000 0.000000
 2.679750 0.000000 0.000000
 2.681500 0.000000 0.000000
 2.683250 0.000000 0.000000
 2.685000 0.000000 0.000000
 2.686750 0.000000 0.000000
 2.688500 0.000000 0.000000
 2.690250 0.000000 0.000000
 2.692000 0.000000 0.000000
 2.693750 0.000000 0.000000
 2.695500 0.000000 0.000000
 2.697250 0.000000 0.000000
 2.699000 0.000000 0.000000
 2.700750 0.000000 0.000000
 2.702500 0.000000 0.000000
 2.704250 0.000000 0.000000
 2.706000 0.000000 0.000000
 2.707750 0.000000 0.000000
 2.709500 0.000000 0.000000
 2.711250 0.000000 0.000000
 2.713000 0.000000 0.000000
 2.714750 0.000000 0.000000
 2.716500 0.000000 0.000000
 2.718250 0.000000 0.000000
 2.720000 0.000000 0.000000
 2.721750 0.000000 0.000000
 2.723500 0.000000 0.000000
 2.725250 0.000000 0.000000
 2.727000 0.000000 0.000000
 2.728750 0.000000 0.000000
 2.730500 0.000000 0.000000
 2.732250 0.000000 0.000000
 2.734000 0.000000 0.000000
 2.735750 0.000000 0.000000
 2.737500 0.000000 0.000000
 2.739250 0.000000 0.000000
 2.741000 0.000000 0.000000
 2.742750 0.000000 0.000000
 2.744500 0.000000 0.000000
 2.746250 0.000000 0.000000
 2.748000 0.000000 0.000000
 2.749750 0.000000 0.000000
 2.751500 0.000000 0.000000
 2.753250 0.000000 0.000000
 2.755000 0.000000 0.000000
 2.756750 0.000000 0.000000
 2.758500 0.000000 0.000000
 2.760250 0.000000 0.000000
 2.762000 0.000000 0.000000
 2.763750 0.000000 0.000000
 2.765500 0.000000 0.000000
 2.767250 0.000000 0.000000
 2.769000 0.000000 0.000000
 2.770750 0.000000 0.000000
 2.772500 0.000000 0.000000
 2.774250 0.000000 0.000000
 2.776000 0.000000 0.000000
 2.777750 0.000000 0.000000
 2.779500 0.000000 0.000000
 2.781250 0.000000 0.000000
 2.783000 0.000000 0.000000
 2.784750 0.000000 0.000000
 2.786500 0.000000 0.000000
 2.788250 0.000000 0.000000
 2.790000 0.000000 0.000000
 2.791750 0.000000 0.000000
 2.793500 0.000000 0.000000
 2.795250 0.000000 0.000000
 2.797000 0.000000 0.000000
 2.798750 0.000000 0.000000
 2.800500 0.000000 0.000000
 2.802250 0.000000 0.000000
 2.804000 0.000000 0.000000
 2.805750 0.000000 0.000000
 2.807500 0.000000 0.000000
 2.809250 0.000000 0.000000
 2.811000 0.000000 0.000000
 2.812750 0.000000 0.000000
 2.814500 0.000000 0.000000
 2.816250 0.000000 0.000000
 2.818000 0.000000 0.000000
 2.819750 0.000000 0.000000
 2.821500 0.000000 0.000000
 2.823250 0.000000 0.000000
 2.825000 0.000000 0.000000
 2.826750 0.000000 0.000000
 2.828500 0.000000 0.000000
 2.830250 0.000000 0.000000
 2.832000 0.000000 0.000000
 2.833750 0.000000 0.000000
 2.835500 0.000000 0.000000
 2.837250 0.000000 0.000000
 2.839000 0.000000 0.000000
 2.840750 0.000000 0.000000
 2.842500 0.000000 0.000000
 2.844250 0.000000 0.000000
 2.846000 0.000000 0.000000
 2.847750 0.000000 0.000000
 2.849500 0.000000 0.000000
 2.851250 0.000000 0.000000
 2.853000 0.000000 0.000000
 2.854750 0.000000 0.000000
 2.856500 0.000000 0.000000
 2.858250 0.000000 0.000000
 2.860000 0.000000 0.000000
 2.861750 0.000000 0.000000
 2.863500 0.000000 0.000000
 2.865250 0.000000 0.000000
 2.867000 0.000000 0.000000
 2.868750 0.000000 0.000000
 2.870500 0.000000 0.000000
 2.872250 0.000000 0.000000
 2.874000 0.000000 0.000000
 2.875750 0.000000 0.000000
 2.877500 0.000000 0.000000
 2.879250 0.000000 0.000000
 2.881000 0.000000 0.000000
 2.882750 0.000000 0.000000
 2.884500 0.000000 0.000000
 2.886250 0.000000 0.000000
 2.888000 0.000000 0.000000
 2.889750 0.000000 0.000000
 2.891500 0.000000 0.000000
 2.893250 0.000000 0.000000
 2.895000 0.000000 0.000000
 2.896750 0.000000 0.000000
 2.898500 0.000000 0.000000
 2.900250 0.000000 0.000000
 2.902000 0.000000 0.000000
 2.903750 0.000000 0.000000
 2.905500 0.000000 0.000000
 2.907250 0.000000 0.000000
 2.909000 0.000000 0.000000
 2.910750 0.000000 0.000000
 2.912500 0.000000 0.000000
 2.914250 0.000000 0.000000
 2.916000 0.000000 0.000000
 2.917750 0.000000 0.000000
 2.919500 0.000000 0.000000
 2.921250 0.000000 0.000000
 2.923000 0.000000 0.000000
 2.924750 0.000000 0.000000
 2.926500 0.000000 0.000000
 2.928250 0.000000 0.000000
 2.930000 0.000000 0.000000
 2.931750 0.000000 0.000000
 2.933500 0.000000 0.000000
 2.935250 0.000000 0.000000
 2.937000 0.000000 0.000000
 2.938750 0.000000 0.000000
 2.940500 0.000000 0.000000
 2.942250 0.000000 0.000000
 2.944000 0.000000 0.000000
 2.945750 0.000000 0.000000
 2.947500 0.000000 0.000000
 2.949250 0.000000 0.000000
 2.951000 0.000000 0.000000
 2.952750 0.000000 0.000000
 2.954500 0.000000 0.000000
 2.956250 0.000000 0.000000
 2.958000 0.000000 0.000000
 2.959750 0.000000 0.000000
 2.961500 0.000000 0.000000
 2.963250 0.000000 0.000000
 2.965000 0.000000 0.000000
 2.966750 0.000000 0.000000
 2.968500 0.000000 0.000000
 2.970250 0.000000 0.000000
 2.972000 0.000000 0.000000
 2.973750 0.000000 0.000000
 2.975500 0.000000 0.000000
 2.977250 0.000000 0.000000
 2.979000 0.000000 0.000000
 2.980750 0.000000 0.000000
 2.982500 0.000000 0.000000
 2.984250 0.000000 0.000000
 2.986000 0.000000 0.000000
 2.987750 0.000000 0.000000
 2.989500 0.000000 0.000000
 2.991250 0.000000 0.000000
 2.993000 0.000000 0.000000
 2.994750 0.000000 0.000000
 2.996500 0.000000 0.000000
 2.998250 0.000000 0.000000
 3.000000 0.000000 0.000000
