#! FIELDS time refcv.mean refcv.morethan
 0.000000 1.050524 287.243482
 0.500000 0.950732 286.160062
 1.000000 0.930586 285.756266
 1.500000 0.969589 286.495579
 2.000000 0.973828 286.535164
 2.500000 0.959613 286.333799
 3.000000 0.949650 286.162175
 3.500000 0.973586 286.529818
 4.000000 0.975455 286.581742
 4.500000 0.947690 286.104782
 5.000000 0.958018 286.293074
 5.500000 0.975943 286.563166
 6.000000 0.972967 286.525989
 6.500000 0.956892 286.301804
 7.000000 0.972637 286.536864
 7.500000 0.978829 286.597315
 8.000000 0.964215 286.424122
 8.500000 0.961248 286.372903
 9.000000 0.969477 286.497584
 9.500000 0.973262 286.533471
 10.000000 0.957690 286.266757
 10.500000 0.966701 286.443312
 11.000000 0.972094 286.517217
 11.500000 0.967262 286.411094
 12.000000 0.963396 286.387304
 12.500000 0.966834 286.418528
 13.000000 0.965456 286.416745
 13.500000 0.978097 286.602733
 14.000000 0.962931 286.397531
 14.500000 0.971351 286.509655
 15.000000 0.969553 286.467419
 15.500000 0.976971 286.598406
 16.000000 0.957804 286.266620
 16.500000 0.964630 286.417740
 17.000000 0.970735 286.498217
 17.500000 0.965212 286.432915
 18.000000 0.968526 286.445879
 18.500000 0.972489 286.524553
 19.000000 0.973625 286.499352
 19.500000 0.969355 286.498271
 20.000000 0.972831 286.541964
 20.500000 0.975791 286.551515
 21.000000 0.974823 286.570917
 21.500000 0.965082 286.418092
 22.000000 0.981438 286.622853
 22.500000 0.966183 286.392695
 23.000000 0.966680 286.438644
 23.500000 0.965378 286.377031
 24.000000 0.975505 286.569534
 24.500000 0.971488 286.523875
 25.000000 0.969077 286.460321
 25.500000 0.960811 286.351418
 26.000000 0.966926 286.458245
 26.500000 0.965967 286.428988
 27.000000 0.958547 286.315781
 27.500000 0.967542 286.366385
 28.000000 0.973178 286.525269
 28.500000 0.971930 286.515162
 29.000000 0.959016 286.313905
 29.500000 0.965378 286.448719
 30.000000 0.965486 286.423709
 30.500000 0.960503 286.341979
 31.000000 0.956668 286.295866
 31.500000 0.956381 286.274929
 32.000000 0.981088 286.640598
 32.500000 0.959108 286.306447
 33.000000 0.964806 286.350123
 33.500000 0.970544 286.494816
 34.000000 0.971925 286.519576
 34.500000 0.969200 286.447394
 35.000000 0.960741 286.361551
 35.500000 0.970338 286.463757
 36.000000 0.966052 286.434924
 36.500000 0.972533 286.522712
 37.000000 0.967652 286.478777
 37.500000 0.966768 286.449382
 38.000000 0.969179 286.445009
 38.500000 0.962548 286.405006
 39.000000 0.969914 286.505674
 39.500000 0.971968 286.519398
 40.000000 0.969321 286.481471
 40.500000 0.969213 286.462501
 41.000000 0.959366 286.345225
 41.500000 0.979383 286.592323
 42.000000 0.957275 286.313627
 42.500000 0.959497 286.330539
 43.000000 0.970110 286.507515
 43.500000 0.969260 286.359609
 44.000000 0.965452 286.383067
 44.500000 0.953885 286.260459
 45.000000 0.972163 286.526255
 45.500000 0.965959 286.415086
 46.000000 0.963434 286.380811
 46.500000 0.952003 286.156244
 47.000000 0.970958 286.504259
 47.500000 0.966373 286.446299
 48.000000 0.958492 286.321253
 48.500000 0.976195 286.578890
 49.000000 0.971924 286.501565
 49.500000 0.950743 286.212966
 50.000000 0.961465 286.402376
 50.500000 0.973650 286.540708
 51.000000 0.972001 286.507845
 51.500000 0.957925 286.334784
 52.000000 0.967236 286.429774
 52.500000 0.958737 286.286733
 53.000000 0.967981 286.461957
 53.500000 0.966151 286.440211
 54.000000 0.963443 286.369709
 54.500000 0.985963 286.687304
 55.000000 0.968892 286.490381
 55.500000 0.967766 286.468569
 56.000000 0.969338 286.456644
 56.500000 0.963849 286.379565
 57.000000 0.972510 286.535162
 57.500000 0.958836 286.323632
 58.000000 0.980145 286.575534
 58.500000 0.977430 286.554655
 59.000000 0.973269 286.508701
 59.500000 0.967918 286.449113
 60.000000 0.971852 286.514716
 60.500000 0.972387 286.480914
 61.000000 0.968295 286.468935
 61.500000 0.963984 286.409008
 62.000000 0.980445 286.623858
 62.500000 0.972298 286.516492
 63.000000 0.958805 286.321866
 63.500000 0.974057 286.545548
 64.000000 0.964664 286.309950
 64.500000 0.964788 286.400056
 65.000000 0.978121 286.604029
 65.500000 0.970678 286.509366
 66.000000 0.968980 286.460738
