#! FIELDS refcv hh dhh_refcv
#! SET normalisation  101.000000
#! SET min_refcv -0.5
#! SET max_refcv 3
#! SET nbins_refcv  2000
#! SET periodic_refcv false
 -0.500000 0.000000 0.000000
 -0.498250 0.000000 0.000000
 -0.496500 0.000000 0.000000
 -0.494750 0.000000 0.000000
 -0.493000 0.000000 0.000000
 -0.491250 0.000000 0.000000
 -0.489500 0.000000 0.000000
 -0.487750 0.000000 0.000000
 -0.486000 0.000000 0.000000
 -0.484250 0.000000 0.000000
 -0.482500 0.000000 0.000000
 -0.480750 0.000000 0.000000
 -0.479000 0.000000 0.000000
 -0.477250 0.000000 0.000000
 -0.475500 0.000000 0.000000
 -0.473750 0.000000 0.000000
 -0.472000 0.000000 0.000000
 -0.470250 0.000000 0.000000
 -0.468500 0.000000 0.000000
 -0.466750 0.000000 0.000000
 -0.465000 0.000000 0.000000
 -0.463250 0.000000 0.000000
 -0.461500 0.000000 0.000000
 -0.459750 0.000000 0.000000
 -0.458000 0.000000 0.000000
 -0.456250 0.000000 0.000000
 -0.454500 0.000000 0.000000
 -0.452750 0.000000 0.000000
 -0.451000 0.000000 0.000000
 -0.449250 0.000000 0.000000
 -0.447500 0.000000 0.000000
 -0.445750 0.000000 0.000000
 -0.444000 0.000000 0.000000
 -0.442250 0.000000 0.000000
 -0.440500 0.000000 0.000000
 -0.438750 0.000000 0.000000
 -0.437000 0.000000 0.000000
 -0.435250 0.000000 0.000000
 -0.433500 0.000000 0.000000
 -0.431750 0.000000 0.000000
 -0.430000 0.000000 0.000000
 -0.428250 0.000000 0.000000
 -0.426500 0.000000 0.000000
 -0.424750 0.000000 0.000000
 -0.423000 0.000000 0.000000
 -0.421250 0.000000 0.000000
 -0.419500 0.000000 0.000000
 -0.417750 0.000000 0.000000
 -0.416000 0.000000 0.000000
 -0.414250 0.000000 0.000000
 -0.412500 0.000000 0.000000
 -0.410750 0.000000 0.000000
 -0.409000 0.000000 0.000000
 -0.407250 0.000000 0.000000
 -0.405500 0.000000 0.000000
 -0.403750 0.000000 0.000000
 -0.402000 0.000000 0.000000
 -0.400250 0.000000 0.000000
 -0.398500 0.000000 0.000000
 -0.396750 0.000000 0.000000
 -0.395000 0.000000 0.000000
 -0.393250 0.000000 0.000000
 -0.391500 0.000000 0.000000
 -0.389750 0.000000 0.000000
 -0.388000 0.000000 0.000000
 -0.386250 0.000000 0.000000
 -0.384500 0.000000 0.000000
 -0.382750 0.000000 0.000000
 -0.381000 0.000000 0.000000
 -0.379250 0.000000 0.000000
 -0.377500 0.000000 0.000000
 -0.375750 0.000000 0.000000
 -0.374000 0.000000 0.000000
 -0.372250 0.000000 0.000000
 -0.370500 0.000000 0.000000
 -0.368750 0.000000 0.000000
 -0.367000 0.000000 0.000000
 -0.365250 0.000000 0.000000
 -0.363500 0.000000 0.000000
 -0.361750 0.000000 0.000000
 -0.360000 0.000000 0.000000
 -0.358250 0.000000 0.000000
 -0.356500 0.000000 0.000000
 -0.354750 0.000000 0.000000
 -0.353000 0.000000 0.000000
 -0.351250 0.000000 0.000000
 -0.349500 0.000000 0.000000
 -0.347750 0.000000 0.000000
 -0.346000 0.000000 0.000000
 -0.344250 0.000000 0.000000
 -0.342500 0.000000 0.000000
 -0.340750 0.000000 0.000000
 -0.339000 0.000000 0.000000
 -0.337250 0.000000 0.000000
 -0.335500 0.000000 0.000000
 -0.333750 0.000000 0.000000
 -0.332000 0.000000 0.000000
 -0.330250 0.000000 0.000000
 -0.328500 0.000000 0.000000
 -0.326750 0.000000 0.000000
 -0.325000 0.000000 0.000000
 -0.323250 0.000000 0.000000
 -0.321500 0.000000 0.000000
 -0.319750 0.000000 0.000000
 -0.318000 0.000000 0.000000
 -0.316250 0.000000 0.000000
 -0.314500 0.000000 0.000000
 -0.312750 0.000000 0.000000
 -0.311000 0.000000 0.000000
 -0.309250 0.000000 0.000000
 -0.307500 0.000000 0.000000
 -0.305750 0.000000 0.000000
 -0.304000 0.000000 0.000000
 -0.302250 0.000000 0.000000
 -0.300500 0.000000 0.000000
 -0.298750 0.000000 0.000000
 -0.297000 0.000000 0.000000
 -0.295250 0.000000 0.000000
 -0.293500 0.000000 0.000000
 -0.291750 0.000000 0.000000
 -0.290000 0.000000 0.000000
 -0.288250 0.000000 0.000000
 -0.286500 0.000000 0.000000
 -0.284750 0.000000 0.000000
 -0.283000 0.000000 0.000000
 -0.281250 0.000000 0.000000
 -0.279500 0.000000 0.000000
 -0.277750 0.000000 0.000000
 -0.276000 0.000000 0.000000
 -0.274250 0.000000 0.000000
 -0.272500 0.000000 0.000000
 -0.270750 0.000000 0.000000
 -0.269000 0.000000 0.000000
 -0.267250 0.000000 0.000000
 -0.265500 0.000000 0.000000
 -0.263750 0.000000 0.000000
 -0.262000 0.000000 0.000000
 -0.260250 0.000000 0.000000
 -0.258500 0.000000 0.000000
 -0.256750 0.000000 0.000000
 -0.255000 0.000000 0.000000
 -0.253250 0.000000 0.000000
 -0.251500 0.000000 0.000000
 -0.249750 0.000000 0.000000
 -0.248000 0.000000 0.000000
 -0.246250 0.000000 0.000000
 -0.244500 0.000000 0.000000
 -0.242750 0.000000 0.000000
 -0.241000 0.000000 0.000000
 -0.239250 0.000000 0.000000
 -0.237500 0.000000 0.000000
 -0.235750 0.000000 0.000000
 -0.234000 0.000000 0.000000
 -0.232250 0.000000 0.000000
 -0.230500 0.000000 0.000000
 -0.228750 0.000000 0.000000
 -0.227000 0.000000 0.000000
 -0.225250 0.000000 0.000000
 -0.223500 0.000000 0.000000
 -0.221750 0.000000 0.000000
 -0.220000 0.000000 0.000000
 -0.218250 0.000000 0.000000
 -0.216500 0.000000 0.000000
 -0.214750 0.000000 0.000000
 -0.213000 0.000000 0.000000
 -0.211250 0.000000 0.000000
 -0.209500 0.000000 0.000000
 -0.207750 0.000000 0.000000
 -0.206000 0.000000 0.000000
 -0.204250 0.000000 0.000000
 -0.202500 0.000000 0.000000
 -0.200750 0.000000 0.000000
 -0.199000 0.000000 0.000000
 -0.197250 0.000000 0.000000
 -0.195500 0.000000 0.000000
 -0.193750 0.000000 0.000000
 -0.192000 0.000000 0.000000
 -0.190250 0.000000 0.000000
 -0.188500 0.000000 0.000000
 -0.186750 0.000000 0.000000
 -0.185000 0.000000 0.000000
 -0.183250 0.000000 0.000000
 -0.181500 0.000000 0.000000
 -0.179750 0.000000 0.000000
 -0.178000 0.000000 0.000000
 -0.176250 0.000000 0.000000
 -0.174500 0.000000 0.000000
 -0.172750 0.000000 0.000000
 -0.171000 0.000000 0.000000
 -0.169250 0.000000 0.000000
 -0.167500 0.000000 0.000000
 -0.165750 0.000000 0.000000
 -0.164000 0.000000 0.000000
 -0.162250 0.000000 0.000000
 -0.160500 0.000000 0.000000
 -0.158750 0.000000 0.000000
 -0.157000 0.000000 0.000000
 -0.155250 0.000000 0.000000
 -0.153500 0.000000 0.000000
 -0.151750 0.000000 0.000000
 -0.150000 0.000000 0.000000
 -0.148250 0.000000 0.000000
 -0.146500 0.000000 0.000000
 -0.144750 0.000000 0.000000
 -0.143000 0.000000 0.000000
 -0.141250 0.000000 0.000000
 -0.139500 0.000000 0.000000
 -0.137750 0.000000 0.000000
 -0.136000 0.000000 0.000000
 -0.134250 0.000000 0.000000
 -0.132500 0.000000 0.000000
 -0.130750 0.000000 0.000000
 -0.129000 0.000000 0.000000
 -0.127250 0.000000 0.000000
 -0.125500 0.000000 0.000000
 -0.123750 0.000000 0.000000
 -0.122000 0.000000 0.000000
 -0.120250 0.000000 0.000000
 -0.118500 0.000000 0.000000
 -0.116750 0.000000 0.000000
 -0.115000 0.000000 0.000000
 -0.113250 0.000000 0.000000
 -0.111500 0.000000 0.000000
 -0.109750 0.000000 0.000000
 -0.108000 0.000000 0.000000
 -0.106250 0.000000 0.000000
 -0.104500 0.000000 0.000000
 -0.102750 0.000000 0.000000
 -0.101000 0.000000 0.000000
 -0.099250 0.000000 0.000000
 -0.097500 0.000000 0.000000
 -0.095750 0.000000 0.000000
 -0.094000 0.000000 0.000000
 -0.092250 0.000000 0.000000
 -0.090500 0.000000 0.000000
 -0.088750 0.000000 0.000000
 -0.087000 0.000000 0.000000
 -0.085250 0.000000 0.000000
 -0.083500 0.000000 0.000000
 -0.081750 0.000000 0.000000
 -0.080000 0.000000 0.000000
 -0.078250 0.000000 0.000000
 -0.076500 0.000000 0.000000
 -0.074750 0.000000 0.000000
 -0.073000 0.000000 0.000000
 -0.071250 0.000000 0.000000
 -0.069500 0.000000 0.000000
 -0.067750 0.000000 0.000000
 -0.066000 0.000000 0.000000
 -0.064250 0.000000 0.000000
 -0.062500 0.000000 0.000000
 -0.060750 0.000000 0.000000
 -0.059000 0.000000 0.000000
 -0.057250 0.000000 0.000000
 -0.055500 0.000000 0.000000
 -0.053750 0.000000 0.000000
 -0.052000 0.000000 0.000000
 -0.050250 0.000000 0.000000
 -0.048500 0.000000 0.000000
 -0.046750 0.000000 0.000000
 -0.045000 0.000000 0.000000
 -0.043250 0.000000 0.000000
 -0.041500 0.000000 0.000000
 -0.039750 0.000000 0.000000
 -0.038000 0.000000 0.000000
 -0.036250 0.000000 0.000000
 -0.034500 0.000000 0.000000
 -0.032750 0.000000 0.000000
 -0.031000 0.000000 0.000000
 -0.029250 0.000000 0.000000
 -0.027500 0.000000 0.000000
 -0.025750 0.000000 0.000000
 -0.024000 0.000000 0.000000
 -0.022250 0.000000 0.000000
 -0.020500 0.000000 0.000000
 -0.018750 0.000000 0.000000
 -0.017000 0.000000 0.000000
 -0.015250 0.000000 0.000000
 -0.013500 0.000000 0.000000
 -0.011750 0.000000 0.000000
 -0.010000 0.000000 0.000000
 -0.008250 0.000000 0.000000
 -0.006500 0.000000 0.000000
 -0.004750 0.000000 0.000000
 -0.003000 0.000000 0.000000
 -0.001250 0.000000 0.000000
 0.000500 0.000000 0.000000
 0.002250 0.000000 0.000000
 0.004000 0.000000 0.000000
 0.005750 0.000000 0.000000
 0.007500 0.000000 0.000000
 0.009250 0.000000 0.000000
 0.011000 0.000000 0.000000
 0.012750 0.000000 0.000000
 0.014500 0.000000 0.000000
 0.016250 0.000000 0.000000
 0.018000 0.000000 0.000000
 0.019750 0.000000 0.000000
 0.021500 0.000000 0.000000
 0.023250 0.000000 0.000000
 0.025000 0.000000 0.000000
 0.026750 0.000000 0.000000
 0.028500 0.000000 0.000000
 0.030250 0.000000 0.000000
 0.032000 0.000000 0.000000
 0.033750 0.000000 0.000000
 0.035500 0.000000 0.000000
 0.037250 0.000000 0.000000
 0.039000 0.000000 0.000000
 0.040750 0.000000 0.000000
 0.042500 0.000000 0.000000
 0.044250 0.000000 0.000000
 0.046000 0.000000 0.000000
 0.047750 0.000000 0.000000
 0.049500 0.000000 0.000000
 0.051250 0.000000 0.000000
 0.053000 0.000000 0.000000
 0.054750 0.000000 0.000000
 0.056500 0.000000 0.000000
 0.058250 0.000000 0.000000
 0.060000 0.000000 0.000000
 0.061750 0.000000 0.000000
 0.063500 0.000000 0.000000
 0.065250 0.000000 0.000000
 0.067000 0.000000 0.000000
 0.068750 0.000000 0.000000
 0.070500 0.000000 0.000000
 0.072250 0.000000 0.000000
 0.074000 0.000000 0.000000
 0.075750 0.000000 0.000000
 0.077500 0.000000 0.000000
 0.079250 0.000000 0.000000
 0.081000 0.000000 0.000000
 0.082750 0.000000 0.000000
 0.084500 0.000000 0.000000
 0.086250 0.000000 0.000000
 0.088000 0.000000 0.000000
 0.089750 0.000000 0.000000
 0.091500 0.000000 0.000000
 0.093250 0.000000 0.000000
 0.095000 0.000000 0.000000
 0.096750 0.000000 0.000000
 0.098500 0.000000 0.000000
 0.100250 0.000000 0.000000
 0.102000 0.000000 0.000000
 0.103750 0.000000 0.000000
 0.105500 0.000000 0.000000
 0.107250 0.000000 0.000000
 0.109000 0.000000 0.000000
 0.110750 0.000000 0.000000
 0.112500 0.000000 0.000000
 0.114250 0.000000 0.000000
 0.116000 0.000000 0.000000
 0.117750 0.000000 0.000000
 0.119500 0.000000 0.000000
 0.121250 0.000000 0.000000
 0.123000 0.000000 0.000000
 0.124750 0.000000 0.000000
 0.126500 0.000000 0.000000
 0.128250 0.000000 0.000000
 0.130000 0.000000 0.000000
 0.131750 0.000000 0.000000
 0.133500 0.000000 0.000000
 0.135250 0.000000 0.000000
 0.137000 0.000000 0.000000
 0.138750 0.000000 0.000000
 0.140500 0.000000 0.000000
 0.142250 0.000000 0.000000
 0.144000 0.000000 0.000000
 0.145750 0.000000 0.000000
 0.147500 0.000000 0.000000
 0.149250 0.000000 0.000000
 0.151000 0.000000 0.000000
 0.152750 0.000000 0.000000
 0.154500 0.000000 0.000000
 0.156250 0.000000 0.000000
 0.158000 0.000000 0.000000
 0.159750 0.000000 0.000000
 0.161500 0.000000 0.000000
 0.163250 0.000000 0.000000
 0.165000 0.000000 0.000000
 0.166750 0.000000 0.000000
 0.168500 0.000000 0.000000
 0.170250 0.000000 0.000000
 0.172000 0.000000 0.000000
 0.173750 0.000000 0.000000
 0.175500 0.000000 0.000000
 0.177250 0.000000 0.000000
 0.179000 0.000000 0.000000
 0.180750 0.000000 0.000000
 0.182500 0.000000 0.000000
 0.184250 0.000000 0.000000
 0.186000 0.000000 0.000000
 0.187750 0.000000 0.000000
 0.189500 0.000000 0.000000
 0.191250 0.000000 0.000000
 0.193000 0.000000 0.000000
 0.194750 0.000000 0.000000
 0.196500 0.000000 0.000000
 0.198250 0.000000 0.000000
 0.200000 0.000000 0.000000
 0.201750 0.000000 0.000000
 0.203500 0.000000 0.000000
 0.205250 0.000000 0.000000
 0.207000 0.000000 0.000000
 0.208750 0.000000 0.000000
 0.210500 0.000000 0.000000
 0.212250 0.000000 0.000000
 0.214000 0.000000 0.000000
 0.215750 0.000000 0.000000
 0.217500 0.000000 0.000000
 0.219250 0.000000 0.000000
 0.221000 0.000000 0.000000
 0.222750 0.000000 0.000000
 0.224500 0.000000 0.000000
 0.226250 0.000000 0.000000
 0.228000 0.000000 0.000000
 0.229750 0.000000 0.000000
 0.231500 0.000000 0.000000
 0.233250 0.000000 0.000000
 0.235000 0.000000 0.000000
 0.236750 0.000000 0.000000
 0.238500 0.000000 0.000000
 0.240250 0.000000 0.000000
 0.242000 0.000000 0.000000
 0.243750 0.000000 0.000000
 0.245500 0.000000 0.000000
 0.247250 0.000000 0.000000
 0.249000 0.000000 0.000000
 0.250750 0.000000 0.000000
 0.252500 0.000000 0.000000
 0.254250 0.000000 0.000000
 0.256000 0.000000 0.000000
 0.257750 0.000000 0.000000
 0.259500 0.000000 0.000000
 0.261250 0.000000 0.000000
 0.263000 0.000000 0.000000
 0.264750 0.000000 0.000000
 0.266500 0.000000 0.000000
 0.268250 0.000000 0.000000
 0.270000 0.000000 0.000000
 0.271750 0.000000 0.000000
 0.273500 0.000000 0.000000
 0.275250 0.000000 0.000000
 0.277000 0.000000 0.000000
 0.278750 0.000000 0.000000
 0.280500 0.000000 0.000000
 0.282250 0.000000 0.000000
 0.284000 0.000000 0.000000
 0.285750 0.000000 0.000000
 0.287500 0.000000 0.000000
 0.289250 0.000000 0.000000
 0.291000 0.000000 0.000000
 0.292750 0.000000 0.000000
 0.294500 0.000000 0.000000
 0.296250 0.000000 0.000000
 0.298000 0.000000 0.000000
 0.299750 0.000000 0.000000
 0.301500 0.000000 0.000000
 0.303250 0.000000 0.000000
 0.305000 0.000000 0.000000
 0.306750 0.000000 0.000000
 0.308500 0.000000 0.000000
 0.310250 0.000000 0.000000
 0.312000 0.000000 0.000000
 0.313750 0.000000 0.000000
 0.315500 0.000000 0.000000
 0.317250 0.000000 0.000000
 0.319000 0.000000 0.000000
 0.320750 0.000000 0.000000
 0.322500 0.000000 0.000000
 0.324250 0.000000 0.000000
 0.326000 0.000000 0.000000
 0.327750 0.000000 0.000000
 0.329500 0.000000 0.000000
 0.331250 0.000000 0.000000
 0.333000 0.000000 0.000000
 0.334750 0.000000 0.000000
 0.336500 0.000000 0.000000
 0.338250 0.000000 0.000000
 0.340000 0.000000 0.000000
 0.341750 0.000000 0.000000
 0.343500 0.000000 0.000000
 0.345250 0.000000 0.000000
 0.347000 0.000000 0.000000
 0.348750 0.000000 0.000000
 0.350500 0.000000 0.000000
 0.352250 0.000000 0.000000
 0.354000 0.000000 0.000000
 0.355750 0.000000 0.000000
 0.357500 0.000000 0.000000
 0.359250 0.000000 0.000000
 0.361000 0.000000 0.000000
 0.362750 0.000000 0.000000
 0.364500 0.000000 0.000000
 0.366250 0.000000 0.000000
 0.368000 0.000000 0.000000
 0.369750 0.000000 0.000000
 0.371500 0.000000 0.000000
 0.373250 0.000000 0.000000
 0.375000 0.000000 0.000000
 0.376750 0.000000 0.000000
 0.378500 0.000000 0.000000
 0.380250 0.000000 0.000000
 0.382000 0.000000 0.000000
 0.383750 0.000000 0.000000
 0.385500 0.000000 0.000000
 0.387250 0.000000 0.000000
 0.389000 0.000000 0.000000
 0.390750 0.000000 0.000000
 0.392500 0.000000 0.000000
 0.394250 0.000000 0.000000
 0.396000 0.000000 0.000000
 0.397750 0.000000 0.000000
 0.399500 0.000000 0.000000
 0.401250 0.000000 0.000000
 0.403000 0.000000 0.000000
 0.404750 0.000000 0.000000
 0.406500 0.000000 0.000000
 0.408250 0.000000 0.000000
 0.410000 0.000000 0.000000
 0.411750 0.000000 0.000000
 0.413500 0.000000 0.000000
 0.415250 0.000000 0.000000
 0.417000 0.000000 0.000000
 0.418750 0.000000 0.000000
 0.420500 0.000000 0.000000
 0.422250 0.000000 0.000000
 0.424000 0.000000 0.000000
 0.425750 0.000000 0.000000
 0.427500 0.000000 0.000000
 0.429250 0.000000 0.000000
 0.431000 0.000000 0.000000
 0.432750 0.000000 0.000000
 0.434500 0.000000 0.000000
 0.436250 0.000000 0.000000
 0.438000 0.000000 0.000000
 0.439750 0.000000 0.000000
 0.441500 0.000000 0.000000
 0.443250 0.000000 0.000000
 0.445000 0.000000 0.000000
 0.446750 0.000000 0.000000
 0.448500 0.000000 0.000000
 0.450250 0.000000 0.000000
 0.452000 0.000000 0.000000
 0.453750 0.000000 0.000000
 0.455500 0.000000 0.000000
 0.457250 0.000000 0.000000
 0.459000 0.000000 0.000000
 0.460750 0.000000 0.000000
 0.462500 0.000000 0.000000
 0.464250 0.000000 0.000000
 0.466000 0.000000 0.000000
 0.467750 0.000000 0.000000
 0.469500 0.000000 0.000000
 0.471250 0.000000 0.000000
 0.473000 0.000000 0.000000
 0.474750 0.000000 0.000000
 0.476500 0.000000 0.000000
 0.478250 0.000000 0.000000
 0.480000 0.000000 0.000000
 0.481750 0.000000 0.000000
 0.483500 0.000000 0.000000
 0.485250 0.000000 0.000000
 0.487000 0.000000 0.000000
 0.488750 0.000000 0.000000
 0.490500 0.000000 0.000000
 0.492250 0.000000 0.000000
 0.494000 0.000000 0.000000
 0.495750 0.000000 0.000000
 0.497500 0.000000 0.000000
 0.499250 0.000000 0.000000
 0.501000 0.000000 0.000000
 0.502750 0.000000 0.000000
 0.504500 0.000000 0.000000
 0.506250 0.000000 0.000000
 0.508000 0.000000 0.000000
 0.509750 0.000000 0.000000
 0.511500 0.000000 0.000000
 0.513250 0.000000 0.000000
 0.515000 0.000000 0.000000
 0.516750 0.000000 0.000000
 0.518500 0.000000 0.000000
 0.520250 0.000000 0.000000
 0.522000 0.000000 0.000000
 0.523750 0.000000 0.000000
 0.525500 0.000000 0.000000
 0.527250 0.000000 0.000000
 0.529000 0.000000 0.000000
 0.530750 0.000000 0.000000
 0.532500 0.000000 0.000000
 0.534250 0.000000 0.000000
 0.536000 0.000000 0.000000
 0.537750 0.000000 0.000000
 0.539500 0.000000 0.000000
 0.541250 0.000000 0.000000
 0.543000 0.000000 0.000000
 0.544750 0.000000 0.000000
 0.546500 0.000000 0.000000
 0.548250 0.000000 0.000000
 0.550000 0.000000 0.000000
 0.551750 0.000000 0.000000
 0.553500 0.000000 0.000000
 0.555250 0.000000 0.000000
 0.557000 0.000000 0.000000
 0.558750 0.000000 0.000000
 0.560500 0.000000 0.000000
 0.562250 0.000000 0.000000
 0.564000 0.000000 0.000000
 0.565750 0.000000 0.000000
 0.567500 0.000000 0.000000
 0.569250 0.000000 0.000000
 0.571000 0.000000 0.000000
 0.572750 0.000000 0.000000
 0.574500 0.000000 0.000000
 0.576250 0.000000 0.000000
 0.578000 0.000000 0.000000
 0.579750 0.000000 0.000000
 0.581500 0.000000 0.000000
 0.583250 0.000000 0.000000
 0.585000 0.000000 0.000000
 0.586750 0.000000 0.000000
 0.588500 0.000000 0.000000
 0.590250 0.000000 0.000000
 0.592000 0.000000 0.000000
 0.593750 0.000000 0.000000
 0.595500 0.000000 0.000000
 0.597250 0.000000 0.000000
 0.599000 0.000000 0.000000
 0.600750 0.000000 0.000000
 0.602500 0.000000 0.000000
 0.604250 0.000000 0.000000
 0.606000 0.000000 0.000000
 0.607750 0.000000 0.000000
 0.609500 0.000000 0.000000
 0.611250 0.000000 0.000000
 0.613000 0.000000 0.000000
 0.614750 0.000000 0.000000
 0.616500 0.000000 0.000000
 0.618250 0.000000 0.000000
 0.620000 0.000000 0.000000
 0.621750 0.000000 0.000000
 0.623500 0.000000 0.000000
 0.625250 0.000000 0.000000
 0.627000 0.000000 0.000000
 0.628750 0.000000 0.000000
 0.630500 0.000000 0.000000
 0.632250 0.000000 0.000000
 0.634000 0.000000 0.000000
 0.635750 0.000000 0.000000
 0.637500 0.000000 0.000000
 0.639250 0.000000 0.000000
 0.641000 0.000000 0.000000
 0.642750 0.000000 0.000000
 0.644500 0.000000 0.000000
 0.646250 0.000000 0.000000
 0.648000 0.000000 0.000000
 0.649750 0.000000 0.000000
 0.651500 0.000000 0.000000
 0.653250 0.000000 0.000000
 0.655000 0.000000 0.000000
 0.656750 0.000000 0.000000
 0.658500 0.000000 0.000000
 0.660250 0.000000 0.000000
 0.662000 0.000000 0.000000
 0.663750 0.000000 0.000000
 0.665500 0.000000 0.000000
 0.667250 0.000000 0.000000
 0.669000 0.000000 0.000000
 0.670750 0.000000 0.000000
 0.672500 0.000000 0.000000
 0.674250 0.000000 0.000000
 0.676000 0.000000 0.000000
 0.677750 0.000000 0.000000
 0.679500 0.000000 0.000000
 0.681250 0.000000 0.000000
 0.683000 0.000000 0.000000
 0.684750 0.000000 0.000000
 0.686500 0.000000 0.000000
 0.688250 0.000000 0.000000
 0.690000 0.000000 0.000000
 0.691750 0.000000 0.000000
 0.693500 0.000000 0.000000
 0.695250 0.000000 0.000000
 0.697000 0.000000 0.000000
 0.698750 0.000000 0.000000
 0.700500 0.000000 0.000000
 0.702250 0.000000 0.000000
 0.704000 0.000000 0.000000
 0.705750 0.000000 0.000000
 0.707500 0.000000 0.000000
 0.709250 0.000000 0.000000
 0.711000 0.000000 0.000000
 0.712750 0.000000 0.000000
 0.714500 0.000000 0.000000
 0.716250 0.000000 0.000000
 0.718000 0.000000 0.000000
 0.719750 0.000000 0.000000
 0.721500 0.000000 0.000000
 0.723250 0.000000 0.000000
 0.725000 0.000000 0.000000
 0.726750 0.000000 0.000000
 0.728500 0.000000 0.000000
 0.730250 0.000000 0.000000
 0.732000 0.000000 0.000000
 0.733750 0.000000 0.000000
 0.735500 0.000000 0.000000
 0.737250 0.000000 0.000000
 0.739000 0.000000 0.000000
 0.740750 0.000000 0.000000
 0.742500 0.000000 0.000000
 0.744250 0.000000 0.000000
 0.746000 0.000000 0.000000
 0.747750 0.000000 0.000000
 0.749500 0.000000 0.000000
 0.751250 0.000000 0.000000
 0.753000 0.000000 0.000000
 0.754750 0.000000 0.000000
 0.756500 0.000000 0.000000
 0.758250 0.000000 0.000000
 0.760000 0.000000 0.000000
 0.761750 0.000000 0.000000
 0.763500 0.000000 0.000000
 0.765250 0.000000 0.000000
 0.767000 0.000000 0.000000
 0.768750 0.000000 0.000000
 0.770500 0.000000 0.000000
 0.772250 0.000000 0.000000
 0.774000 0.000000 0.000000
 0.775750 0.000000 0.000000
 0.777500 0.000000 0.000000
 0.779250 0.000000 0.000000
 0.781000 0.000000 0.000000
 0.782750 0.000000 0.000000
 0.784500 0.000000 0.000000
 0.786250 0.000000 0.000000
 0.788000 0.000000 0.000000
 0.789750 0.000000 0.000000
 0.791500 0.000000 0.000000
 0.793250 0.000000 0.000000
 0.795000 0.000000 0.000000
 0.796750 0.000000 0.000000
 0.798500 0.000000 0.000000
 0.800250 0.000000 0.000000
 0.802000 0.000000 0.000000
 0.803750 0.000000 0.000000
 0.805500 0.000000 0.000000
 0.807250 0.000000 0.000000
 0.809000 0.000000 0.000000
 0.810750 0.000000 0.000000
 0.812500 0.000000 0.000000
 0.814250 0.000000 0.000000
 0.816000 0.000000 0.000000
 0.817750 0.000000 0.000000
 0.819500 0.000000 0.000000
 0.821250 0.000000 0.000000
 0.823000 0.000000 0.000000
 0.824750 0.000000 0.000000
 0.826500 0.000000 0.000000
 0.828250 0.000000 0.000000
 0.830000 0.000000 0.000000
 0.831750 0.000000 0.000000
 0.833500 0.000000 0.000000
 0.835250 0.000000 0.000000
 0.837000 0.000000 0.000000
 0.838750 0.000000 0.000000
 0.840500 0.000000 0.000000
 0.842250 0.000000 0.000000
 0.844000 0.000000 0.000000
 0.845750 0.000000 0.000000
 0.847500 0.000000 0.000000
 0.849250 0.000000 0.000000
 0.851000 0.000000 0.000000
 0.852750 0.000000 0.000000
 0.854500 0.000000 0.000000
 0.856250 0.000000 0.000000
 0.858000 0.000000 0.000000
 0.859750 0.000000 0.000000
 0.861500 0.000000 0.000000
 0.863250 0.000000 0.000000
 0.865000 0.000000 0.000000
 0.866750 0.000000 0.000000
 0.868500 0.000000 0.000000
 0.870250 0.000000 0.000000
 0.872000 0.000000 0.000000
 0.873750 0.000000 0.000000
 0.875500 0.000000 0.000000
 0.877250 0.000000 0.000000
 0.879000 0.000000 0.000000
 0.880750 0.000000 0.000000
 0.882500 0.000000 0.000000
 0.884250 0.000000 0.000000
 0.886000 0.000000 0.000000
 0.887750 0.000000 0.000000
 0.889500 0.000000 0.000000
 0.891250 0.000000 0.000000
 0.893000 0.000000 0.000000
 0.894750 0.000000 0.000000
 0.896500 0.000000 0.000000
 0.898250 0.000000 0.000000
 0.900000 0.000000 0.000000
 0.901750 0.000000 0.000000
 0.903500 0.000000 0.000000
 0.905250 0.000000 0.000000
 0.907000 0.000000 0.000000
 0.908750 0.000000 0.000000
 0.910500 0.000000 0.000000
 0.912250 0.000000 0.000000
 0.914000 0.000000 0.000000
 0.915750 0.000000 0.000000
 0.917500 0.000000 0.000000
 0.919250 0.000000 0.000000
 0.921000 0.000000 0.000000
 0.922750 0.000000 0.000000
 0.924500 0.000000 0.000000
 0.926250 0.000000 0.000000
 0.928000 0.000000 0.000000
 0.929750 0.000000 0.000000
 0.931500 0.000000 0.000000
 0.933250 0.000000 0.000000
 0.935000 0.000000 0.000000
 0.936750 0.000000 0.000000
 0.938500 0.000000 0.000000
 0.940250 0.000000 0.000000
 0.942000 0.000000 0.000000
 0.943750 0.000000 0.000000
 0.945500 0.000000 0.000000
 0.947250 0.000000 0.000000
 0.949000 0.000000 0.000000
 0.950750 0.000000 0.000000
 0.952500 0.000000 0.000000
 0.954250 0.000000 0.000000
 0.956000 0.000000 0.000000
 0.957750 0.000000 0.000000
 0.959500 0.000000 0.000000
 0.961250 0.000000 0.000000
 0.963000 0.000000 0.000000
 0.964750 0.000000 0.000000
 0.966500 0.000000 0.000000
 0.968250 0.000000 0.000000
 0.970000 0.000000 0.000000
 0.971750 0.000000 0.000000
 0.973500 0.000000 0.000000
 0.975250 0.000000 0.000000
 0.977000 0.000000 0.000000
 0.978750 0.000000 0.000000
 0.980500 0.000000 0.000000
 0.982250 0.000000 0.000000
 0.984000 0.000000 0.000000
 0.985750 0.000000 0.000000
 0.987500 0.000000 0.000000
 0.989250 0.000000 0.000000
 0.991000 0.000000 0.000000
 0.992750 0.000000 0.000000
 0.994500 0.000000 0.000000
 0.996250 0.000000 0.000000
 0.998000 0.000000 0.000000
 0.999750 0.000000 0.000000
 1.001500 0.000000 0.000000
 1.003250 0.000000 0.000000
 1.005000 0.000000 0.000000
 1.006750 0.000000 0.000000
 1.008500 0.000000 0.000000
 1.010250 0.000000 0.000000
 1.012000 0.000000 0.000000
 1.013750 0.000000 0.000000
 1.015500 0.000000 0.000000
 1.017250 0.000000 0.000000
 1.019000 0.000000 0.000000
 1.020750 0.000000 0.000000
 1.022500 0.000000 0.000000
 1.024250 0.000000 0.000000
 1.026000 0.000000 0.000000
 1.027750 0.000000 0.000000
 1.029500 0.000000 0.000000
 1.031250 0.000000 0.000000
 1.033000 0.000000 0.000000
 1.034750 0.000000 0.000000
 1.036500 0.000000 0.000000
 1.038250 0.000000 0.000000
 1.040000 0.000000 0.000000
 1.041750 0.000000 0.000000
 1.043500 0.000000 0.000000
 1.045250 0.000000 0.000000
 1.047000 0.000000 0.000000
 1.048750 0.000000 0.000000
 1.050500 0.000000 0.000000
 1.052250 0.000000 0.000000
 1.054000 0.000000 0.000000
 1.055750 0.000000 0.000000
 1.057500 0.000000 0.000000
 1.059250 0.000000 0.000000
 1.061000 0.000000 0.000000
 1.062750 0.000000 0.000000
 1.064500 0.000000 0.000000
 1.066250 0.000000 0.000000
 1.068000 0.000000 0.000000
 1.069750 0.000000 0.000000
 1.071500 0.000000 0.000000
 1.073250 0.000000 0.000000
 1.075000 0.000000 0.000000
 1.076750 0.000000 0.000000
 1.078500 0.000000 0.000000
 1.080250 0.000000 0.000000
 1.082000 0.000000 0.000000
 1.083750 0.000000 0.000000
 1.085500 0.000000 0.000000
 1.087250 0.000000 0.000000
 1.089000 0.000000 0.000000
 1.090750 0.000000 0.000000
 1.092500 0.000000 0.000000
 1.094250 0.000000 0.000000
 1.096000 0.000000 0.000000
 1.097750 0.000000 0.000000
 1.099500 0.000000 0.000000
 1.101250 0.000000 0.000000
 1.103000 0.000000 0.000000
 1.104750 0.000000 0.000000
 1.106500 0.000000 0.000000
 1.108250 0.000000 0.000000
 1.110000 0.000000 0.000000
 1.111750 0.000000 0.000000
 1.113500 0.000000 0.000000
 1.115250 0.000000 0.000000
 1.117000 0.000000 0.000000
 1.118750 0.000000 0.000000
 1.120500 0.000000 0.000000
 1.122250 0.000000 0.000000
 1.124000 0.000001 0.000292
 1.125750 0.000001 0.000530
 1.127500 0.000003 0.000930
 1.129250 0.000005 0.001579
 1.131000 0.000008 0.002590
 1.132750 0.000014 0.004109
 1.134500 0.000023 0.006297
 1.136250 0.000037 0.009321
 1.138000 0.000056 0.013318
 1.139750 0.000084 0.018353
 1.141500 0.000121 0.024372
 1.143250 0.000170 0.031150
 1.145000 0.000230 0.038261
 1.146750 0.000303 0.045072
 1.148500 0.000388 0.050779
 1.150250 0.000480 0.054494
 1.152000 0.000577 0.055368
 1.153750 0.000672 0.052747
 1.155500 0.000759 0.046314
 1.157250 0.000832 0.036195
 1.159000 0.000884 0.022997
 1.160750 0.000911 0.007760
 1.162500 0.000911 -0.008180
 1.164250 0.000884 -0.023115
 1.166000 0.000831 -0.036026
 1.167750 0.000759 -0.045685
 1.169500 0.000674 -0.051416
 1.171250 0.000582 -0.052996
 1.173000 0.000491 -0.050612
 1.174750 0.000407 -0.044768
 1.176500 0.000336 -0.036144
 1.178250 0.000281 -0.025487
 1.180000 0.000247 -0.013513
 1.181750 0.000234 -0.000884
 1.183500 0.000245 0.012115
 1.185250 0.000277 0.024481
 1.187000 0.000330 0.035802
 1.188750 0.000401 0.045460
 1.190500 0.000488 0.052830
 1.192250 0.000585 0.057361
 1.194000 0.000688 0.059017
 1.195750 0.000790 0.057323
 1.197500 0.000887 0.052813
 1.199250 0.000973 0.046526
 1.201000 0.001047 0.038827
 1.202750 0.001109 0.031424
 1.204500 0.001158 0.025456
 1.206250 0.001199 0.021781
 1.208000 0.001236 0.020787
 1.209750 0.001273 0.022300
 1.211500 0.001318 0.026606
 1.213250 0.001368 0.031380
 1.215000 0.001429 0.036605
 1.216750 0.001497 0.040592
 1.218500 0.001570 0.043107
 1.220250 0.001647 0.044157
 1.222000 0.001725 0.044606
 1.223750 0.001804 0.045315
 1.225500 0.001885 0.047971
 1.227250 0.001974 0.054572
 1.229000 0.002079 0.066066
 1.230750 0.002209 0.083463
 1.232500 0.002375 0.106650
 1.234250 0.002587 0.134956
 1.236000 0.002850 0.165492
 1.237750 0.003166 0.194929
 1.239500 0.003531 0.220837
 1.241250 0.003934 0.237804
 1.243000 0.004357 0.243617
 1.244750 0.004780 0.237010
 1.246500 0.005180 0.218405
 1.248250 0.005540 0.190775
 1.250000 0.005847 0.157992
 1.251750 0.006094 0.124729
 1.253500 0.006288 0.097109
 1.255250 0.006441 0.079318
 1.257000 0.006575 0.074881
 1.258750 0.006711 0.084352
 1.260500 0.006878 0.106626
 1.262250 0.007091 0.138216
 1.264000 0.007366 0.175451
 1.265750 0.007708 0.213281
 1.267500 0.008115 0.247607
 1.269250 0.008573 0.274741
 1.271000 0.009075 0.294201
 1.272750 0.009602 0.305644
 1.274500 0.010143 0.311878
 1.276250 0.010693 0.316618
 1.278000 0.011255 0.324389
 1.279750 0.011841 0.340732
 1.281500 0.012461 0.367363
 1.283250 0.013142 0.408290
 1.285000 0.013908 0.464251
 1.286750 0.014781 0.535719
 1.288500 0.015791 0.619758
 1.290250 0.016960 0.717489
 1.292000 0.018312 0.825851
 1.293750 0.019862 0.942957
 1.295500 0.021627 1.067931
 1.297250 0.023612 1.197818
 1.299000 0.025828 1.330663
 1.300750 0.028285 1.467576
 1.302500 0.030985 1.607201
 1.304250 0.033925 1.746177
 1.306000 0.037110 1.885157
 1.307750 0.040533 2.021720
 1.309500 0.044192 2.155582
 1.311250 0.048085 2.286193
 1.313000 0.052206 2.413972
 1.314750 0.056555 2.545670
 1.316500 0.061132 2.679510
 1.318250 0.065959 2.826379
 1.320000 0.071059 2.991921
 1.321750 0.076468 3.180162
 1.323500 0.082222 3.391817
 1.325250 0.088368 3.624507
 1.327000 0.094938 3.869944
 1.328750 0.101938 4.117727
 1.330500 0.109366 4.354218
 1.332250 0.117187 4.568781
 1.334000 0.125366 4.755932
 1.335750 0.133848 4.916790
 1.337500 0.142589 5.053628
 1.339250 0.151563 5.180624
 1.341000 0.160753 5.306759
 1.342750 0.170177 5.444786
 1.344500 0.179856 5.599358
 1.346250 0.189817 5.773836
 1.348000 0.200114 5.967812
 1.349750 0.210765 6.176651
 1.351500 0.221782 6.393086
 1.353250 0.233195 6.622044
 1.355000 0.245006 6.860134
 1.356750 0.257247 7.113290
 1.358500 0.269949 7.390608
 1.360250 0.283165 7.698604
 1.362000 0.296966 8.046984
 1.363750 0.311422 8.437086
 1.365500 0.326588 8.863820
 1.367250 0.342525 9.319042
 1.369000 0.359254 9.776543
 1.370750 0.376790 10.229627
 1.372500 0.395080 10.646194
 1.374250 0.414086 11.025399
 1.376000 0.433705 11.354512
 1.377750 0.453844 11.629335
 1.379500 0.474430 11.858119
 1.381250 0.495399 12.062242
 1.383000 0.516711 12.256095
 1.384750 0.538381 12.464906
 1.386500 0.560439 12.707449
 1.388250 0.582958 12.991059
 1.390000 0.606012 13.323835
 1.391750 0.629703 13.700089
 1.393500 0.654082 14.119734
 1.395250 0.679233 14.581595
 1.397000 0.705218 15.079668
 1.398750 0.732126 15.625616
 1.400500 0.760052 16.244221
 1.402250 0.789130 16.950818
 1.404000 0.819528 17.760425
 1.405750 0.851445 18.686503
 1.407500 0.885112 19.739032
 1.409250 0.920701 20.895142
 1.411000 0.958396 22.127591
 1.412750 0.998285 23.384621
 1.414500 1.040338 24.607397
 1.416250 1.084457 25.736101
 1.418000 1.130446 26.727829
 1.419750 1.178018 27.536416
 1.421500 1.226827 28.141539
 1.423250 1.276515 28.561218
 1.425000 1.326795 28.817644
 1.426750 1.377431 28.954586
 1.428500 1.428262 29.052824
 1.430250 1.479243 29.147096
 1.432000 1.530454 29.311884
 1.433750 1.582015 29.568921
 1.435500 1.634148 29.946210
 1.437250 1.687036 30.441913
 1.439000 1.740857 31.015861
 1.440750 1.795737 31.631303
 1.442500 1.851704 32.245435
 1.444250 1.908700 32.792270
 1.446000 1.966573 33.254454
 1.447750 2.025158 33.582581
 1.449500 2.084194 33.798499
 1.451250 2.143498 33.892243
 1.453000 2.202888 33.892493
 1.454750 2.262236 33.833609
 1.456500 2.321412 33.744133
 1.458250 2.380463 33.666236
 1.460000 2.439402 33.633387
 1.461750 2.498355 33.673855
 1.463500 2.557420 33.790476
 1.465250 2.616803 34.017051
 1.467000 2.676681 34.358028
 1.468750 2.737249 34.801877
 1.470500 2.798663 35.345792
 1.472250 2.861099 35.963221
 1.474000 2.924698 36.655151
 1.475750 2.989518 37.391721
 1.477500 3.055648 38.150393
 1.479250 3.123136 38.921343
 1.481000 3.191951 39.682919
 1.482750 3.262060 40.429634
 1.484500 3.333480 41.124280
 1.486250 3.406049 41.750655
 1.488000 3.479585 42.246716
 1.489750 3.553847 42.535609
 1.491500 3.628374 42.560685
 1.493250 3.702660 42.269165
 1.495000 3.776095 41.588204
 1.496750 3.847987 40.493895
 1.498500 3.917637 39.020451
 1.500250 3.984426 37.236973
 1.502000 4.047863 35.230093
 1.503750 4.107649 33.148933
 1.505500 4.163842 31.112325
 1.507250 4.216650 29.306138
 1.509000 4.266599 27.817681
 1.510750 4.314289 26.736586
 1.512500 4.360391 26.046471
 1.514250 4.405598 25.688840
 1.516000 4.450362 25.551132
 1.517750 4.494968 25.501471
 1.519500 4.539459 25.364439
 1.521250 4.583521 25.021670
 1.523000 4.626724 24.369456
 1.524750 4.668518 23.397645
 1.526500 4.708312 22.107442
 1.528250 4.745583 20.577616
 1.530000 4.780044 18.911949
 1.531750 4.811549 17.204184
 1.533500 4.840122 15.584965
 1.535250 4.865957 14.103180
 1.537000 4.889351 12.798166
 1.538750 4.910619 11.618076
 1.540500 4.929843 10.543146
 1.542250 4.947226 9.495768
 1.544000 4.962727 8.381992
 1.545750 4.976184 7.153318
 1.547500 4.987411 5.777719
 1.549250 4.996044 4.269532
 1.551000 5.001970 2.653284
 1.552750 5.005007 1.004585
 1.554500 5.005174 -0.591487
 1.556250 5.002674 -2.053686
 1.558000 4.997777 -3.307312
 1.559750 4.990903 -4.289705
 1.561500 4.982523 -4.990094
 1.563250 4.973122 -5.469974
 1.565000 4.963041 -5.793110
 1.566750 4.952421 -6.080153
 1.568500 4.941216 -6.448040
 1.570250 4.929237 -7.041564
 1.572000 4.915930 -7.965159
 1.573750 4.900658 -9.286634
 1.575500 4.882680 -11.025507
 1.577250 4.861322 -13.188420
 1.579000 4.835900 -15.683268
 1.580750 4.805852 -18.420000
 1.582500 4.770891 -21.252631
 1.584250 4.730923 -24.084088
 1.586000 4.686093 -26.778107
 1.587750 4.636751 -29.270825
 1.589500 4.583300 -31.461736
 1.591250 4.526306 -33.307527
 1.593000 4.466387 -34.765004
 1.594750 4.404276 -35.825366
 1.596500 4.340639 -36.498184
 1.598250 4.276187 -36.798634
 1.600000 4.211446 -36.763301
 1.601750 4.147029 -36.485440
 1.603500 4.083290 -36.036191
 1.605250 4.020409 -35.501175
 1.607000 3.958471 -35.017842
 1.608750 3.897234 -34.651936
 1.610500 3.836447 -34.516063
 1.612250 3.775639 -34.637723
 1.614000 3.714387 -35.043116
 1.615750 3.652237 -35.701966
 1.617500 3.588758 -36.516830
 1.619250 3.523780 -37.415701
 1.621000 3.457231 -38.289124
 1.622750 3.389244 -39.006439
 1.624500 3.320201 -39.526139
 1.626250 3.250481 -39.751934
 1.628000 3.180632 -39.684444
 1.629750 3.111149 -39.334113
 1.631500 3.042506 -38.740499
 1.633250 2.975103 -37.958717
 1.635000 2.909166 -37.058873
 1.636750 2.844839 -36.104767
 1.638500 2.782191 -35.179477
 1.640250 2.721094 -34.323637
 1.642000 2.661414 -33.595196
 1.643750 2.602886 -33.023440
 1.645500 2.545223 -32.617433
 1.647250 2.488112 -32.411351
 1.649000 2.431185 -32.399013
 1.650750 2.374074 -32.597751
 1.652500 2.316448 -32.986481
 1.654250 2.257983 -33.531647
 1.656000 2.198492 -34.203690
 1.657750 2.137756 -34.921467
 1.659500 2.075806 -35.628347
 1.661250 2.012660 -36.214446
 1.663000 1.948664 -36.615781
 1.664750 1.884181 -36.754675
 1.666500 1.819759 -36.574966
 1.668250 1.755973 -36.032971
 1.670000 1.693455 -35.121000
 1.671750 1.632826 -33.894775
 1.673500 1.574574 -32.399144
 1.675250 1.519111 -30.760590
 1.677000 1.466553 -29.089263
 1.678750 1.416877 -27.493535
 1.680500 1.369828 -26.093352
 1.682250 1.325002 -24.962441
 1.684000 1.281903 -24.134299
 1.685750 1.240011 -23.604132
 1.687500 1.198825 -23.304097
 1.689250 1.158010 -23.156603
 1.691000 1.117391 -23.067719
 1.692750 1.076940 -22.941136
 1.694500 1.036822 -22.701935
 1.696250 0.997268 -22.309272
 1.698000 0.958556 -21.724937
 1.699750 0.921030 -20.980103
 1.701500 0.884915 -20.102419
 1.703250 0.850405 -19.166899
 1.705000 0.817550 -18.232172
 1.706750 0.786308 -17.356396
 1.708500 0.756497 -16.570139
 1.710250 0.727990 -15.913026
 1.712000 0.700527 -15.366210
 1.713750 0.673947 -14.915490
 1.715500 0.648107 -14.524427
 1.717250 0.622925 -14.148300
 1.719000 0.598426 -13.760638
 1.720750 0.574618 -13.320451
 1.722500 0.551627 -12.830459
 1.724250 0.529518 -12.294447
 1.726000 0.508406 -11.738329
 1.727750 0.488284 -11.164416
 1.729500 0.469156 -10.596736
 1.731250 0.451011 -10.051888
 1.733000 0.433804 -9.539020
 1.734750 0.417466 -9.051002
 1.736500 0.401973 -8.596630
 1.738250 0.387243 -8.158812
 1.740000 0.373271 -7.759872
 1.741750 0.359960 -7.392100
 1.743500 0.347257 -7.074773
 1.745250 0.335048 -6.821853
 1.747000 0.323232 -6.648957
 1.748750 0.311643 -6.542875
 1.750500 0.300181 -6.501192
 1.752250 0.288761 -6.507545
 1.754000 0.277293 -6.514510
 1.755750 0.265843 -6.511967
 1.757500 0.254440 -6.465301
 1.759250 0.243176 -6.348544
 1.761000 0.232189 -6.162791
 1.762750 0.221586 -5.911023
 1.764500 0.211467 -5.610362
 1.766250 0.201898 -5.283833
 1.768000 0.192900 -4.964350
 1.769750 0.184424 -4.669096
 1.771500 0.176441 -4.431433
 1.773250 0.168825 -4.247807
 1.775000 0.161482 -4.123363
 1.776750 0.154305 -4.046073
 1.778500 0.147238 -4.008697
 1.780250 0.140223 -3.985899
 1.782000 0.133250 -3.954990
 1.783750 0.126351 -3.899935
 1.785500 0.119579 -3.803343
 1.787250 0.113019 -3.658399
 1.789000 0.106755 -3.462845
 1.790750 0.100872 -3.224158
 1.792500 0.095440 -2.957540
 1.794250 0.090488 -2.677723
 1.796000 0.086028 -2.402124
 1.797750 0.082032 -2.145876
 1.799500 0.078469 -1.925036
 1.801250 0.075258 -1.738196
 1.803000 0.072337 -1.586820
 1.804750 0.069653 -1.468072
 1.806500 0.067158 -1.371030
 1.808250 0.064819 -1.288034
 1.810000 0.062619 -1.208234
 1.811750 0.060564 -1.128422
 1.813500 0.058652 -1.041343
 1.815250 0.056900 -0.952780
 1.817000 0.055304 -0.861541
 1.818750 0.053860 -0.773723
 1.820500 0.052561 -0.701196
 1.822250 0.051375 -0.646520
 1.824000 0.050269 -0.613197
 1.825750 0.049199 -0.602129
 1.827500 0.048135 -0.613456
 1.829250 0.047036 -0.638016
 1.831000 0.045885 -0.669304
 1.832750 0.044684 -0.702223
 1.834500 0.043426 -0.724840
 1.836250 0.042138 -0.733444
 1.838000 0.040856 -0.726200
 1.839750 0.039602 -0.699001
 1.841500 0.038406 -0.654890
 1.843250 0.037299 -0.602509
 1.845000 0.036291 -0.548774
 1.846750 0.035371 -0.499965
 1.848500 0.034524 -0.464599
 1.850250 0.033725 -0.448171
 1.852000 0.032937 -0.451742
 1.853750 0.032128 -0.473295
 1.855500 0.031270 -0.505723
 1.857250 0.030346 -0.539956
 1.859000 0.029371 -0.569909
 1.860750 0.028355 -0.584403
 1.862500 0.027332 -0.577603
 1.864250 0.026340 -0.546988
 1.866000 0.025420 -0.494327
 1.867750 0.024609 -0.425371
 1.869500 0.023927 -0.350095
 1.871250 0.023375 -0.276352
 1.873000 0.022942 -0.217136
 1.874750 0.022595 -0.180351
 1.876500 0.022290 -0.170945
 1.878250 0.021975 -0.192255
 1.880000 0.021598 -0.242013
 1.881750 0.021111 -0.312265
 1.883500 0.020489 -0.397479
 1.885250 0.019716 -0.484869
 1.887000 0.018795 -0.564576
 1.888750 0.017747 -0.626082
 1.890500 0.016614 -0.663545
 1.892250 0.015436 -0.670859
 1.894000 0.014272 -0.648862
 1.895750 0.013172 -0.601088
 1.897500 0.012177 -0.530727
 1.899250 0.011319 -0.444232
 1.901000 0.010623 -0.350240
 1.902750 0.010093 -0.256006
 1.904500 0.009723 -0.168031
 1.906250 0.009495 -0.092828
 1.908000 0.009383 -0.035030
 1.909750 0.009359 0.002679
 1.911500 0.009380 0.018817
 1.913250 0.009411 0.014954
 1.915000 0.009419 -0.005653
 1.916750 0.009381 -0.039274
 1.918500 0.009275 -0.079640
 1.920250 0.009097 -0.120958
 1.922000 0.008849 -0.157714
 1.923750 0.008545 -0.184856
 1.925500 0.008205 -0.197850
 1.927250 0.007857 -0.196459
 1.929000 0.007525 -0.179953
 1.930750 0.007234 -0.150146
 1.932500 0.007004 -0.112093
 1.934250 0.006842 -0.071234
 1.936000 0.006750 -0.034544
 1.937750 0.006714 -0.007785
 1.939500 0.006713 0.003969
 1.941250 0.006718 -0.001353
 1.943000 0.006698 -0.022893
 1.944750 0.006629 -0.058123
 1.946500 0.006489 -0.100631
 1.948250 0.006274 -0.144524
 1.950000 0.005988 -0.181927
 1.951750 0.005642 -0.206649
 1.953500 0.005268 -0.216847
 1.955250 0.004891 -0.210771
 1.957000 0.004539 -0.189301
 1.958750 0.004235 -0.156768
 1.960500 0.003992 -0.117284
 1.962250 0.003821 -0.077533
 1.964000 0.003717 -0.042233
 1.965750 0.003667 -0.014475
 1.967500 0.003658 0.002380
 1.969250 0.003668 0.008430
 1.971000 0.003680 0.003285
 1.972750 0.003674 -0.010781
 1.974500 0.003638 -0.031409
 1.976250 0.003562 -0.055891
 1.978000 0.003442 -0.081536
 1.979750 0.003277 -0.105557
 1.981500 0.003072 -0.126993
 1.983250 0.002834 -0.143501
 1.985000 0.002570 -0.153948
 1.986750 0.002294 -0.160259
 1.988500 0.002012 -0.160779
 1.990250 0.001734 -0.156032
 1.992000 0.001469 -0.146702
 1.993750 0.001223 -0.133561
 1.995500 0.001003 -0.117418
 1.997250 0.000813 -0.099079
 1.999000 0.000657 -0.079319
 2.000750 0.000535 -0.058541
 2.002500 0.000451 -0.038237
 2.004250 0.000401 -0.018529
 2.006000 0.000385 -0.000108
 2.007750 0.000399 0.016602
 2.009500 0.000440 0.030176
 2.011250 0.000502 0.040373
 2.013000 0.000578 0.046898
 2.014750 0.000661 0.048639
 2.016500 0.000744 0.045336
 2.018250 0.000817 0.037650
 2.020000 0.000874 0.026193
 2.021750 0.000908 0.012298
 2.023500 0.000916 -0.003012
 2.025250 0.000897 -0.017786
 2.027000 0.000854 -0.031064
 2.028750 0.000790 -0.041167
 2.030500 0.000712 -0.047211
 2.032250 0.000628 -0.048765
 2.034000 0.000544 -0.045859
 2.035750 0.000470 -0.038926
 2.037500 0.000410 -0.028704
 2.039250 0.000371 -0.016136
 2.041000 0.000354 -0.002277
 2.042750 0.000363 0.011762
 2.044500 0.000395 0.024865
 2.046250 0.000449 0.035952
 2.048000 0.000519 0.044036
 2.049750 0.000600 0.048303
 2.051500 0.000686 0.048209
 2.053250 0.000766 0.043587
 2.055000 0.000836 0.034715
 2.056750 0.000886 0.022337
 2.058500 0.000912 0.007604
 2.060250 0.000911 -0.007708
 2.062000 0.000884 -0.022950
 2.063750 0.000832 -0.036157
 2.065500 0.000759 -0.046287
 2.067250 0.000672 -0.052733
 2.069000 0.000577 -0.055366
 2.070750 0.000480 -0.054502
 2.072500 0.000388 -0.050795
 2.074250 0.000304 -0.045093
 2.076000 0.000231 -0.038284
 2.077750 0.000170 -0.031173
 2.079500 0.000121 -0.024393
 2.081250 0.000084 -0.018371
 2.083000 0.000057 -0.013333
 2.084750 0.000037 -0.009333
 2.086500 0.000023 -0.006306
 2.088250 0.000014 -0.004115
 2.090000 0.000008 -0.002594
 2.091750 0.000005 -0.001581
 2.093500 0.000003 -0.000932
 2.095250 0.000001 -0.000531
 2.097000 0.000000 0.000000
 2.098750 0.000000 0.000000
 2.100500 0.000000 0.000000
 2.102250 0.000000 0.000000
 2.104000 0.000000 0.000000
 2.105750 0.000000 0.000000
 2.107500 0.000000 0.000000
 2.109250 0.000000 0.000000
 2.111000 0.000000 0.000000
 2.112750 0.000000 0.000000
 2.114500 0.000000 0.000000
 2.116250 0.000000 0.000000
 2.118000 0.000000 0.000000
 2.119750 0.000000 0.000000
 2.121500 0.000000 0.000000
 2.123250 0.000000 0.000000
 2.125000 0.000000 0.000000
 2.126750 0.000000 0.000000
 2.128500 0.000000 0.000000
 2.130250 0.000000 0.000000
 2.132000 0.000000 0.000000
 2.133750 0.000000 0.000000
 2.135500 0.000000 0.000000
 2.137250 0.000000 0.000000
 2.139000 0.000000 0.000000
 2.140750 0.000000 0.000000
 2.142500 0.000000 0.000000
 2.144250 0.000000 0.000000
 2.146000 0.000000 0.000000
 2.147750 0.000000 0.000000
 2.149500 0.000000 0.000000
 2.151250 0.000000 0.000000
 2.153000 0.000000 0.000000
 2.154750 0.000000 0.000000
 2.156500 0.000000 0.000000
 2.158250 0.000000 0.000000
 2.160000 0.000000 0.000000
 2.161750 0.000000 0.000000
 2.163500 0.000000 0.000000
 2.165250 0.000000 0.000000
 2.167000 0.000000 0.000000
 2.168750 0.000000 0.000000
 2.170500 0.000000 0.000000
 2.172250 0.000000 0.000000
 2.174000 0.000000 0.000000
 2.175750 0.000000 0.000000
 2.177500 0.000000 0.000000
 2.179250 0.000000 0.000000
 2.181000 0.000000 0.000000
 2.182750 0.000000 0.000000
 2.184500 0.000000 0.000000
 2.186250 0.000000 0.000000
 2.188000 0.000000 0.000000
 2.189750 0.000000 0.000000
 2.191500 0.000000 0.000000
 2.193250 0.000000 0.000000
 2.195000 0.000000 0.000000
 2.196750 0.000000 0.000000
 2.198500 0.000000 0.000000
 2.200250 0.000000 0.000000
 2.202000 0.000000 0.000000
 2.203750 0.000000 0.000000
 2.205500 0.000000 0.000000
 2.207250 0.000000 0.000000
 2.209000 0.000000 0.000000
 2.210750 0.000000 0.000000
 2.212500 0.000000 0.000000
 2.214250 0.000000 0.000000
 2.216000 0.000000 0.000000
 2.217750 0.000000 0.000000
 2.219500 0.000000 0.000000
 2.221250 0.000000 0.000000
 2.223000 0.000000 0.000000
 2.224750 0.000000 0.000000
 2.226500 0.000000 0.000000
 2.228250 0.000000 0.000000
 2.230000 0.000000 0.000000
 2.231750 0.000000 0.000000
 2.233500 0.000000 0.000000
 2.235250 0.000000 0.000000
 2.237000 0.000000 0.000000
 2.238750 0.000000 0.000000
 2.240500 0.000000 0.000000
 2.242250 0.000000 0.000000
 2.244000 0.000000 0.000000
 2.245750 0.000000 0.000000
 2.247500 0.000000 0.000000
 2.249250 0.000000 0.000000
 2.251000 0.000000 0.000000
 2.252750 0.000000 0.000000
 2.254500 0.000000 0.000000
 2.256250 0.000000 0.000000
 2.258000 0.000000 0.000000
 2.259750 0.000000 0.000000
 2.261500 0.000000 0.000000
 2.263250 0.000000 0.000000
 2.265000 0.000000 0.000000
 2.266750 0.000000 0.000000
 2.268500 0.000000 0.000000
 2.270250 0.000000 0.000000
 2.272000 0.000000 0.000000
 2.273750 0.000000 0.000000
 2.275500 0.000000 0.000000
 2.277250 0.000000 0.000000
 2.279000 0.000000 0.000000
 2.280750 0.000000 0.000000
 2.282500 0.000000 0.000000
 2.284250 0.000000 0.000000
 2.286000 0.000000 0.000000
 2.287750 0.000000 0.000000
 2.289500 0.000000 0.000000
 2.291250 0.000000 0.000000
 2.293000 0.000000 0.000000
 2.294750 0.000000 0.000000
 2.296500 0.000000 0.000000
 2.298250 0.000000 0.000000
 2.300000 0.000000 0.000000
 2.301750 0.000000 0.000000
 2.303500 0.000000 0.000000
 2.305250 0.000000 0.000000
 2.307000 0.000000 0.000000
 2.308750 0.000000 0.000000
 2.310500 0.000000 0.000000
 2.312250 0.000000 0.000000
 2.314000 0.000000 0.000000
 2.315750 0.000000 0.000000
 2.317500 0.000000 0.000000
 2.319250 0.000000 0.000000
 2.321000 0.000000 0.000000
 2.322750 0.000000 0.000000
 2.324500 0.000000 0.000000
 2.326250 0.000000 0.000000
 2.328000 0.000000 0.000000
 2.329750 0.000000 0.000000
 2.331500 0.000000 0.000000
 2.333250 0.000000 0.000000
 2.335000 0.000000 0.000000
 2.336750 0.000000 0.000000
 2.338500 0.000000 0.000000
 2.340250 0.000000 0.000000
 2.342000 0.000000 0.000000
 2.343750 0.000000 0.000000
 2.345500 0.000000 0.000000
 2.347250 0.000000 0.000000
 2.349000 0.000000 0.000000
 2.350750 0.000000 0.000000
 2.352500 0.000000 0.000000
 2.354250 0.000000 0.000000
 2.356000 0.000000 0.000000
 2.357750 0.000000 0.000000
 2.359500 0.000000 0.000000
 2.361250 0.000000 0.000000
 2.363000 0.000000 0.000000
 2.364750 0.000000 0.000000
 2.366500 0.000000 0.000000
 2.368250 0.000000 0.000000
 2.370000 0.000000 0.000000
 2.371750 0.000000 0.000000
 2.373500 0.000000 0.000000
 2.375250 0.000000 0.000000
 2.377000 0.000000 0.000000
 2.378750 0.000000 0.000000
 2.380500 0.000000 0.000000
 2.382250 0.000000 0.000000
 2.384000 0.000000 0.000000
 2.385750 0.000000 0.000000
 2.387500 0.000000 0.000000
 2.389250 0.000000 0.000000
 2.391000 0.000000 0.000000
 2.392750 0.000000 0.000000
 2.394500 0.000000 0.000000
 2.396250 0.000000 0.000000
 2.398000 0.000000 0.000000
 2.399750 0.000000 0.000000
 2.401500 0.000000 0.000000
 2.403250 0.000000 0.000000
 2.405000 0.000000 0.000000
 2.406750 0.000000 0.000000
 2.408500 0.000000 0.000000
 2.410250 0.000000 0.000000
 2.412000 0.000000 0.000000
 2.413750 0.000000 0.000000
 2.415500 0.000000 0.000000
 2.417250 0.000000 0.000000
 2.419000 0.000000 0.000000
 2.420750 0.000000 0.000000
 2.422500 0.000000 0.000000
 2.424250 0.000000 0.000000
 2.426000 0.000000 0.000000
 2.427750 0.000000 0.000000
 2.429500 0.000000 0.000000
 2.431250 0.000000 0.000000
 2.433000 0.000000 0.000000
 2.434750 0.000000 0.000000
 2.436500 0.000000 0.000000
 2.438250 0.000000 0.000000
 2.440000 0.000000 0.000000
 2.441750 0.000000 0.000000
 2.443500 0.000000 0.000000
 2.445250 0.000000 0.000000
 2.447000 0.000000 0.000000
 2.448750 0.000000 0.000000
 2.450500 0.000000 0.000000
 2.452250 0.000000 0.000000
 2.454000 0.000000 0.000000
 2.455750 0.000000 0.000000
 2.457500 0.000000 0.000000
 2.459250 0.000000 0.000000
 2.461000 0.000000 0.000000
 2.462750 0.000000 0.000000
 2.464500 0.000000 0.000000
 2.466250 0.000000 0.000000
 2.468000 0.000000 0.000000
 2.469750 0.000000 0.000000
 2.471500 0.000000 0.000000
 2.473250 0.000000 0.000000
 2.475000 0.000000 0.000000
 2.476750 0.000000 0.000000
 2.478500 0.000000 0.000000
 2.480250 0.000000 0.000000
 2.482000 0.000000 0.000000
 2.483750 0.000000 0.000000
 2.485500 0.000000 0.000000
 2.487250 0.000000 0.000000
 2.489000 0.000000 0.000000
 2.490750 0.000000 0.000000
 2.492500 0.000000 0.000000
 2.494250 0.000000 0.000000
 2.496000 0.000000 0.000000
 2.497750 0.000000 0.000000
 2.499500 0.000000 0.000000
 2.501250 0.000000 0.000000
 2.503000 0.000000 0.000000
 2.504750 0.000000 0.000000
 2.506500 0.000000 0.000000
 2.508250 0.000000 0.000000
 2.510000 0.000000 0.000000
 2.511750 0.000000 0.000000
 2.513500 0.000000 0.000000
 2.515250 0.000000 0.000000
 2.517000 0.000000 0.000000
 2.518750 0.000000 0.000000
 2.520500 0.000000 0.000000
 2.522250 0.000000 0.000000
 2.524000 0.000000 0.000000
 2.525750 0.000000 0.000000
 2.527500 0.000000 0.000000
 2.529250 0.000000 0.000000
 2.531000 0.000000 0.000000
 2.532750 0.000000 0.000000
 2.534500 0.000000 0.000000
 2.536250 0.000000 0.000000
 2.538000 0.000000 0.000000
 2.539750 0.000000 0.000000
 2.541500 0.000000 0.000000
 2.543250 0.000000 0.000000
 2.545000 0.000000 0.000000
 2.546750 0.000000 0.000000
 2.548500 0.000000 0.000000
 2.550250 0.000000 0.000000
 2.552000 0.000000 0.000000
 2.553750 0.000000 0.000000
 2.555500 0.000000 0.000000
 2.557250 0.000000 0.000000
 2.559000 0.000000 0.000000
 2.560750 0.000000 0.000000
 2.562500 0.000000 0.000000
 2.564250 0.000000 0.000000
 2.566000 0.000000 0.000000
 2.567750 0.000000 0.000000
 2.569500 0.000000 0.000000
 2.571250 0.000000 0.000000
 2.573000 0.000000 0.000000
 2.574750 0.000000 0.000000
 2.576500 0.000000 0.000000
 2.578250 0.000000 0.000000
 2.580000 0.000000 0.000000
 2.581750 0.000000 0.000000
 2.583500 0.000000 0.000000
 2.585250 0.000000 0.000000
 2.587000 0.000000 0.000000
 2.588750 0.000000 0.000000
 2.590500 0.000000 0.000000
 2.592250 0.000000 0.000000
 2.594000 0.000000 0.000000
 2.595750 0.000000 0.000000
 2.597500 0.000000 0.000000
 2.599250 0.000000 0.000000
 2.601000 0.000000 0.000000
 2.602750 0.000000 0.000000
 2.604500 0.000000 0.000000
 2.606250 0.000000 0.000000
 2.608000 0.000000 0.000000
 2.609750 0.000000 0.000000
 2.611500 0.000000 0.000000
 2.613250 0.000000 0.000000
 2.615000 0.000000 0.000000
 2.616750 0.000000 0.000000
 2.618500 0.000000 0.000000
 2.620250 0.000000 0.000000
 2.622000 0.000000 0.000000
 2.623750 0.000000 0.000000
 2.625500 0.000000 0.000000
 2.627250 0.000000 0.000000
 2.629000 0.000000 0.000000
 2.630750 0.000000 0.000000
 2.632500 0.000000 0.000000
 2.634250 0.000000 0.000000
 2.636000 0.000000 0.000000
 2.637750 0.000000 0.000000
 2.639500 0.000000 0.000000
 2.641250 0.000000 0.000000
 2.643000 0.000000 0.000000
 2.644750 0.000000 0.000000
 2.646500 0.000000 0.000000
 2.648250 0.000000 0.000000
 2.650000 0.000000 0.000000
 2.651750 0.000000 0.000000
 2.653500 0.000000 0.000000
 2.655250 0.000000 0.000000
 2.657000 0.000000 0.000000
 2.658750 0.000000 0.000000
 2.660500 0.000000 0.000000
 2.662250 0.000000 0.000000
 2.664000 0.000000 0.000000
 2.665750 0.000000 0.000000
 2.667500 0.000000 0.000000
 2.669250 0.000000 0.000000
 2.671000 0.000000 0.000000
 2.672750 0.000000 0.000000
 2.674500 0.000000 0.000000
 2.676250 0.000000 0.000000
 2.678000 0.000000 0.000000
 2.679750 0.000000 0.000000
 2.681500 0.000000 0.000000
 2.683250 0.000000 0.000000
 2.685000 0.000000 0.000000
 2.686750 0.000000 0.000000
 2.688500 0.000000 0.000000
 2.690250 0.000000 0.000000
 2.692000 0.000000 0.000000
 2.693750 0.000000 0.000000
 2.695500 0.000000 0.000000
 2.697250 0.000000 0.000000
 2.699000 0.000000 0.000000
 2.700750 0.000000 0.000000
 2.702500 0.000000 0.000000
 2.704250 0.000000 0.000000
 2.706000 0.000000 0.000000
 2.707750 0.000000 0.000000
 2.709500 0.000000 0.000000
 2.711250 0.000000 0.000000
 2.713000 0.000000 0.000000
 2.714750 0.000000 0.000000
 2.716500 0.000000 0.000000
 2.718250 0.000000 0.000000
 2.720000 0.000000 0.000000
 2.721750 0.000000 0.000000
 2.723500 0.000000 0.000000
 2.725250 0.000000 0.000000
 2.727000 0.000000 0.000000
 2.728750 0.000000 0.000000
 2.730500 0.000000 0.000000
 2.732250 0.000000 0.000000
 2.734000 0.000000 0.000000
 2.735750 0.000000 0.000000
 2.737500 0.000000 0.000000
 2.739250 0.000000 0.000000
 2.741000 0.000000 0.000000
 2.742750 0.000000 0.000000
 2.744500 0.000000 0.000000
 2.746250 0.000000 0.000000
 2.748000 0.000000 0.000000
 2.749750 0.000000 0.000000
 2.751500 0.000000 0.000000
 2.753250 0.000000 0.000000
 2.755000 0.000000 0.000000
 2.756750 0.000000 0.000000
 2.758500 0.000000 0.000000
 2.760250 0.000000 0.000000
 2.762000 0.000000 0.000000
 2.763750 0.000000 0.000000
 2.765500 0.000000 0.000000
 2.767250 0.000000 0.000000
 2.769000 0.000000 0.000000
 2.770750 0.000000 0.000000
 2.772500 0.000000 0.000000
 2.774250 0.000000 0.000000
 2.776000 0.000000 0.000000
 2.777750 0.000000 0.000000
 2.779500 0.000000 0.000000
 2.781250 0.000000 0.000000
 2.783000 0.000000 0.000000
 2.784750 0.000000 0.000000
 2.786500 0.000000 0.000000
 2.788250 0.000000 0.000000
 2.790000 0.000000 0.000000
 2.791750 0.000000 0.000000
 2.793500 0.000000 0.000000
 2.795250 0.000000 0.000000
 2.797000 0.000000 0.000000
 2.798750 0.000000 0.000000
 2.800500 0.000000 0.000000
 2.802250 0.000000 0.000000
 2.804000 0.000000 0.000000
 2.805750 0.000000 0.000000
 2.807500 0.000000 0.000000
 2.809250 0.000000 0.000000
 2.811000 0.000000 0.000000
 2.812750 0.000000 0.000000
 2.814500 0.000000 0.000000
 2.816250 0.000000 0.000000
 2.818000 0.000000 0.000000
 2.819750 0.000000 0.000000
 2.821500 0.000000 0.000000
 2.823250 0.000000 0.000000
 2.825000 0.000000 0.000000
 2.826750 0.000000 0.000000
 2.828500 0.000000 0.000000
 2.830250 0.000000 0.000000
 2.832000 0.000000 0.000000
 2.833750 0.000000 0.000000
 2.835500 0.000000 0.000000
 2.837250 0.000000 0.000000
 2.839000 0.000000 0.000000
 2.840750 0.000000 0.000000
 2.842500 0.000000 0.000000
 2.844250 0.000000 0.000000
 2.846000 0.000000 0.000000
 2.847750 0.000000 0.000000
 2.849500 0.000000 0.000000
 2.851250 0.000000 0.000000
 2.853000 0.000000 0.000000
 2.854750 0.000000 0.000000
 2.856500 0.000000 0.000000
 2.858250 0.000000 0.000000
 2.860000 0.000000 0.000000
 2.861750 0.000000 0.000000
 2.863500 0.000000 0.000000
 2.865250 0.000000 0.000000
 2.867000 0.000000 0.000000
 2.868750 0.000000 0.000000
 2.870500 0.000000 0.000000
 2.872250 0.000000 0.000000
 2.874000 0.000000 0.000000
 2.875750 0.000000 0.000000
 2.877500 0.000000 0.000000
 2.879250 0.000000 0.000000
 2.881000 0.000000 0.000000
 2.882750 0.000000 0.000000
 2.884500 0.000000 0.000000
 2.886250 0.000000 0.000000
 2.888000 0.000000 0.000000
 2.889750 0.000000 0.000000
 2.891500 0.000000 0.000000
 2.893250 0.000000 0.000000
 2.895000 0.000000 0.000000
 2.896750 0.000000 0.000000
 2.898500 0.000000 0.000000
 2.900250 0.000000 0.000000
 2.902000 0.000000 0.000000
 2.903750 0.000000 0.000000
 2.905500 0.000000 0.000000
 2.907250 0.000000 0.000000
 2.909000 0.000000 0.000000
 2.910750 0.000000 0.000000
 2.912500 0.000000 0.000000
 2.914250 0.000000 0.000000
 2.916000 0.000000 0.000000
 2.917750 0.000000 0.000000
 2.919500 0.000000 0.000000
 2.921250 0.000000 0.000000
 2.923000 0.000000 0.000000
 2.924750 0.000000 0.000000
 2.926500 0.000000 0.000000
 2.928250 0.000000 0.000000
 2.930000 0.000000 0.000000
 2.931750 0.000000 0.000000
 2.933500 0.000000 0.000000
 2.935250 0.000000 0.000000
 2.937000 0.000000 0.000000
 2.938750 0.000000 0.000000
 2.940500 0.000000 0.000000
 2.942250 0.000000 0.000000
 2.944000 0.000000 0.000000
 2.945750 0.000000 0.000000
 2.947500 0.000000 0.000000
 2.949250 0.000000 0.000000
 2.951000 0.000000 0.000000
 2.952750 0.000000 0.000000
 2.954500 0.000000 0.000000
 2.956250 0.000000 0.000000
 2.958000 0.000000 0.000000
 2.959750 0.000000 0.000000
 2.961500 0.000000 0.000000
 2.963250 0.000000 0.000000
 2.965000 0.000000 0.000000
 2.966750 0.000000 0.000000
 2.968500 0.000000 0.000000
 2.970250 0.000000 0.000000
 2.972000 0.000000 0.000000
 2.973750 0.000000 0.000000
 2.975500 0.000000 0.000000
 2.977250 0.000000 0.000000
 2.979000 0.000000 0.000000
 2.980750 0.000000 0.000000
 2.982500 0.000000 0.000000
 2.984250 0.000000 0.000000
 2.986000 0.000000 0.000000
 2.987750 0.000000 0.000000
 2.989500 0.000000 0.000000
 2.991250 0.000000 0.000000
 2.993000 0.000000 0.000000
 2.994750 0.000000 0.000000
 2.996500 0.000000 0.000000
 2.998250 0.000000 0.000000
 3.000000 0.000000 0.000000
