#! FIELDS time refcv.mean refcv.morethan
 20.000000 0.320516 15.612853
 25.000000 0.341880 26.340169
 30.000000 0.343679 23.815576
 35.000000 0.328081 16.455756
 40.000000 0.342407 24.081046
 45.000000 0.333283 22.747913
 50.000000 0.335865 24.037224
 55.000000 0.348439 25.366663
 60.000000 0.331166 22.499674
 65.000000 0.333955 21.408869
 70.000000 0.333113 22.534934
 75.000000 0.334488 21.459834
 80.000000 0.341697 28.450390
 85.000000 0.347793 23.217953
 90.000000 0.347625 26.529103
 95.000000 0.338110 24.280622
 100.000000 0.340032 23.652616
 105.000000 0.344424 25.864368
 110.000000 0.344137 27.596696
 115.000000 0.334553 27.119622
 120.000000 0.349384 27.701960
 125.000000 0.348233 25.795240
 130.000000 0.343897 25.427666
 135.000000 0.349956 26.376232
 140.000000 0.331262 20.444301
 145.000000 0.333048 22.662075
 150.000000 0.337668 22.320281
 155.000000 0.353780 30.466278
 160.000000 0.345246 24.608308
 165.000000 0.347838 27.062505
 170.000000 0.331003 20.404326
 175.000000 0.345013 28.509667
 180.000000 0.340444 26.536345
 185.000000 0.345634 25.191137
 190.000000 0.323206 16.608928
 195.000000 0.338200 21.676930
 200.000000 0.339132 19.520525
 205.000000 0.339182 21.452232
 210.000000 0.353491 33.807835
 215.000000 0.340158 24.614935
 220.000000 0.332523 20.370763
 225.000000 0.341042 23.925229
 230.000000 0.342121 25.851985
 235.000000 0.328724 18.627213
 240.000000 0.330059 21.272321
 245.000000 0.330280 19.561877
 250.000000 0.321401 17.896834
 255.000000 0.321279 15.832821
 260.000000 0.337823 22.638155
 265.000000 0.348865 27.618395
 270.000000 0.325012 19.467849
 275.000000 0.328747 23.487419
 280.000000 0.339986 27.065019
 285.000000 0.323612 16.661129
 290.000000 0.334137 18.768457
 295.000000 0.339794 23.851516
 300.000000 0.331577 20.421045
 305.000000 0.325288 21.135743
 310.000000 0.340648 25.909851
 315.000000 0.338022 23.808838
 320.000000 0.337671 20.068730
 325.000000 0.336086 21.553195
 330.000000 0.321849 19.108494
 335.000000 0.335539 23.367718
 340.000000 0.340931 24.141234
 345.000000 0.332536 20.470202
 350.000000 0.336108 25.942445
 355.000000 0.334602 24.782820
 360.000000 0.339331 25.509039
 365.000000 0.337898 23.662201
 370.000000 0.332553 20.411108
 375.000000 0.326127 18.830877
 380.000000 0.337883 21.028778
 385.000000 0.338518 25.188601
 390.000000 0.337172 23.070641
 395.000000 0.341637 22.187689
 400.000000 0.334150 22.387392
 405.000000 0.330033 20.493996
 410.000000 0.335496 20.447471
 415.000000 0.333265 20.659860
 420.000000 0.330856 21.641841
 425.000000 0.329850 18.070821
 430.000000 0.327529 18.987118
 435.000000 0.326977 19.610293
 440.000000 0.328536 19.574012
 445.000000 0.342645 24.981697
 450.000000 0.335208 23.104670
 455.000000 0.340280 24.075464
 460.000000 0.339876 22.201491
 465.000000 0.337443 25.636645
 470.000000 0.330521 19.624421
 475.000000 0.338874 24.561857
 480.000000 0.349812 30.206302
 485.000000 0.344582 25.758005
 490.000000 0.336355 24.216896
 495.000000 0.338383 19.407232
 500.000000 0.338180 26.262512
 505.000000 0.333526 20.461573
 510.000000 0.333720 23.938856
 515.000000 0.338297 25.666676
 520.000000 0.335850 22.864299
 525.000000 0.323856 17.622299
 530.000000 0.337935 22.466952
 535.000000 0.335481 26.154087
 540.000000 0.334921 19.407642
 545.000000 0.344315 23.598890
 550.000000 0.349555 26.084840
 555.000000 0.327242 19.837838
 560.000000 0.329068 18.591570
 565.000000 0.331087 20.663294
 570.000000 0.344928 26.397949
 575.000000 0.337337 21.385709
 580.000000 0.336294 25.199624
 585.000000 0.341435 25.000120
 590.000000 0.338840 23.304623
 595.000000 0.331868 26.056187
 600.000000 0.333663 21.730317
 605.000000 0.330725 19.025472
 610.000000 0.310308 14.959428
 615.000000 0.342408 28.301376
 620.000000 0.337215 24.400196
 625.000000 0.335900 22.140600
 630.000000 0.344086 24.267635
 635.000000 0.342512 29.306773
 640.000000 0.333516 22.135705
 645.000000 0.338145 20.014479
 650.000000 0.334076 24.055396
 655.000000 0.341524 22.805406
 660.000000 0.332938 20.334450
 665.000000 0.334888 22.969549
 670.000000 0.336354 22.451350
 675.000000 0.324306 18.757101
 680.000000 0.336996 28.004156
 685.000000 0.341237 25.756314
 690.000000 0.341479 26.446762
 695.000000 0.325621 19.101353
 700.000000 0.329221 19.519929
 705.000000 0.333990 19.709053
 710.000000 0.345988 29.996267
 715.000000 0.334942 20.309294
 720.000000 0.326787 20.381948
 725.000000 0.336597 20.255595
 730.000000 0.345199 28.692152
 735.000000 0.344984 25.807010
 740.000000 0.330257 22.639308
 745.000000 0.335493 20.032320
 750.000000 0.333906 20.190374
 755.000000 0.332413 22.583519
 760.000000 0.332309 21.749164
 765.000000 0.346397 28.080342
 770.000000 0.331354 19.791423
 775.000000 0.352699 28.412230
 780.000000 0.337158 23.762936
 785.000000 0.343495 27.468660
 790.000000 0.344687 28.546615
 795.000000 0.348393 27.506246
 800.000000 0.343642 24.268497
 805.000000 0.338259 21.366782
 810.000000 0.333830 25.161900
 815.000000 0.347431 27.874209
 820.000000 0.341932 23.289984
 825.000000 0.336746 24.645038
 830.000000 0.318617 15.796756
 835.000000 0.318064 16.087639
 840.000000 0.335892 22.559469
 845.000000 0.316051 15.800886
 850.000000 0.325086 17.503522
 855.000000 0.329186 20.194779
 860.000000 0.333409 20.987546
 865.000000 0.329407 22.066542
 870.000000 0.333578 20.118437
 875.000000 0.336696 23.342838
 880.000000 0.337090 20.793997
 885.000000 0.329249 22.332626
 890.000000 0.333391 19.779543
 895.000000 0.329169 21.694442
 900.000000 0.329582 24.037021
 905.000000 0.333809 21.763902
 910.000000 0.340085 23.231945
 915.000000 0.333076 20.534767
 920.000000 0.338082 26.675503
 925.000000 0.342675 27.972345
 930.000000 0.340158 26.753130
 935.000000 0.327214 20.548023
 940.000000 0.345407 26.280961
 945.000000 0.350532 28.873967
 950.000000 0.361821 33.953779
 955.000000 0.350178 25.641901
 960.000000 0.337762 24.546088
 965.000000 0.336393 22.330194
 970.000000 0.342933 22.406935
 975.000000 0.348131 28.628938
 980.000000 0.343647 26.858626
 985.000000 0.330737 20.439743
 990.000000 0.326494 18.226419
 995.000000 0.330056 18.716395
 1000.000000 0.337710 21.652118
