#! FIELDS time refcv.mean refcv.morethan
 20.000000 1.695210 287.999856
 25.000000 1.734843 287.999896
 30.000000 1.691712 287.999854
 35.000000 1.686389 287.999856
 40.000000 1.694344 287.999859
 45.000000 1.707745 287.999872
 50.000000 1.721170 287.999885
 55.000000 1.744298 287.999903
 60.000000 1.713594 287.999879
 65.000000 1.719780 287.999887
 70.000000 1.711697 287.999878
 75.000000 1.746118 287.999903
 80.000000 1.721131 287.999876
 85.000000 1.735036 287.999897
 90.000000 1.765437 287.999914
 95.000000 1.729115 287.999892
 100.000000 1.740896 287.999897
 105.000000 1.733350 287.999892
 110.000000 1.734508 287.999895
 115.000000 1.725761 287.999885
 120.000000 1.740631 287.999897
 125.000000 1.738705 287.999898
 130.000000 1.728067 287.999888
 135.000000 1.717785 287.999879
 140.000000 1.716425 287.999877
 145.000000 1.720783 287.999887
 150.000000 1.717703 287.999880
 155.000000 1.734757 287.999895
 160.000000 1.744073 287.999904
 165.000000 1.736009 287.999894
 170.000000 1.693629 287.999859
 175.000000 1.715782 287.999877
 180.000000 1.735725 287.999896
 185.000000 1.719983 287.999884
 190.000000 1.701754 287.999870
 195.000000 1.740502 287.999899
 200.000000 1.711780 287.999879
 205.000000 1.754438 287.999908
 210.000000 1.731928 287.999894
 215.000000 1.719672 287.999886
 220.000000 1.699060 287.999859
 225.000000 1.735562 287.999896
 230.000000 1.726276 287.999888
 235.000000 1.711270 287.999877
 240.000000 1.710293 287.999878
 245.000000 1.726745 287.999887
 250.000000 1.732196 287.999893
 255.000000 1.709461 287.999875
 260.000000 1.733806 287.999892
 265.000000 1.722423 287.999883
 270.000000 1.712561 287.999876
 275.000000 1.728780 287.999891
 280.000000 1.735326 287.999897
 285.000000 1.705323 287.999871
 290.000000 1.754360 287.999908
 295.000000 1.728260 287.999893
 300.000000 1.722829 287.999889
 305.000000 1.709705 287.999878
 310.000000 1.726235 287.999886
 315.000000 1.707321 287.999875
 320.000000 1.722687 287.999884
 325.000000 1.707388 287.999867
 330.000000 1.697643 287.999865
 335.000000 1.695144 287.999859
 340.000000 1.717844 287.999883
 345.000000 1.732265 287.999894
 350.000000 1.693341 287.999857
 355.000000 1.687733 287.999850
 360.000000 1.726472 287.999890
 365.000000 1.730236 287.999893
 370.000000 1.735701 287.999891
 375.000000 1.742435 287.999900
 380.000000 1.737045 287.999896
 385.000000 1.729227 287.999889
 390.000000 1.735162 287.999896
 395.000000 1.706812 287.999871
 400.000000 1.729583 287.999891
 405.000000 1.709136 287.999875
 410.000000 1.729837 287.999893
 415.000000 1.703298 287.999867
 420.000000 1.707711 287.999869
 425.000000 1.725912 287.999888
 430.000000 1.729820 287.999892
 435.000000 1.730065 287.999893
 440.000000 1.706173 287.999872
 445.000000 1.733221 287.999896
 450.000000 1.715155 287.999882
 455.000000 1.721371 287.999882
 460.000000 1.730234 287.999893
 465.000000 1.722151 287.999887
 470.000000 1.731011 287.999893
 475.000000 1.710193 287.999877
 480.000000 1.724862 287.999891
 485.000000 1.759968 287.999912
 490.000000 1.721643 287.999884
 495.000000 1.723819 287.999886
 500.000000 1.714291 287.999880
 505.000000 1.716039 287.999881
 510.000000 1.704192 287.999867
 515.000000 1.690449 287.999854
 520.000000 1.722705 287.999886
 525.000000 1.713688 287.999879
 530.000000 1.714038 287.999878
 535.000000 1.702421 287.999866
 540.000000 1.739119 287.999897
 545.000000 1.726824 287.999890
 550.000000 1.732259 287.999895
 555.000000 1.701273 287.999870
 560.000000 1.698121 287.999865
 565.000000 1.683943 287.999849
 570.000000 1.701470 287.999867
 575.000000 1.707866 287.999866
 580.000000 1.716342 287.999882
 585.000000 1.710470 287.999877
 590.000000 1.721208 287.999889
 595.000000 1.711477 287.999877
 600.000000 1.722560 287.999886
 605.000000 1.715413 287.999878
 610.000000 1.696980 287.999859
 615.000000 1.709253 287.999874
 620.000000 1.706231 287.999868
 625.000000 1.713068 287.999878
 630.000000 1.718883 287.999879
 635.000000 1.721499 287.999881
 640.000000 1.721398 287.999879
 645.000000 1.712328 287.999878
 650.000000 1.698953 287.999867
 655.000000 1.721297 287.999886
 660.000000 1.716716 287.999881
 665.000000 1.718761 287.999881
 670.000000 1.715221 287.999880
 675.000000 1.683440 287.999844
 680.000000 1.697728 287.999866
 685.000000 1.706692 287.999873
 690.000000 1.712075 287.999870
 695.000000 1.707506 287.999875
 700.000000 1.706798 287.999876
 705.000000 1.708586 287.999875
 710.000000 1.721200 287.999884
 715.000000 1.730958 287.999890
 720.000000 1.707622 287.999870
 725.000000 1.735898 287.999896
 730.000000 1.724362 287.999886
 735.000000 1.713947 287.999879
 740.000000 1.704887 287.999867
 745.000000 1.718222 287.999881
 750.000000 1.726425 287.999887
 755.000000 1.707954 287.999874
 760.000000 1.718816 287.999881
 765.000000 1.731939 287.999894
 770.000000 1.701810 287.999867
 775.000000 1.729033 287.999886
 780.000000 1.721397 287.999887
 785.000000 1.733915 287.999892
 790.000000 1.721414 287.999885
 795.000000 1.728198 287.999893
 800.000000 1.728662 287.999893
 805.000000 1.750748 287.999906
 810.000000 1.741912 287.999900
 815.000000 1.738182 287.999893
 820.000000 1.743163 287.999903
 825.000000 1.717570 287.999884
 830.000000 1.686187 287.999852
 835.000000 1.707946 287.999877
 840.000000 1.705702 287.999869
 845.000000 1.718537 287.999881
 850.000000 1.708918 287.999874
 855.000000 1.724512 287.999889
 860.000000 1.715523 287.999882
 865.000000 1.722133 287.999884
 870.000000 1.718151 287.999884
 875.000000 1.731490 287.999896
 880.000000 1.708799 287.999874
 885.000000 1.705000 287.999872
 890.000000 1.723797 287.999887
 895.000000 1.711260 287.999875
 900.000000 1.699570 287.999867
 905.000000 1.717129 287.999880
 910.000000 1.735513 287.999895
 915.000000 1.738669 287.999899
 920.000000 1.737898 287.999897
 925.000000 1.745164 287.999898
 930.000000 1.720864 287.999882
 935.000000 1.721489 287.999882
 940.000000 1.731391 287.999894
 945.000000 1.741341 287.999898
 950.000000 1.739872 287.999899
 955.000000 1.701289 287.999866
 960.000000 1.727078 287.999888
 965.000000 1.708560 287.999872
 970.000000 1.721167 287.999881
 975.000000 1.725285 287.999889
 980.000000 1.719813 287.999884
 985.000000 1.707539 287.999877
 990.000000 1.707289 287.999869
 995.000000 1.694254 287.999856
 1000.000000 1.711382 287.999876
