#! FIELDS time refcv.mean refcv.morethan
 20.000000 0.734214 283.324020
 25.000000 0.755661 284.773071
 30.000000 0.746337 284.023766
 35.000000 0.739869 284.139735
 40.000000 0.746194 283.998417
 45.000000 0.743642 283.977596
 50.000000 0.748500 284.359612
 55.000000 0.758552 284.947788
 60.000000 0.740651 283.783492
 65.000000 0.747542 284.491617
 70.000000 0.745868 284.110492
 75.000000 0.752128 284.576225
 80.000000 0.749888 283.930423
 85.000000 0.759513 285.132121
 90.000000 0.767979 285.415003
 95.000000 0.751800 284.713253
 100.000000 0.755360 284.798050
 105.000000 0.753449 284.455090
 110.000000 0.757076 284.767789
 115.000000 0.746771 283.860550
 120.000000 0.757862 284.707891
 125.000000 0.756870 284.971214
 130.000000 0.752747 284.272671
 135.000000 0.754220 284.821170
 140.000000 0.747006 284.113075
 145.000000 0.751150 284.566657
 150.000000 0.749390 284.477319
 155.000000 0.757849 284.748553
 160.000000 0.759268 285.059227
 165.000000 0.758821 284.935294
 170.000000 0.740348 283.867538
 175.000000 0.752965 284.705774
 180.000000 0.753874 284.580826
 185.000000 0.753708 284.848773
 190.000000 0.739139 283.781039
 195.000000 0.754616 284.716702
 200.000000 0.746494 284.399636
 205.000000 0.759315 285.036035
 210.000000 0.762384 284.933925
 215.000000 0.754860 284.865350
 220.000000 0.744239 284.258394
 225.000000 0.752193 284.597936
 230.000000 0.753829 284.453686
 235.000000 0.741062 283.977294
 240.000000 0.742291 284.087398
 245.000000 0.749234 284.505384
 250.000000 0.744327 284.187215
 255.000000 0.738475 283.808758
 260.000000 0.750479 284.599519
 265.000000 0.756699 284.707161
 270.000000 0.742404 283.976040
 275.000000 0.749119 284.248926
 280.000000 0.756807 284.758662
 285.000000 0.738752 283.777766
 290.000000 0.757115 284.925642
 295.000000 0.750942 284.476176
 300.000000 0.751162 284.641914
 305.000000 0.740886 283.727785
 310.000000 0.754414 284.676460
 315.000000 0.747612 284.716317
 320.000000 0.751241 284.486283
 325.000000 0.745201 284.113393
 330.000000 0.736806 283.646143
 335.000000 0.743055 283.746936
 340.000000 0.750247 284.513467
 345.000000 0.751094 284.488278
 350.000000 0.742793 283.941164
 355.000000 0.744432 284.024114
 360.000000 0.752812 284.675775
 365.000000 0.752673 284.794164
 370.000000 0.749119 284.322242
 375.000000 0.749687 284.483546
 380.000000 0.755042 284.728084
 385.000000 0.753393 284.412120
 390.000000 0.754646 284.662874
 395.000000 0.749791 284.396382
 400.000000 0.752450 284.797476
 405.000000 0.743127 284.079436
 410.000000 0.750822 284.730861
 415.000000 0.743640 284.003292
 420.000000 0.741185 283.453772
 425.000000 0.746891 284.297599
 430.000000 0.749768 284.538123
 435.000000 0.744576 284.161803
 440.000000 0.742147 284.014917
 445.000000 0.755566 284.933661
 450.000000 0.747304 284.369239
 455.000000 0.759675 284.824083
 460.000000 0.757920 285.020651
 465.000000 0.754352 284.641447
 470.000000 0.748989 284.439051
 475.000000 0.747876 284.531764
 480.000000 0.758796 284.968228
 485.000000 0.761784 285.338178
 490.000000 0.749256 284.415172
 495.000000 0.753238 284.515477
 500.000000 0.750047 284.337586
 505.000000 0.746036 284.311695
 510.000000 0.745446 284.118337
 515.000000 0.741659 283.473824
 520.000000 0.749561 284.353890
 525.000000 0.741181 283.931139
 530.000000 0.751069 284.452133
 535.000000 0.743950 284.055426
 540.000000 0.754434 284.751351
 545.000000 0.755429 284.670590
 550.000000 0.764132 285.354008
 555.000000 0.740110 284.009314
 560.000000 0.739924 283.978583
 565.000000 0.740185 283.758924
 570.000000 0.749367 284.247802
 575.000000 0.748403 284.099387
 580.000000 0.750052 284.456724
 585.000000 0.747269 284.251664
 590.000000 0.751308 284.538831
 595.000000 0.746044 283.859289
 600.000000 0.750224 284.519056
 605.000000 0.744369 284.132855
 610.000000 0.728899 282.538055
 615.000000 0.749272 284.205228
 620.000000 0.746861 284.052769
 625.000000 0.748433 284.262043
 630.000000 0.754076 284.771101
 635.000000 0.752947 284.374426
 640.000000 0.746924 284.193647
 645.000000 0.749023 284.517909
 650.000000 0.743634 284.085900
 655.000000 0.751667 284.563457
 660.000000 0.746687 284.320326
 665.000000 0.745209 284.163846
 670.000000 0.751222 284.514053
 675.000000 0.736014 283.118208
 680.000000 0.745235 284.053989
 685.000000 0.749024 284.470634
 690.000000 0.750217 284.320710
 695.000000 0.743286 283.810503
 700.000000 0.746631 284.415109
 705.000000 0.746589 284.390351
 710.000000 0.757347 284.870551
 715.000000 0.750474 284.429616
 720.000000 0.740105 283.776205
 725.000000 0.752861 284.763851
 730.000000 0.755534 284.692255
 735.000000 0.753654 284.588756
 740.000000 0.743894 283.736394
 745.000000 0.746990 284.410295
 750.000000 0.747622 284.298173
 755.000000 0.742016 283.955153
 760.000000 0.746369 284.302235
 765.000000 0.757067 284.933732
 770.000000 0.743551 284.007539
 775.000000 0.756547 284.554989
 780.000000 0.750420 284.461597
 785.000000 0.757196 284.744519
 790.000000 0.755186 284.570337
 795.000000 0.759712 285.033492
 800.000000 0.755766 284.694703
 805.000000 0.758701 284.981197
 810.000000 0.755725 284.619471
 815.000000 0.760241 284.595516
 820.000000 0.756959 285.027942
 825.000000 0.748591 284.412513
 830.000000 0.730227 283.389921
 835.000000 0.739217 283.756446
 840.000000 0.743589 283.757870
 845.000000 0.740004 283.597955
 850.000000 0.739139 283.951435
 855.000000 0.746088 284.143168
 860.000000 0.746562 284.465081
 865.000000 0.745647 284.105384
 870.000000 0.746509 284.408141
 875.000000 0.753572 284.766167
 880.000000 0.747347 284.414876
 885.000000 0.745198 283.825483
 890.000000 0.750047 284.522495
 895.000000 0.744583 284.063677
 900.000000 0.740281 283.845633
 905.000000 0.747331 284.291823
 910.000000 0.754576 284.767008
 915.000000 0.753282 284.837943
 920.000000 0.757254 284.718506
 925.000000 0.757921 284.837097
 930.000000 0.751998 284.523088
 935.000000 0.747494 284.196505
 940.000000 0.757486 284.878041
 945.000000 0.763606 285.261170
 950.000000 0.762975 284.997870
 955.000000 0.751278 284.665756
 960.000000 0.748759 284.374288
 965.000000 0.748210 284.430904
 970.000000 0.755010 284.806380
 975.000000 0.756444 284.926780
 980.000000 0.752666 284.743061
 985.000000 0.743256 284.401707
 990.000000 0.739240 283.715087
 995.000000 0.741632 284.032831
 1000.000000 0.748347 284.476274
