#! FIELDS time refcv.mean refcv.morethan
 20.000000 0.350346 23.864001
 25.000000 0.372673 37.571068
 30.000000 0.373761 36.493053
 35.000000 0.358839 26.283087
 40.000000 0.372457 35.070900
 45.000000 0.363004 33.093999
 50.000000 0.366627 34.860385
 55.000000 0.378444 38.250094
 60.000000 0.361102 32.530665
 65.000000 0.364503 31.960975
 70.000000 0.362978 32.879915
 75.000000 0.364810 33.136171
 80.000000 0.371740 40.980855
 85.000000 0.378086 35.473813
 90.000000 0.379247 39.792161
 95.000000 0.368446 34.138364
 100.000000 0.370232 35.561787
 105.000000 0.374116 37.912712
 110.000000 0.374266 37.762658
 115.000000 0.364174 37.989270
 120.000000 0.379306 41.656696
 125.000000 0.378134 37.789563
 130.000000 0.373599 38.112985
 135.000000 0.380277 39.711833
 140.000000 0.361680 31.453932
 145.000000 0.363622 33.527047
 150.000000 0.368007 33.683579
 155.000000 0.382949 43.702288
 160.000000 0.375478 37.678624
 165.000000 0.378211 39.974976
 170.000000 0.360962 31.414706
 175.000000 0.375219 40.404770
 180.000000 0.370999 37.508958
 185.000000 0.375595 36.761541
 190.000000 0.354095 25.942637
 195.000000 0.369310 32.862738
 200.000000 0.368653 31.213718
 205.000000 0.370325 32.967354
 210.000000 0.383705 47.041019
 215.000000 0.370862 36.766931
 220.000000 0.363472 30.717226
 225.000000 0.371037 35.729780
 230.000000 0.372499 38.850139
 235.000000 0.358584 29.010846
 240.000000 0.359999 30.348508
 245.000000 0.361354 30.455747
 250.000000 0.351870 27.298795
 255.000000 0.351433 24.151541
 260.000000 0.367929 34.251028
 265.000000 0.378942 39.976674
 270.000000 0.354685 29.261282
 275.000000 0.359626 33.465103
 280.000000 0.370184 38.262773
 285.000000 0.354043 26.749517
 290.000000 0.364376 28.881819
 295.000000 0.369289 35.739250
 300.000000 0.362259 30.751622
 305.000000 0.355172 32.275528
 310.000000 0.371464 38.373654
 315.000000 0.367816 35.279947
 320.000000 0.368436 32.042054
 325.000000 0.366276 33.361486
 330.000000 0.352653 28.446694
 335.000000 0.365511 33.659354
 340.000000 0.371135 35.677694
 345.000000 0.362617 30.538815
 350.000000 0.365797 36.726959
 355.000000 0.365284 35.548690
 360.000000 0.369704 37.841925
 365.000000 0.368056 35.169153
 370.000000 0.363100 31.680943
 375.000000 0.356656 28.341516
 380.000000 0.369080 33.549660
 385.000000 0.369359 37.891392
 390.000000 0.367814 35.147184
 395.000000 0.371854 34.785534
 400.000000 0.364699 33.164055
 405.000000 0.360132 31.133520
 410.000000 0.365960 31.695205
 415.000000 0.363093 31.620580
 420.000000 0.360722 31.970629
 425.000000 0.360578 28.290671
 430.000000 0.358310 29.784145
 435.000000 0.357049 29.249696
 440.000000 0.358681 28.914585
 445.000000 0.372805 36.083336
 450.000000 0.365275 34.036060
 455.000000 0.371628 36.746052
 460.000000 0.370441 35.112501
 465.000000 0.368588 36.503811
 470.000000 0.360822 29.671617
 475.000000 0.368986 35.347976
 480.000000 0.380393 42.670840
 485.000000 0.375289 37.547727
 490.000000 0.366281 35.244350
 495.000000 0.369248 31.668437
 500.000000 0.368200 38.084501
 505.000000 0.363411 31.496432
 510.000000 0.364084 34.732843
 515.000000 0.368666 37.489603
 520.000000 0.366472 33.725263
 525.000000 0.354233 27.562609
 530.000000 0.368420 33.732766
 535.000000 0.366024 37.198065
 540.000000 0.365970 30.458730
 545.000000 0.375327 35.344038
 550.000000 0.380432 39.491363
 555.000000 0.357752 30.395650
 560.000000 0.358956 28.728701
 565.000000 0.360972 31.362300
 570.000000 0.374730 38.497075
 575.000000 0.367775 32.882835
 580.000000 0.366413 36.633451
 585.000000 0.370904 36.666076
 590.000000 0.369338 35.274060
 595.000000 0.362234 36.768816
 600.000000 0.364680 32.459104
 605.000000 0.360454 28.971440
 610.000000 0.340453 23.221036
 615.000000 0.372711 40.303024
 620.000000 0.367362 35.289145
 625.000000 0.366733 33.719764
 630.000000 0.374591 37.023869
 635.000000 0.372909 40.927495
 640.000000 0.363763 32.950463
 645.000000 0.368528 31.973246
 650.000000 0.364091 34.328319
 655.000000 0.370946 34.064008
 660.000000 0.362844 30.621441
 665.000000 0.364796 33.802520
 670.000000 0.366699 34.282990
 675.000000 0.353897 28.226019
 680.000000 0.366743 38.563571
 685.000000 0.371457 37.291479
 690.000000 0.371746 37.591908
 695.000000 0.355578 28.747020
 700.000000 0.360612 29.460022
 705.000000 0.364339 30.685724
 710.000000 0.376135 42.722312
 715.000000 0.365806 31.039972
 720.000000 0.356972 29.722552
 725.000000 0.366804 31.746859
 730.000000 0.375431 40.255331
 735.000000 0.375135 37.918440
 740.000000 0.360895 33.007735
 745.000000 0.365756 31.195422
 750.000000 0.364186 30.951061
 755.000000 0.361811 33.390695
 760.000000 0.362365 32.534177
 765.000000 0.376599 40.023632
 770.000000 0.361913 31.631611
 775.000000 0.381966 41.315618
 780.000000 0.367404 34.833228
 785.000000 0.374301 40.461287
 790.000000 0.374981 41.385052
 795.000000 0.378782 40.979083
 800.000000 0.373993 37.295901
 805.000000 0.369233 32.882552
 810.000000 0.364700 36.104052
 815.000000 0.377749 40.488650
 820.000000 0.372404 34.849546
 825.000000 0.366754 35.841103
 830.000000 0.347906 24.645942
 835.000000 0.348579 24.841489
 840.000000 0.365562 33.134431
 845.000000 0.346671 24.312482
 850.000000 0.354901 26.352906
 855.000000 0.359186 30.077417
 860.000000 0.363474 32.218756
 865.000000 0.359688 32.407900
 870.000000 0.363313 31.114526
 875.000000 0.367772 34.603785
 880.000000 0.366693 32.297656
 885.000000 0.359864 33.077405
 890.000000 0.363406 30.380917
 895.000000 0.359599 30.708119
 900.000000 0.359595 34.208066
 905.000000 0.364126 32.191210
 910.000000 0.370946 34.748119
 915.000000 0.364804 32.712020
 920.000000 0.369121 37.624746
 925.000000 0.373046 39.843090
 930.000000 0.370366 37.970000
 935.000000 0.358345 31.331004
 940.000000 0.375971 39.649215
 945.000000 0.381398 42.573637
 950.000000 0.391260 48.200522
 955.000000 0.380580 37.971793
 960.000000 0.368159 34.526478
 965.000000 0.367191 34.679811
 970.000000 0.373432 34.106878
 975.000000 0.378364 41.965600
 980.000000 0.374067 38.611551
 985.000000 0.360756 31.109422
 990.000000 0.355855 28.476435
 995.000000 0.360347 28.716301
 1000.000000 0.367678 32.760189
