#! FIELDS time refcv.mean refcv.morethan
 20.000000 1.117422 287.977735
 25.000000 1.141870 287.983341
 30.000000 1.119573 287.978305
 35.000000 1.115124 287.978350
 40.000000 1.123379 287.979207
 45.000000 1.127431 287.980227
 50.000000 1.132864 287.981790
 55.000000 1.147622 287.984611
 60.000000 1.126166 287.979915
 65.000000 1.133493 287.982203
 70.000000 1.128507 287.980978
 75.000000 1.147155 287.984286
 80.000000 1.134631 287.980589
 85.000000 1.144779 287.984158
 90.000000 1.160742 287.986007
 95.000000 1.138582 287.982932
 100.000000 1.145155 287.983676
 105.000000 1.139247 287.982176
 110.000000 1.143335 287.983505
 115.000000 1.136208 287.981838
 120.000000 1.143375 287.983221
 125.000000 1.143863 287.983870
 130.000000 1.138588 287.981905
 135.000000 1.135058 287.981733
 140.000000 1.130836 287.980090
 145.000000 1.136450 287.982471
 150.000000 1.132498 287.981188
 155.000000 1.144214 287.983450
 160.000000 1.149413 287.984900
 165.000000 1.144351 287.983614
 170.000000 1.118656 287.978805
 175.000000 1.134387 287.981719
 180.000000 1.142248 287.983270
 185.000000 1.137300 287.982834
 190.000000 1.124010 287.979995
 195.000000 1.143943 287.983725
 200.000000 1.131247 287.981842
 205.000000 1.152633 287.985097
 210.000000 1.143635 287.983595
 215.000000 1.136136 287.982729
 220.000000 1.121975 287.978584
 225.000000 1.140496 287.982986
 230.000000 1.138143 287.982262
 235.000000 1.126983 287.980371
 240.000000 1.126805 287.980878
 245.000000 1.136595 287.982091
 250.000000 1.137429 287.982528
 255.000000 1.127554 287.980665
 260.000000 1.141225 287.982903
 265.000000 1.137478 287.981928
 270.000000 1.127654 287.980014
 275.000000 1.139335 287.982691
 280.000000 1.144054 287.983583
 285.000000 1.125399 287.980209
 290.000000 1.154305 287.985514
 295.000000 1.139299 287.983129
 300.000000 1.136920 287.982627
 305.000000 1.128413 287.981067
 310.000000 1.136860 287.982094
 315.000000 1.127161 287.981079
 320.000000 1.134890 287.981614
 325.000000 1.126654 287.979829
 330.000000 1.118473 287.978401
 335.000000 1.119260 287.977672
 340.000000 1.133124 287.981854
 345.000000 1.139998 287.982645
 350.000000 1.119553 287.978418
 355.000000 1.119131 287.977832
 360.000000 1.139011 287.982834
 365.000000 1.140609 287.983510
 370.000000 1.140548 287.982525
 375.000000 1.145356 287.983880
 380.000000 1.144974 287.983976
 385.000000 1.140791 287.982748
 390.000000 1.142569 287.983493
 395.000000 1.130776 287.980873
 400.000000 1.138002 287.982828
 405.000000 1.127470 287.980576
 410.000000 1.139330 287.983168
 415.000000 1.126201 287.979922
 420.000000 1.127122 287.979447
 425.000000 1.136139 287.982204
 430.000000 1.139462 287.983082
 435.000000 1.136113 287.982273
 440.000000 1.126860 287.980596
 445.000000 1.141768 287.983816
 450.000000 1.132526 287.981838
 455.000000 1.140275 287.982837
 460.000000 1.142818 287.983605
 465.000000 1.136528 287.982403
 470.000000 1.137955 287.982724
 475.000000 1.128741 287.981146
 480.000000 1.138277 287.983308
 485.000000 1.156399 287.985863
 490.000000 1.136247 287.982283
 495.000000 1.137682 287.982245
 500.000000 1.132432 287.981621
 505.000000 1.132544 287.981737
 510.000000 1.125200 287.980003
 515.000000 1.118212 287.977277
 520.000000 1.136858 287.982389
 525.000000 1.128540 287.980812
 530.000000 1.135181 287.981937
 535.000000 1.120789 287.978447
 540.000000 1.144619 287.983407
 545.000000 1.138575 287.982697
 550.000000 1.146239 287.984531
 555.000000 1.122790 287.979944
 560.000000 1.121776 287.979393
 565.000000 1.115553 287.977419
 570.000000 1.125105 287.979944
 575.000000 1.128754 287.979620
 580.000000 1.133422 287.981826
 585.000000 1.127864 287.980740
 590.000000 1.135062 287.982401
 595.000000 1.129945 287.980570
 600.000000 1.133545 287.981937
 605.000000 1.130230 287.980858
 610.000000 1.116052 287.976704
 615.000000 1.128720 287.980701
 620.000000 1.128508 287.979789
 625.000000 1.131665 287.981163
 630.000000 1.136112 287.982163
 635.000000 1.135954 287.981514
 640.000000 1.134385 287.981199
 645.000000 1.129787 287.981261
 650.000000 1.123993 287.980097
 655.000000 1.134204 287.981874
 660.000000 1.130859 287.981175
 665.000000 1.132573 287.981311
 670.000000 1.134645 287.982064
 675.000000 1.115645 287.976453
 680.000000 1.123729 287.979960
 685.000000 1.128062 287.980818
 690.000000 1.130803 287.980316
 695.000000 1.129264 287.980671
 700.000000 1.128432 287.981343
 705.000000 1.128570 287.980588
 710.000000 1.139519 287.983062
 715.000000 1.137948 287.982548
 720.000000 1.126784 287.979888
 725.000000 1.141675 287.983273
 730.000000 1.138084 287.982386
 735.000000 1.132581 287.981658
 740.000000 1.125871 287.979513
 745.000000 1.132894 287.981589
 750.000000 1.136165 287.982063
 755.000000 1.124533 287.979793
 760.000000 1.134923 287.981769
 765.000000 1.143652 287.983847
 770.000000 1.121798 287.979089
 775.000000 1.141098 287.982421
 780.000000 1.135889 287.982384
 785.000000 1.143263 287.983402
 790.000000 1.137044 287.982348
 795.000000 1.140001 287.983512
 800.000000 1.140403 287.983542
 805.000000 1.151350 287.984986
 810.000000 1.148611 287.984297
 815.000000 1.147073 287.983287
 820.000000 1.148052 287.984757
 825.000000 1.133496 287.982117
 830.000000 1.112714 287.977500
 835.000000 1.127837 287.980719
 840.000000 1.124271 287.979450
 845.000000 1.131182 287.980716
 850.000000 1.125755 287.980185
 855.000000 1.135605 287.982221
 860.000000 1.131058 287.981926
 865.000000 1.134712 287.981473
 870.000000 1.134502 287.982340
 875.000000 1.139987 287.983619
 880.000000 1.127626 287.980987
 885.000000 1.126513 287.979837
 890.000000 1.137444 287.982503
 895.000000 1.129918 287.980696
 900.000000 1.122682 287.979616
 905.000000 1.132564 287.981096
 910.000000 1.142951 287.983367
 915.000000 1.141753 287.983517
 920.000000 1.145656 287.983921
 925.000000 1.147751 287.983583
 930.000000 1.134972 287.981873
 935.000000 1.136958 287.981919
 940.000000 1.141554 287.983459
 945.000000 1.147561 287.984458
 950.000000 1.148260 287.984294
 955.000000 1.124125 287.979995
 960.000000 1.134320 287.981777
 965.000000 1.128714 287.980657
 970.000000 1.135711 287.981504
 975.000000 1.139183 287.983153
 980.000000 1.134850 287.982297
 985.000000 1.125984 287.980994
 990.000000 1.125080 287.979418
 995.000000 1.120904 287.978414
 1000.000000 1.132261 287.981709
