#! FIELDS time refcv.mean refcv.morethan
 20.000000 0.480922 117.154401
 25.000000 0.503575 139.400734
 30.000000 0.501497 140.692355
 35.000000 0.489716 125.958649
 40.000000 0.501485 138.029644
 45.000000 0.492425 127.080287
 50.000000 0.497611 131.818985
 55.000000 0.507679 146.541103
 60.000000 0.490111 124.310467
 65.000000 0.495804 132.819116
 70.000000 0.493430 130.381111
 75.000000 0.496150 131.792851
 80.000000 0.500130 137.975792
 85.000000 0.508195 147.410002
 90.000000 0.513258 150.088892
 95.000000 0.499616 133.356202
 100.000000 0.501305 138.645595
 105.000000 0.502322 141.377563
 110.000000 0.504929 138.396965
 115.000000 0.493441 128.345704
 120.000000 0.508128 148.619648
 125.000000 0.507532 144.754963
 130.000000 0.501719 138.605623
 135.000000 0.508656 148.170245
 140.000000 0.493069 129.933159
 145.000000 0.496418 132.339475
 150.000000 0.499115 136.517569
 155.000000 0.508776 147.120238
 160.000000 0.505407 143.535466
 165.000000 0.507939 147.208698
 170.000000 0.490859 128.128132
 175.000000 0.503995 139.087401
 180.000000 0.501574 136.368113
 185.000000 0.504136 142.902261
 190.000000 0.486262 124.013162
 195.000000 0.501880 140.644294
 200.000000 0.496043 134.608435
 205.000000 0.502794 142.422263
 210.000000 0.513814 152.011384
 215.000000 0.502929 139.276724
 220.000000 0.495186 132.063519
 225.000000 0.499978 136.818313
 230.000000 0.502996 141.586563
 235.000000 0.489067 124.271318
 240.000000 0.489348 124.297727
 245.000000 0.493990 130.106833
 250.000000 0.485138 122.404708
 255.000000 0.482686 118.513699
 260.000000 0.498815 135.110066
 265.000000 0.507798 144.743233
 270.000000 0.485872 124.039461
 275.000000 0.492635 128.831442
 280.000000 0.501328 137.730728
 285.000000 0.485068 122.362922
 290.000000 0.497088 134.986055
 295.000000 0.497699 135.719886
 300.000000 0.494774 129.659074
 305.000000 0.486056 122.990421
 310.000000 0.503197 141.163163
 315.000000 0.496819 134.322726
 320.000000 0.500062 138.903475
 325.000000 0.496139 135.149638
 330.000000 0.484195 119.505776
 335.000000 0.494613 131.809814
 340.000000 0.499787 136.817810
 345.000000 0.494248 129.676860
 350.000000 0.493747 129.467647
 355.000000 0.495950 131.734193
 360.000000 0.500940 137.506925
 365.000000 0.499251 137.452860
 370.000000 0.494000 132.010380
 375.000000 0.489408 124.453689
 380.000000 0.500723 139.779126
 385.000000 0.500557 138.261787
 390.000000 0.500196 138.822460
 395.000000 0.500910 140.485114
 400.000000 0.497631 132.363721
 405.000000 0.490285 127.343300
 410.000000 0.496919 132.598742
 415.000000 0.493056 131.053385
 420.000000 0.488885 125.744713
 425.000000 0.492710 129.398225
 430.000000 0.491996 128.811450
 435.000000 0.489240 125.399043
 440.000000 0.489701 126.241201
 445.000000 0.503704 140.529761
 450.000000 0.495003 131.783081
 455.000000 0.505644 142.597297
 460.000000 0.502545 140.809653
 465.000000 0.501626 137.691970
 470.000000 0.493456 130.092977
 475.000000 0.498821 134.440452
 480.000000 0.510138 148.125605
 485.000000 0.507383 143.057100
 490.000000 0.496735 133.525266
 495.000000 0.500804 141.099841
 500.000000 0.498851 135.249551
 505.000000 0.493797 130.537682
 510.000000 0.494588 130.487140
 515.000000 0.496432 132.801054
 520.000000 0.497424 134.781502
 525.000000 0.485904 121.040111
 530.000000 0.499381 137.058327
 535.000000 0.496962 131.576097
 540.000000 0.499296 137.427975
 545.000000 0.506518 143.888052
 550.000000 0.511986 150.548406
 555.000000 0.488579 124.982992
 560.000000 0.487793 125.142855
 565.000000 0.490307 127.773241
 570.000000 0.501858 138.588617
 575.000000 0.497908 135.810678
 580.000000 0.497139 134.202644
 585.000000 0.499442 138.541478
 590.000000 0.499512 137.524217
 595.000000 0.492949 129.734905
 600.000000 0.497535 135.628212
 605.000000 0.490463 127.131332
 610.000000 0.473138 109.038922
 615.000000 0.501844 137.916886
 620.000000 0.496286 132.185041
 625.000000 0.498061 136.783786
 630.000000 0.504312 143.064111
 635.000000 0.503265 137.942685
 640.000000 0.494614 131.776007
 645.000000 0.498679 138.251849
 650.000000 0.493788 128.107226
 655.000000 0.500094 136.690658
 660.000000 0.492775 128.836473
 665.000000 0.493580 130.164495
 670.000000 0.497397 135.354016
 675.000000 0.482793 119.293109
 680.000000 0.495065 129.955574
 685.000000 0.500339 137.118260
 690.000000 0.500873 136.993480
 695.000000 0.487126 123.376599
 700.000000 0.493395 130.452626
 705.000000 0.494424 131.062210
 710.000000 0.505823 140.378152
 715.000000 0.497802 135.102512
 720.000000 0.487577 123.496163
 725.000000 0.497826 136.627109
 730.000000 0.505265 139.299710
 735.000000 0.504425 142.217607
 740.000000 0.492013 129.416051
 745.000000 0.495750 133.624797
 750.000000 0.494695 131.256439
 755.000000 0.490023 125.704473
 760.000000 0.492943 128.095343
 765.000000 0.506413 143.608260
 770.000000 0.492561 130.634802
 775.000000 0.507947 145.275370
 780.000000 0.497917 134.820891
 785.000000 0.506271 143.195647
 790.000000 0.504591 143.407189
 795.000000 0.509297 148.595078
 800.000000 0.504059 145.657156
 805.000000 0.503305 141.319807
 810.000000 0.498036 134.242047
 815.000000 0.508174 146.454397
 820.000000 0.503834 142.541942
 825.000000 0.496598 132.695124
 830.000000 0.477056 113.129166
 835.000000 0.480780 116.629184
 840.000000 0.494503 132.836715
 845.000000 0.480717 116.930957
 850.000000 0.485189 119.015811
 855.000000 0.490866 128.140641
 860.000000 0.493755 129.737497
 865.000000 0.490764 125.464846
 870.000000 0.492945 130.819963
 875.000000 0.500895 136.541281
 880.000000 0.495980 134.247966
 885.000000 0.491585 128.319527
 890.000000 0.494425 132.266684
 895.000000 0.490947 126.149016
 900.000000 0.490133 123.551375
 905.000000 0.494982 131.189072
 910.000000 0.501950 139.530627
 915.000000 0.499415 138.806219
 920.000000 0.501673 138.987841
 925.000000 0.503898 141.306182
 930.000000 0.501262 136.880834
 935.000000 0.492137 128.601188
 940.000000 0.507415 145.013614
 945.000000 0.512116 150.718447
 950.000000 0.517120 157.544991
 955.000000 0.508085 149.280825
 960.000000 0.497715 131.149833
 965.000000 0.498779 136.439512
 970.000000 0.503976 141.794395
 975.000000 0.508020 145.151341
 980.000000 0.504236 140.719736
 985.000000 0.491108 126.822061
 990.000000 0.484935 123.847002
 995.000000 0.490905 126.817242
 1000.000000 0.497450 136.549320
