#! FIELDS time refcv.mean refcv.morethan
 20.000000 0.787437 286.121789
 25.000000 0.808687 286.687660
 30.000000 0.797953 286.372255
 35.000000 0.791645 286.405905
 40.000000 0.798397 286.370137
 45.000000 0.796793 286.387216
 50.000000 0.801349 286.532456
 55.000000 0.811793 286.763060
 60.000000 0.793806 286.307002
 65.000000 0.800172 286.568968
 70.000000 0.798121 286.407013
 75.000000 0.806935 286.646359
 80.000000 0.802254 286.340017
 85.000000 0.812583 286.819910
 90.000000 0.821794 286.934934
 95.000000 0.804852 286.655329
 100.000000 0.808619 286.685913
 105.000000 0.806466 286.550741
 110.000000 0.810098 286.687573
 115.000000 0.799844 286.329560
 120.000000 0.810329 286.653552
 125.000000 0.809951 286.761144
 130.000000 0.805632 286.465875
 135.000000 0.806598 286.689690
 140.000000 0.800220 286.442833
 145.000000 0.803961 286.594551
 150.000000 0.801701 286.550532
 155.000000 0.809964 286.656398
 160.000000 0.813006 286.812654
 165.000000 0.811725 286.761924
 170.000000 0.793187 286.337293
 175.000000 0.805138 286.633291
 180.000000 0.806932 286.609112
 185.000000 0.806315 286.702254
 190.000000 0.791957 286.293295
 195.000000 0.807296 286.647372
 200.000000 0.799237 286.524992
 205.000000 0.813202 286.797957
 210.000000 0.815148 286.749005
 215.000000 0.807035 286.698467
 220.000000 0.796038 286.427232
 225.000000 0.805333 286.614524
 230.000000 0.806655 286.557233
 235.000000 0.794706 286.378774
 240.000000 0.795281 286.444205
 245.000000 0.802897 286.587104
 250.000000 0.798378 286.496445
 255.000000 0.791950 286.304761
 260.000000 0.803486 286.594955
 265.000000 0.808843 286.655189
 270.000000 0.795687 286.378791
 275.000000 0.802858 286.506776
 280.000000 0.809992 286.678918
 285.000000 0.792209 286.301441
 290.000000 0.812020 286.769513
 295.000000 0.804330 286.593653
 300.000000 0.804303 286.629308
 305.000000 0.793772 286.311637
 310.000000 0.806866 286.628485
 315.000000 0.799953 286.643160
 320.000000 0.804087 286.572916
 325.000000 0.797718 286.404696
 330.000000 0.789349 286.250827
 335.000000 0.794896 286.270723
 340.000000 0.802311 286.555497
 345.000000 0.804780 286.565133
 350.000000 0.795568 286.371265
 355.000000 0.795507 286.323892
 360.000000 0.806520 286.652041
 365.000000 0.806543 286.715301
 370.000000 0.802799 286.525413
 375.000000 0.803918 286.587301
 380.000000 0.808653 286.676143
 385.000000 0.806685 286.568968
 390.000000 0.807937 286.666313
 395.000000 0.802707 286.551542
 400.000000 0.805746 286.684257
 405.000000 0.796297 286.423951
 410.000000 0.804526 286.680937
 415.000000 0.796790 286.395837
 420.000000 0.794484 286.200892
 425.000000 0.800202 286.512227
 430.000000 0.803704 286.609006
 435.000000 0.798202 286.478912
 440.000000 0.795218 286.409640
 445.000000 0.808894 286.756679
 450.000000 0.799886 286.520926
 455.000000 0.811776 286.686569
 460.000000 0.810793 286.765823
 465.000000 0.807100 286.638866
 470.000000 0.802933 286.579654
 475.000000 0.800244 286.575166
 480.000000 0.810756 286.751915
 485.000000 0.815114 286.890152
 490.000000 0.801843 286.549223
 495.000000 0.805869 286.577540
 500.000000 0.802857 286.517063
 505.000000 0.799457 286.508961
 510.000000 0.797881 286.453207
 515.000000 0.793599 286.167395
 520.000000 0.802046 286.525713
 525.000000 0.794741 286.382050
 530.000000 0.803894 286.557167
 535.000000 0.795741 286.375112
 540.000000 0.807869 286.673715
 545.000000 0.807801 286.632688
 550.000000 0.816678 286.893829
 555.000000 0.792607 286.372809
 560.000000 0.792595 286.366919
 565.000000 0.791799 286.244662
 570.000000 0.801230 286.459455
 575.000000 0.800583 286.380324
 580.000000 0.802523 286.543143
 585.000000 0.799197 286.472399
 590.000000 0.804207 286.584760
 595.000000 0.799039 286.349091
 600.000000 0.803013 286.583849
 605.000000 0.797664 286.433157
 610.000000 0.781702 285.800803
 615.000000 0.801593 286.468915
 620.000000 0.798941 286.384077
 625.000000 0.800513 286.463995
 630.000000 0.806739 286.666452
 635.000000 0.805434 286.531366
 640.000000 0.799781 286.453425
 645.000000 0.801397 286.565830
 650.000000 0.795936 286.405373
 655.000000 0.804589 286.589911
 660.000000 0.799748 286.500788
 665.000000 0.798667 286.452534
 670.000000 0.804007 286.587423
 675.000000 0.788403 286.027663
 680.000000 0.796841 286.393397
 685.000000 0.801308 286.554909
 690.000000 0.802496 286.488991
 695.000000 0.796290 286.319910
 700.000000 0.799786 286.553124
 705.000000 0.799318 286.521623
 710.000000 0.810406 286.742382
 715.000000 0.804100 286.566538
 720.000000 0.793227 286.295971
 725.000000 0.806542 286.685655
 730.000000 0.808355 286.649727
 735.000000 0.805895 286.619568
 740.000000 0.796674 286.289690
 745.000000 0.799863 286.531686
 750.000000 0.800798 286.496401
 755.000000 0.794433 286.361057
 760.000000 0.800389 286.514899
 765.000000 0.809491 286.740592
 770.000000 0.796014 286.390772
 775.000000 0.809198 286.579430
 780.000000 0.803924 286.576548
 785.000000 0.809952 286.674626
 790.000000 0.807252 286.608076
 795.000000 0.812122 286.782019
 800.000000 0.808870 286.684749
 805.000000 0.812700 286.790244
 810.000000 0.810126 286.662630
 815.000000 0.813430 286.638193
 820.000000 0.810460 286.787275
 825.000000 0.801085 286.542015
 830.000000 0.783486 286.158014
 835.000000 0.793310 286.320388
 840.000000 0.795568 286.276998
 845.000000 0.794267 286.261869
 850.000000 0.792608 286.347904
 855.000000 0.799743 286.457579
 860.000000 0.799512 286.571624
 865.000000 0.798732 286.415466
 870.000000 0.799938 286.554410
 875.000000 0.806353 286.678374
 880.000000 0.799824 286.532327
 885.000000 0.797780 286.321666
 890.000000 0.803602 286.593413
 895.000000 0.797311 286.392630
 900.000000 0.792830 286.326212
 905.000000 0.799900 286.465392
 910.000000 0.807786 286.679977
 915.000000 0.806583 286.707322
 920.000000 0.811106 286.703349
 925.000000 0.811636 286.706899
 930.000000 0.804051 286.564666
 935.000000 0.801722 286.494486
 940.000000 0.810382 286.730319
 945.000000 0.816548 286.882594
 950.000000 0.815344 286.764462
 955.000000 0.802222 286.608801
 960.000000 0.801628 286.522157
 965.000000 0.800623 286.528464
 970.000000 0.807174 286.663480
 975.000000 0.808759 286.730287
 980.000000 0.805382 286.669967
 985.000000 0.796157 286.522504
 990.000000 0.792246 286.271898
 995.000000 0.793812 286.360679
 1000.000000 0.800929 286.562984
