#! FIELDS time refcv.mean refcv.morethan
 20.000000 0.291520 10.283016
 25.000000 0.311855 18.599195
 30.000000 0.314114 14.734631
 35.000000 0.297926 10.113717
 40.000000 0.312808 16.328629
 45.000000 0.304177 15.711393
 50.000000 0.305633 16.127195
 55.000000 0.319061 16.326413
 60.000000 0.301963 15.472010
 65.000000 0.303953 14.280057
 70.000000 0.303867 15.275883
 75.000000 0.304750 13.251126
 80.000000 0.312370 19.277464
 85.000000 0.317686 15.067491
 90.000000 0.316701 17.313456
 95.000000 0.308180 17.444464
 100.000000 0.310561 15.340522
 105.000000 0.315353 17.063715
 110.000000 0.314681 20.324031
 115.000000 0.305648 18.770391
 120.000000 0.319811 17.585012
 125.000000 0.318830 17.258179
 130.000000 0.314508 16.041667
 135.000000 0.320040 16.794708
 140.000000 0.301457 12.968291
 145.000000 0.303076 14.746904
 150.000000 0.307843 14.384715
 155.000000 0.325242 21.021628
 160.000000 0.315726 15.278807
 165.000000 0.317833 17.966194
 170.000000 0.302187 12.822229
 175.000000 0.315406 19.721545
 180.000000 0.310712 18.558096
 185.000000 0.316444 16.847220
 190.000000 0.292983 10.277095
 195.000000 0.307672 14.273422
 200.000000 0.310312 12.166323
 205.000000 0.308632 13.744783
 210.000000 0.323775 23.795948
 215.000000 0.310241 15.854612
 220.000000 0.302329 13.429882
 225.000000 0.311851 15.601081
 230.000000 0.312283 16.642101
 235.000000 0.299907 11.836095
 240.000000 0.300880 14.929898
 245.000000 0.299964 11.983249
 250.000000 0.291700 11.396253
 255.000000 0.292037 10.285538
 260.000000 0.308420 14.659615
 265.000000 0.319128 18.846143
 270.000000 0.295904 12.861487
 275.000000 0.298845 16.415392
 280.000000 0.310259 19.030522
 285.000000 0.293879 9.950242
 290.000000 0.304533 11.998023
 295.000000 0.310995 15.191361
 300.000000 0.301521 13.241683
 305.000000 0.296258 13.097917
 310.000000 0.310631 16.658159
 315.000000 0.309161 15.859361
 320.000000 0.307385 12.307852
 325.000000 0.306448 13.178755
 330.000000 0.291792 12.429931
 335.000000 0.306445 16.151062
 340.000000 0.311144 16.165639
 345.000000 0.303052 13.362052
 350.000000 0.306705 18.154135
 355.000000 0.304799 16.734859
 360.000000 0.309403 16.335698
 365.000000 0.308428 15.582633
 370.000000 0.303065 12.738915
 375.000000 0.296188 12.184326
 380.000000 0.307419 12.724149
 385.000000 0.308104 15.918217
 390.000000 0.307306 14.499696
 395.000000 0.311673 13.804750
 400.000000 0.303949 14.702539
 405.000000 0.300847 13.074252
 410.000000 0.305693 12.507639
 415.000000 0.304378 13.025533
 420.000000 0.302113 14.458447
 425.000000 0.299812 11.386779
 430.000000 0.297673 12.034576
 435.000000 0.297550 13.092883
 440.000000 0.298852 13.257755
 445.000000 0.312915 17.059897
 450.000000 0.306047 15.383947
 455.000000 0.309539 15.237218
 460.000000 0.310105 13.195668
 465.000000 0.307010 17.974285
 470.000000 0.301268 12.835635
 475.000000 0.309417 16.622191
 480.000000 0.320206 21.285019
 485.000000 0.314661 17.185549
 490.000000 0.307441 16.303164
 495.000000 0.307906 11.417736
 500.000000 0.309145 17.508848
 505.000000 0.304015 12.794234
 510.000000 0.304085 16.259435
 515.000000 0.308544 17.168266
 520.000000 0.306154 15.605340
 525.000000 0.294422 10.723459
 530.000000 0.308428 14.976233
 535.000000 0.305608 18.037799
 540.000000 0.304518 12.162902
 545.000000 0.313790 15.563745
 550.000000 0.319317 16.607969
 555.000000 0.297672 12.319044
 560.000000 0.300038 11.857901
 565.000000 0.301782 13.147476
 570.000000 0.315290 17.814945
 575.000000 0.307196 13.387362
 580.000000 0.306971 16.872388
 585.000000 0.312302 16.299600
 590.000000 0.308906 14.592111
 595.000000 0.302572 18.345696
 600.000000 0.303511 14.396556
 605.000000 0.301389 12.331639
 610.000000 0.280823 9.245647
 615.000000 0.312906 19.605378
 620.000000 0.307731 16.747403
 625.000000 0.305690 14.422824
 630.000000 0.314151 15.090284
 635.000000 0.312599 20.798106
 640.000000 0.303905 14.834894
 645.000000 0.308426 12.012466
 650.000000 0.304960 16.740622
 655.000000 0.313030 15.118467
 660.000000 0.303615 13.290819
 665.000000 0.305330 15.522809
 670.000000 0.306802 14.540550
 675.000000 0.295542 12.467798
 680.000000 0.308429 20.159557
 685.000000 0.311401 17.503945
 690.000000 0.312033 18.110208
 695.000000 0.296324 12.569734
 700.000000 0.298862 12.897112
 705.000000 0.304166 12.332551
 710.000000 0.316430 20.403873
 715.000000 0.305054 13.411665
 720.000000 0.297180 13.837775
 725.000000 0.307186 12.674168
 730.000000 0.315261 19.981994
 735.000000 0.315228 17.087954
 740.000000 0.300682 15.219088
 745.000000 0.305796 12.248049
 750.000000 0.304454 12.709916
 755.000000 0.303750 14.712894
 760.000000 0.302862 14.267303
 765.000000 0.316698 19.119536
 770.000000 0.301647 11.531357
 775.000000 0.323882 19.053928
 780.000000 0.307455 16.009026
 785.000000 0.313250 17.955935
 790.000000 0.314904 18.986715
 795.000000 0.318495 17.684018
 800.000000 0.314064 15.572376
 805.000000 0.307977 13.478033
 810.000000 0.303888 17.169605
 815.000000 0.317717 18.838133
 820.000000 0.312238 15.581860
 825.000000 0.307382 16.183665
 830.000000 0.290307 9.709760
 835.000000 0.288434 10.233671
 840.000000 0.307301 15.215471
 845.000000 0.286563 10.079058
 850.000000 0.295927 11.306988
 855.000000 0.299725 13.612749
 860.000000 0.304321 13.152795
 865.000000 0.300116 14.693064
 870.000000 0.304708 12.763774
 875.000000 0.306085 15.049868
 880.000000 0.308036 13.213216
 885.000000 0.299411 14.746154
 890.000000 0.304041 12.573938
 895.000000 0.299660 15.543564
 900.000000 0.300276 16.595333
 905.000000 0.304113 14.246740
 910.000000 0.309741 15.277786
 915.000000 0.301845 12.036745
 920.000000 0.307784 18.335194
 925.000000 0.312589 19.204823
 930.000000 0.310541 18.551112
 935.000000 0.296847 13.131493
 940.000000 0.315233 16.659697
 945.000000 0.320354 19.457393
 950.000000 0.332437 23.063442
 955.000000 0.320269 17.187651
 960.000000 0.307966 17.608568
 965.000000 0.305969 13.634980
 970.000000 0.313068 14.528370
 975.000000 0.318591 18.662027
 980.000000 0.314045 18.405408
 985.000000 0.301568 13.221729
 990.000000 0.297677 11.237974
 995.000000 0.300518 12.097394
 1000.000000 0.308171 14.152520
