#! FIELDS time refcv.mean refcv.morethan
 20.000000 0.555958 200.680952
 25.000000 0.577384 218.129273
 30.000000 0.573499 217.180715
 35.000000 0.563835 210.408822
 40.000000 0.573661 215.869093
 45.000000 0.566144 206.893754
 50.000000 0.571268 211.991692
 55.000000 0.581117 224.156657
 60.000000 0.563258 203.487197
 65.000000 0.569937 214.105144
 70.000000 0.567426 210.516295
 75.000000 0.571197 213.473503
 80.000000 0.573178 212.252664
 85.000000 0.581452 224.783893
 90.000000 0.588386 227.143534
 95.000000 0.573676 215.788945
 100.000000 0.575887 218.537306
 105.000000 0.575793 216.983602
 110.000000 0.579079 219.580243
 115.000000 0.567147 206.965882
 120.000000 0.581119 222.259300
 125.000000 0.580766 222.847196
 130.000000 0.575077 216.241754
 135.000000 0.580340 222.856823
 140.000000 0.567538 208.117357
 145.000000 0.571882 214.429253
 150.000000 0.572972 216.019414
 155.000000 0.581518 220.147432
 160.000000 0.579793 221.280890
 165.000000 0.580729 222.279712
 170.000000 0.564681 206.873920
 175.000000 0.576595 217.467504
 180.000000 0.575321 215.962198
 185.000000 0.576889 220.222942
 190.000000 0.560696 205.880191
 195.000000 0.575997 220.250751
 200.000000 0.569309 213.148324
 205.000000 0.577964 221.425289
 210.000000 0.586804 224.969969
 215.000000 0.577065 218.077912
 220.000000 0.568498 211.835401
 225.000000 0.573347 216.020014
 230.000000 0.576645 216.523193
 235.000000 0.562529 205.853325
 240.000000 0.563680 207.000285
 245.000000 0.569144 212.604721
 250.000000 0.560905 204.345088
 255.000000 0.557638 202.620552
 260.000000 0.572193 215.059848
 265.000000 0.580399 219.776666
 270.000000 0.561213 204.071502
 275.000000 0.567867 208.157096
 280.000000 0.576674 216.449186
 285.000000 0.559541 203.264050
 290.000000 0.573140 218.765331
 295.000000 0.571405 214.419837
 300.000000 0.570070 214.453452
 305.000000 0.560840 201.202932
 310.000000 0.576988 218.465465
 315.000000 0.571062 215.361124
 320.000000 0.574230 217.636920
 325.000000 0.569506 213.157294
 330.000000 0.558828 200.727002
 335.000000 0.567720 209.401971
 340.000000 0.573245 215.295753
 345.000000 0.569370 214.340308
 350.000000 0.566633 206.770648
 355.000000 0.569823 209.457644
 360.000000 0.575584 216.897966
 365.000000 0.573515 216.717478
 370.000000 0.568467 211.564204
 375.000000 0.565502 208.998756
 380.000000 0.575277 217.030205
 385.000000 0.574621 215.306292
 390.000000 0.575061 217.517542
 395.000000 0.574067 217.138366
 400.000000 0.572825 215.830186
 405.000000 0.564586 208.228107
 410.000000 0.571271 216.932702
 415.000000 0.567129 210.353035
 420.000000 0.562952 204.987785
 425.000000 0.567500 212.647821
 430.000000 0.567872 210.333988
 435.000000 0.564712 209.035041
 440.000000 0.563901 207.759878
 445.000000 0.577812 220.291285
 450.000000 0.569215 212.629272
 455.000000 0.580786 221.317376
 460.000000 0.577595 220.256920
 465.000000 0.575989 217.377704
 470.000000 0.569060 213.595339
 475.000000 0.572176 215.568929
 480.000000 0.583206 223.664931
 485.000000 0.582406 226.296106
 490.000000 0.570593 213.124947
 495.000000 0.574830 218.785022
 500.000000 0.572801 213.224910
 505.000000 0.567810 212.336231
 510.000000 0.568301 210.135218
 515.000000 0.568221 207.241941
 520.000000 0.571228 213.754580
 525.000000 0.560649 204.252726
 530.000000 0.573564 215.822743
 535.000000 0.570160 210.807110
 540.000000 0.574828 218.678469
 545.000000 0.579789 221.525656
 550.000000 0.585831 227.806745
 555.000000 0.562183 205.693822
 560.000000 0.562225 207.767715
 565.000000 0.563898 207.206911
 570.000000 0.573955 214.382763
 575.000000 0.571717 213.872622
 580.000000 0.571488 213.288938
 585.000000 0.572064 214.590568
 590.000000 0.572922 215.311491
 595.000000 0.567292 206.150554
 600.000000 0.572018 215.946690
 605.000000 0.564930 209.450201
 610.000000 0.548239 192.002497
 615.000000 0.574198 212.565339
 620.000000 0.569957 210.255501
 625.000000 0.572368 214.225291
 630.000000 0.577700 220.604400
 635.000000 0.576376 214.297546
 640.000000 0.568656 210.421357
 645.000000 0.572526 216.843616
 650.000000 0.567082 208.582304
 655.000000 0.573507 216.761386
 660.000000 0.567660 211.614771
 665.000000 0.566504 208.387157
 670.000000 0.571656 212.310759
 675.000000 0.556889 197.857034
 680.000000 0.568812 210.299653
 685.000000 0.573385 213.833485
 690.000000 0.574391 214.091080
 695.000000 0.563091 206.241298
 700.000000 0.567802 212.909245
 705.000000 0.568292 212.550635
 710.000000 0.579749 218.049331
 715.000000 0.572119 216.078343
 720.000000 0.561639 204.164171
 725.000000 0.572520 216.621827
 730.000000 0.578667 217.975914
 735.000000 0.577566 220.505381
 740.000000 0.565862 207.481467
 745.000000 0.569470 214.194012
 750.000000 0.568744 212.789302
 755.000000 0.563466 205.620924
 760.000000 0.567313 210.018856
 765.000000 0.579912 221.834391
 770.000000 0.566424 209.844116
 775.000000 0.580394 220.363582
 780.000000 0.572072 213.578618
 785.000000 0.580116 219.326515
 790.000000 0.577908 217.418437
 795.000000 0.582836 224.026079
 800.000000 0.577611 218.969503
 805.000000 0.578602 223.081572
 810.000000 0.573900 215.196027
 815.000000 0.581489 220.627345
 820.000000 0.578386 221.064912
 825.000000 0.570353 212.340734
 830.000000 0.551298 196.853449
 835.000000 0.556544 200.123805
 840.000000 0.567736 209.002525
 845.000000 0.557088 202.098732
 850.000000 0.559733 205.569745
 855.000000 0.566116 210.763857
 860.000000 0.567854 210.536631
 865.000000 0.565320 206.110667
 870.000000 0.567074 211.879101
 875.000000 0.575686 217.579138
 880.000000 0.569873 214.094903
 885.000000 0.566310 206.352484
 890.000000 0.569740 213.545391
 895.000000 0.565677 207.844406
 900.000000 0.563480 204.512486
 905.000000 0.569055 213.550047
 910.000000 0.575907 217.883795
 915.000000 0.574196 218.660543
 920.000000 0.577199 217.509619
 925.000000 0.577965 219.737650
 930.000000 0.575146 215.372826
 935.000000 0.567348 207.965108
 940.000000 0.581257 220.759374
 945.000000 0.585899 225.816677
 950.000000 0.588579 227.300045
 955.000000 0.579146 222.516660
 960.000000 0.570597 212.714173
 965.000000 0.572398 215.425279
 970.000000 0.577472 219.617226
 975.000000 0.580654 221.241238
 980.000000 0.577519 218.796730
 985.000000 0.565432 209.301377
 990.000000 0.559051 203.295573
 995.000000 0.564673 210.503250
 1000.000000 0.570726 214.311411
