#! FIELDS time refcv.mean refcv.morethan
 20.000000 1.041249 287.947086
 25.000000 1.065073 287.960799
 30.000000 1.045425 287.949086
 35.000000 1.040481 287.949418
 40.000000 1.049005 287.951370
 45.000000 1.051642 287.953295
 50.000000 1.056750 287.957128
 55.000000 1.069640 287.963472
 60.000000 1.049893 287.952242
 65.000000 1.056636 287.957745
 70.000000 1.052463 287.954768
 75.000000 1.069399 287.962697
 80.000000 1.056900 287.953462
 85.000000 1.068346 287.962968
 90.000000 1.082822 287.966959
 95.000000 1.061888 287.959668
 100.000000 1.067455 287.961349
 105.000000 1.062641 287.957712
 110.000000 1.066822 287.961147
 115.000000 1.058663 287.956140
 120.000000 1.066368 287.960349
 125.000000 1.066195 287.961814
 130.000000 1.062135 287.957150
 135.000000 1.059699 287.957627
 140.000000 1.054728 287.953337
 145.000000 1.060569 287.958952
 150.000000 1.056233 287.955700
 155.000000 1.066514 287.960499
 160.000000 1.071820 287.964305
 165.000000 1.067463 287.961704
 170.000000 1.043765 287.950162
 175.000000 1.058675 287.957200
 180.000000 1.066150 287.960885
 185.000000 1.061006 287.959649
 190.000000 1.048231 287.952622
 195.000000 1.065948 287.961279
 200.000000 1.055378 287.957199
 205.000000 1.074690 287.964688
 210.000000 1.066825 287.960952
 215.000000 1.060533 287.959499
 220.000000 1.046713 287.949345
 225.000000 1.064421 287.960134
 230.000000 1.061590 287.957859
 235.000000 1.050988 287.953404
 240.000000 1.050304 287.954635
 245.000000 1.060888 287.958032
 250.000000 1.059595 287.958447
 255.000000 1.050854 287.953962
 260.000000 1.063649 287.959527
 265.000000 1.061797 287.957610
 270.000000 1.051227 287.952346
 275.000000 1.062516 287.958833
 280.000000 1.067794 287.961215
 285.000000 1.049597 287.953242
 290.000000 1.075873 287.965559
 295.000000 1.061732 287.959519
 300.000000 1.059987 287.958754
 305.000000 1.051896 287.954375
 310.000000 1.060917 287.957994
 315.000000 1.051924 287.956066
 320.000000 1.058787 287.956641
 325.000000 1.051282 287.952381
 330.000000 1.042507 287.948453
 335.000000 1.045356 287.947793
 340.000000 1.057378 287.957335
 345.000000 1.063217 287.958659
 350.000000 1.045414 287.949782
 355.000000 1.045098 287.948219
 360.000000 1.062580 287.959389
 365.000000 1.063851 287.961315
 370.000000 1.062761 287.958268
 375.000000 1.067333 287.961491
 380.000000 1.067138 287.961770
 385.000000 1.064373 287.959075
 390.000000 1.066204 287.961391
 395.000000 1.054558 287.954872
 400.000000 1.061590 287.959533
 405.000000 1.051690 287.954232
 410.000000 1.061854 287.959958
 415.000000 1.050326 287.952595
 420.000000 1.050872 287.950894
 425.000000 1.058786 287.957308
 430.000000 1.063097 287.960326
 435.000000 1.058023 287.957382
 440.000000 1.050474 287.953995
 445.000000 1.065388 287.962144
 450.000000 1.056512 287.957247
 455.000000 1.065177 287.959976
 460.000000 1.066493 287.961546
 465.000000 1.060916 287.958928
 470.000000 1.060560 287.958813
 475.000000 1.053225 287.955865
 480.000000 1.062497 287.960846
 485.000000 1.077675 287.966429
 490.000000 1.059810 287.957917
 495.000000 1.061247 287.958053
 500.000000 1.057583 287.956884
 505.000000 1.056359 287.956891
 510.000000 1.049583 287.953025
 515.000000 1.042815 287.945871
 520.000000 1.059633 287.958037
 525.000000 1.052467 287.954522
 530.000000 1.059657 287.957556
 535.000000 1.045846 287.949220
 540.000000 1.066922 287.960822
 545.000000 1.062248 287.959409
 550.000000 1.070490 287.964241
 555.000000 1.047145 287.952729
 560.000000 1.046568 287.951776
 565.000000 1.041325 287.946978
 570.000000 1.051011 287.953280
 575.000000 1.053301 287.951889
 580.000000 1.057380 287.957207
 585.000000 1.052158 287.954525
 590.000000 1.059937 287.958729
 595.000000 1.054260 287.953893
 600.000000 1.057435 287.957411
 605.000000 1.053419 287.954266
 610.000000 1.039142 287.943426
 615.000000 1.053652 287.954637
 620.000000 1.052619 287.952445
 625.000000 1.055456 287.954753
 630.000000 1.060566 287.958531
 635.000000 1.060205 287.956358
 640.000000 1.057190 287.955055
 645.000000 1.054126 287.956106
 650.000000 1.049079 287.953436
 655.000000 1.058545 287.957620
 660.000000 1.055434 287.955884
 665.000000 1.055850 287.955633
 670.000000 1.058532 287.957685
 675.000000 1.041240 287.944404
 680.000000 1.048508 287.952755
 685.000000 1.052703 287.955045
 690.000000 1.055502 287.953486
 695.000000 1.053426 287.954368
 700.000000 1.052580 287.955851
 705.000000 1.052652 287.954505
 710.000000 1.064206 287.960812
 715.000000 1.060736 287.958623
 720.000000 1.050331 287.951841
 725.000000 1.065269 287.960825
 730.000000 1.061776 287.958418
 735.000000 1.057327 287.957319
 740.000000 1.050057 287.951422
 745.000000 1.056876 287.956851
 750.000000 1.059141 287.957336
 755.000000 1.048209 287.951959
 760.000000 1.058083 287.956939
 765.000000 1.067176 287.962317
 770.000000 1.047342 287.951475
 775.000000 1.065033 287.958584
 780.000000 1.059831 287.958449
 785.000000 1.065874 287.960771
 790.000000 1.062232 287.959061
 795.000000 1.064032 287.961470
 800.000000 1.064194 287.961462
 805.000000 1.073543 287.964459
 810.000000 1.070635 287.962057
 815.000000 1.069324 287.960243
 820.000000 1.070485 287.964132
 825.000000 1.056807 287.957710
 830.000000 1.038100 287.947170
 835.000000 1.051626 287.954037
 840.000000 1.048753 287.951250
 845.000000 1.053892 287.953273
 850.000000 1.049204 287.952817
 855.000000 1.058702 287.957731
 860.000000 1.054325 287.957294
 865.000000 1.057045 287.955637
 870.000000 1.057366 287.958114
 875.000000 1.063466 287.961562
 880.000000 1.051671 287.955189
 885.000000 1.051211 287.952328
 890.000000 1.061376 287.958941
 895.000000 1.053624 287.954007
 900.000000 1.046544 287.951306
 905.000000 1.056121 287.955252
 910.000000 1.066087 287.960714
 915.000000 1.064062 287.960932
 920.000000 1.068606 287.962204
 925.000000 1.070064 287.961161
 930.000000 1.058246 287.957203
 935.000000 1.059579 287.956821
 940.000000 1.065111 287.961265
 945.000000 1.070317 287.963513
 950.000000 1.071148 287.963033
 955.000000 1.049822 287.953747
 960.000000 1.057745 287.957043
 965.000000 1.054003 287.955117
 970.000000 1.060068 287.956745
 975.000000 1.062923 287.960647
 980.000000 1.059232 287.958871
 985.000000 1.050260 287.955022
 990.000000 1.048490 287.950905
 995.000000 1.045733 287.949504
 1000.000000 1.055535 287.956530
