#! FIELDS time refcv.mean refcv.morethan
 20.000000 0.413148 55.825549
 25.000000 0.436157 75.134166
 30.000000 0.435672 76.004421
 35.000000 0.422042 61.402564
 40.000000 0.435152 73.014615
 45.000000 0.425485 67.739689
 50.000000 0.430095 70.070148
 55.000000 0.440964 80.046353
 60.000000 0.423306 65.799972
 65.000000 0.427898 68.519903
 70.000000 0.425843 68.097770
 75.000000 0.428293 70.019998
 80.000000 0.433828 78.919867
 85.000000 0.441103 78.190860
 90.000000 0.444335 82.990895
 95.000000 0.431964 69.120353
 100.000000 0.433172 73.835915
 105.000000 0.436110 77.320528
 110.000000 0.437375 73.241366
 115.000000 0.426613 71.462637
 120.000000 0.441658 83.808680
 125.000000 0.440563 77.633444
 130.000000 0.435692 76.962799
 135.000000 0.442638 81.994030
 140.000000 0.425238 67.807034
 145.000000 0.427611 69.151775
 150.000000 0.431319 71.516384
 155.000000 0.443758 85.328185
 160.000000 0.438020 78.210963
 165.000000 0.441026 81.886314
 170.000000 0.423620 67.374566
 175.000000 0.437574 77.133504
 180.000000 0.434299 73.599216
 185.000000 0.437995 76.523574
 190.000000 0.417847 60.371520
 195.000000 0.433570 72.397413
 200.000000 0.430234 71.310860
 205.000000 0.434455 72.934029
 210.000000 0.446721 87.375687
 215.000000 0.434921 75.389536
 220.000000 0.427415 67.742690
 225.000000 0.433055 73.073028
 230.000000 0.435870 78.942736
 235.000000 0.421557 64.215974
 240.000000 0.422299 63.016662
 245.000000 0.425311 66.225715
 250.000000 0.415896 60.503315
 255.000000 0.414583 56.064000
 260.000000 0.431270 72.092385
 265.000000 0.441418 80.348929
 270.000000 0.417564 63.350777
 275.000000 0.423831 67.616999
 280.000000 0.433158 75.062139
 285.000000 0.417308 61.621421
 290.000000 0.427865 65.666234
 295.000000 0.431101 72.938078
 300.000000 0.426056 65.481376
 305.000000 0.417976 66.469442
 310.000000 0.435575 77.868765
 315.000000 0.429856 71.948346
 320.000000 0.432400 73.077711
 325.000000 0.428906 71.439530
 330.000000 0.416410 59.999972
 335.000000 0.427794 69.307288
 340.000000 0.433355 73.793291
 345.000000 0.426082 65.248123
 350.000000 0.427818 71.722541
 355.000000 0.428727 71.026529
 360.000000 0.433045 74.968095
 365.000000 0.431372 73.385268
 370.000000 0.426313 68.578612
 375.000000 0.420503 61.689561
 380.000000 0.432966 74.332287
 385.000000 0.432799 75.513948
 390.000000 0.431780 74.349237
 395.000000 0.434342 75.871927
 400.000000 0.428551 68.311513
 405.000000 0.423053 66.233444
 410.000000 0.429227 68.151291
 415.000000 0.425290 68.100214
 420.000000 0.422313 66.053941
 425.000000 0.424619 64.496262
 430.000000 0.422805 66.012504
 435.000000 0.420777 63.461738
 440.000000 0.422036 63.119177
 445.000000 0.436056 74.120664
 450.000000 0.428239 69.932778
 455.000000 0.436398 77.258734
 460.000000 0.433935 75.908141
 465.000000 0.433276 73.437726
 470.000000 0.424660 64.936540
 475.000000 0.431755 70.843100
 480.000000 0.443332 82.825551
 485.000000 0.439022 75.823220
 490.000000 0.429509 71.584207
 495.000000 0.432770 73.056121
 500.000000 0.431167 74.358993
 505.000000 0.426310 68.325396
 510.000000 0.427037 69.858583
 515.000000 0.430789 73.821330
 520.000000 0.429576 70.729788
 525.000000 0.417664 60.739861
 530.000000 0.431492 72.002436
 535.000000 0.429854 72.060893
 540.000000 0.430485 70.216405
 545.000000 0.439038 75.993100
 550.000000 0.444367 82.434148
 555.000000 0.420825 64.678776
 560.000000 0.420782 63.053624
 565.000000 0.423621 67.075744
 570.000000 0.436214 76.504269
 575.000000 0.430619 71.700648
 580.000000 0.429368 72.694792
 585.000000 0.432882 74.970920
 590.000000 0.432204 73.393832
 595.000000 0.425011 71.105619
 600.000000 0.428909 69.718481
 605.000000 0.423150 64.254855
 610.000000 0.404227 52.718102
 615.000000 0.434890 77.095649
 620.000000 0.429643 71.485920
 625.000000 0.430338 72.696839
 630.000000 0.437536 77.885099
 635.000000 0.436368 78.111861
 640.000000 0.426963 69.126962
 645.000000 0.431621 72.311615
 650.000000 0.426979 68.612631
 655.000000 0.432913 71.933026
 660.000000 0.425657 66.303255
 665.000000 0.426856 69.694219
 670.000000 0.429815 73.830558
 675.000000 0.415945 60.923662
 680.000000 0.428983 72.159450
 685.000000 0.433999 75.353909
 690.000000 0.433957 74.068431
 695.000000 0.418533 62.703231
 700.000000 0.425219 65.211400
 705.000000 0.427116 67.399694
 710.000000 0.438665 80.033577
 715.000000 0.429622 68.901860
 720.000000 0.420018 62.880949
 725.000000 0.429879 70.875315
 730.000000 0.438463 77.341254
 735.000000 0.437485 76.860630
 740.000000 0.424406 67.801887
 745.000000 0.428490 68.555441
 750.000000 0.427387 67.266321
 755.000000 0.423508 67.587297
 760.000000 0.425259 66.999695
 765.000000 0.439446 78.395903
 770.000000 0.425167 68.842178
 775.000000 0.442686 81.865875
 780.000000 0.430489 72.279960
 785.000000 0.438246 80.225369
 790.000000 0.437686 80.739537
 795.000000 0.441889 82.853413
 800.000000 0.436840 80.033679
 805.000000 0.434078 72.641597
 810.000000 0.428935 71.875944
 815.000000 0.440761 81.627742
 820.000000 0.435656 74.816959
 825.000000 0.429181 70.748634
 830.000000 0.409824 55.239988
 835.000000 0.412176 56.679271
 840.000000 0.427869 70.020528
 845.000000 0.411375 55.683630
 850.000000 0.417466 57.087773
 855.000000 0.422431 65.046078
 860.000000 0.426141 68.204577
 865.000000 0.423004 66.516749
 870.000000 0.425587 67.155106
 875.000000 0.432170 71.505469
 880.000000 0.428801 70.180537
 885.000000 0.423514 68.430512
 890.000000 0.426342 67.418833
 895.000000 0.422808 63.947370
 900.000000 0.422465 65.920062
 905.000000 0.427447 67.218664
 910.000000 0.434662 73.792476
 915.000000 0.430246 72.162140
 920.000000 0.433055 74.506012
 925.000000 0.436789 77.588171
 930.000000 0.433270 74.545920
 935.000000 0.423000 67.776479
 940.000000 0.439834 81.222104
 945.000000 0.444939 85.279800
 950.000000 0.452012 91.626897
 955.000000 0.442545 80.786223
 960.000000 0.430855 68.659610
 965.000000 0.431113 73.201593
 970.000000 0.436544 74.605023
 975.000000 0.441225 82.201991
 980.000000 0.436967 76.622183
 985.000000 0.423327 66.207584
 990.000000 0.417778 63.255436
 995.000000 0.423213 63.192225
 1000.000000 0.430531 71.471090
