#! FIELDS time refcv.mean refcv.morethan
 20.000000 0.971085 287.872988
 25.000000 0.994101 287.907461
 30.000000 0.976641 287.880453
 35.000000 0.971732 287.881735
 40.000000 0.980061 287.885870
 45.000000 0.980651 287.887867
 50.000000 0.986018 287.898353
 55.000000 0.997751 287.913102
 60.000000 0.979318 287.886146
 65.000000 0.985633 287.899744
 70.000000 0.981827 287.892159
 75.000000 0.996466 287.910197
 80.000000 0.986034 287.888454
 85.000000 0.997272 287.912936
 90.000000 1.010584 287.922289
 95.000000 0.990023 287.903509
 100.000000 0.995349 287.907326
 105.000000 0.991679 287.899773
 110.000000 0.995737 287.907386
 115.000000 0.986747 287.893375
 120.000000 0.995237 287.906001
 125.000000 0.994610 287.910188
 130.000000 0.990871 287.896617
 135.000000 0.988890 287.900603
 140.000000 0.984472 287.888366
 145.000000 0.988655 287.901273
 150.000000 0.984352 287.893877
 155.000000 0.995515 287.906156
 160.000000 0.999412 287.914655
 165.000000 0.996316 287.910380
 170.000000 0.974099 287.882576
 175.000000 0.987682 287.898256
 180.000000 0.994282 287.906937
 185.000000 0.990516 287.905329
 190.000000 0.976902 287.886164
 195.000000 0.993226 287.906768
 200.000000 0.984891 287.898688
 205.000000 1.001832 287.916043
 210.000000 0.996704 287.907788
 215.000000 0.990258 287.905476
 220.000000 0.977764 287.882571
 225.000000 0.992168 287.904260
 230.000000 0.990957 287.900483
 235.000000 0.979478 287.887325
 240.000000 0.980090 287.892913
 245.000000 0.989112 287.899744
 250.000000 0.986753 287.899643
 255.000000 0.979687 287.888402
 260.000000 0.990224 287.901858
 265.000000 0.991942 287.900850
 270.000000 0.980289 287.886556
 275.000000 0.990380 287.900947
 280.000000 0.996422 287.907960
 285.000000 0.977773 287.886490
 290.000000 1.003290 287.917900
 295.000000 0.990660 287.903532
 300.000000 0.989176 287.902370
 305.000000 0.980349 287.890059
 310.000000 0.990919 287.901902
 315.000000 0.981889 287.897233
 320.000000 0.988097 287.897620
 325.000000 0.980464 287.886536
 330.000000 0.972048 287.877382
 335.000000 0.976062 287.876242
 340.000000 0.985734 287.896936
 345.000000 0.991332 287.899906
 350.000000 0.975123 287.880333
 355.000000 0.975069 287.876931
 360.000000 0.991416 287.903059
 365.000000 0.992201 287.907893
 370.000000 0.990513 287.899592
 375.000000 0.994193 287.906412
 380.000000 0.995477 287.908671
 385.000000 0.992406 287.901306
 390.000000 0.994880 287.908314
 395.000000 0.984315 287.893523
 400.000000 0.990014 287.904134
 405.000000 0.980984 287.891448
 410.000000 0.990449 287.904705
 415.000000 0.979354 287.886954
 420.000000 0.979590 287.881407
 425.000000 0.986833 287.897064
 430.000000 0.991437 287.905291
 435.000000 0.985234 287.896808
 440.000000 0.979586 287.890510
 445.000000 0.993990 287.910564
 450.000000 0.984836 287.897274
 455.000000 0.994216 287.904748
 460.000000 0.995149 287.909477
 465.000000 0.990147 287.901983
 470.000000 0.989252 287.901835
 475.000000 0.982983 287.896167
 480.000000 0.993079 287.909104
 485.000000 1.004350 287.920217
 490.000000 0.987580 287.899427
 495.000000 0.990734 287.900074
 500.000000 0.986660 287.897814
 505.000000 0.985356 287.897487
 510.000000 0.979884 287.889599
 515.000000 0.973966 287.871378
 520.000000 0.987567 287.898984
 525.000000 0.980774 287.890086
 530.000000 0.988595 287.899211
 535.000000 0.975862 287.879847
 540.000000 0.994961 287.906761
 545.000000 0.991255 287.903591
 550.000000 0.999709 287.916504
 555.000000 0.976994 287.888430
 560.000000 0.976223 287.884719
 565.000000 0.972374 287.874975
 570.000000 0.980732 287.888896
 575.000000 0.983406 287.886257
 580.000000 0.985945 287.897845
 585.000000 0.981661 287.891806
 590.000000 0.988931 287.901649
 595.000000 0.983258 287.888903
 600.000000 0.986917 287.899823
 605.000000 0.982915 287.891610
 610.000000 0.967663 287.861362
 615.000000 0.983185 287.891923
 620.000000 0.982086 287.886763
 625.000000 0.983984 287.891671
 630.000000 0.990294 287.902409
 635.000000 0.989031 287.896254
 640.000000 0.986001 287.892976
 645.000000 0.983869 287.896477
 650.000000 0.979384 287.890677
 655.000000 0.987619 287.899619
 660.000000 0.985193 287.895578
 665.000000 0.984423 287.894287
 670.000000 0.987946 287.900111
 675.000000 0.970703 287.864869
 680.000000 0.978432 287.887445
 685.000000 0.983027 287.894808
 690.000000 0.985238 287.889862
 695.000000 0.982181 287.889742
 700.000000 0.982025 287.895695
 705.000000 0.981935 287.892188
 710.000000 0.993457 287.908287
 715.000000 0.989263 287.901230
 720.000000 0.978994 287.884924
 725.000000 0.992693 287.904871
 730.000000 0.990987 287.901612
 735.000000 0.986940 287.899248
 740.000000 0.979847 287.884445
 745.000000 0.985618 287.897335
 750.000000 0.987603 287.898229
 755.000000 0.977806 287.885508
 760.000000 0.986742 287.897732
 765.000000 0.994670 287.909604
 770.000000 0.977450 287.885295
 775.000000 0.994022 287.901781
 780.000000 0.988730 287.901383
 785.000000 0.994369 287.906808
 790.000000 0.991351 287.903204
 795.000000 0.994281 287.910373
 800.000000 0.993375 287.909035
 805.000000 1.000550 287.914924
 810.000000 0.997767 287.908720
 815.000000 0.998488 287.905281
 820.000000 0.997847 287.913970
 825.000000 0.985704 287.899440
 830.000000 0.967933 287.874538
 835.000000 0.980382 287.889794
 840.000000 0.978958 287.883922
 845.000000 0.982333 287.885912
 850.000000 0.978502 287.887535
 855.000000 0.986875 287.898620
 860.000000 0.982637 287.897705
 865.000000 0.985240 287.892502
 870.000000 0.985683 287.900071
 875.000000 0.991876 287.908775
 880.000000 0.982080 287.894276
 885.000000 0.980310 287.885101
 890.000000 0.989703 287.901996
 895.000000 0.981903 287.889631
 900.000000 0.975544 287.882616
 905.000000 0.985069 287.893355
 910.000000 0.994687 287.906767
 915.000000 0.992743 287.907524
 920.000000 0.996887 287.910027
 925.000000 0.998039 287.907708
 930.000000 0.986979 287.897303
 935.000000 0.987466 287.896390
 940.000000 0.994334 287.908654
 945.000000 0.999428 287.914645
 950.000000 0.999664 287.912097
 955.000000 0.979874 287.891636
 960.000000 0.986690 287.897558
 965.000000 0.982902 287.893361
 970.000000 0.989914 287.898890
 975.000000 0.991697 287.906663
 980.000000 0.988495 287.903361
 985.000000 0.978835 287.892394
 990.000000 0.976912 287.881076
 995.000000 0.975931 287.881009
 1000.000000 0.985075 287.897721
