#! FIELDS refcv hh dhh_refcv
#! SET normalisation  197.000000
#! SET min_refcv -0.5
#! SET max_refcv 2
#! SET nbins_refcv  1000
#! SET periodic_refcv false
 -0.500000 0.000000 0.000000
 -0.497500 0.000000 0.000000
 -0.495000 0.000000 0.000000
 -0.492500 0.000000 0.000000
 -0.490000 0.000000 0.000000
 -0.487500 0.000000 0.000000
 -0.485000 0.000000 0.000000
 -0.482500 0.000000 0.000000
 -0.480000 0.000000 0.000000
 -0.477500 0.000000 0.000000
 -0.475000 0.000000 0.000000
 -0.472500 0.000000 0.000000
 -0.470000 0.000000 0.000000
 -0.467500 0.000000 0.000000
 -0.465000 0.000000 0.000000
 -0.462500 0.000000 0.000000
 -0.460000 0.000000 0.000000
 -0.457500 0.000000 0.000000
 -0.455000 0.000000 0.000000
 -0.452500 0.000000 0.000000
 -0.450000 0.000000 0.000000
 -0.447500 0.000000 0.000000
 -0.445000 0.000000 0.000000
 -0.442500 0.000000 0.000000
 -0.440000 0.000000 0.000000
 -0.437500 0.000000 0.000000
 -0.435000 0.000000 0.000000
 -0.432500 0.000000 0.000000
 -0.430000 0.000000 0.000000
 -0.427500 0.000000 0.000000
 -0.425000 0.000000 0.000000
 -0.422500 0.000000 0.000000
 -0.420000 0.000000 0.000000
 -0.417500 0.000000 0.000000
 -0.415000 0.000000 0.000000
 -0.412500 0.000000 0.000000
 -0.410000 0.000000 0.000000
 -0.407500 0.000000 0.000000
 -0.405000 0.000000 0.000000
 -0.402500 0.000000 0.000000
 -0.400000 0.000000 0.000000
 -0.397500 0.000000 0.000000
 -0.395000 0.000000 0.000000
 -0.392500 0.000000 0.000000
 -0.390000 0.000000 0.000000
 -0.387500 0.000000 0.000000
 -0.385000 0.000000 0.000000
 -0.382500 0.000000 0.000000
 -0.380000 0.000000 0.000000
 -0.377500 0.000000 0.000000
 -0.375000 0.000000 0.000000
 -0.372500 0.000000 0.000000
 -0.370000 0.000000 0.000000
 -0.367500 0.000000 0.000000
 -0.365000 0.000000 0.000000
 -0.362500 0.000000 0.000000
 -0.360000 0.000000 0.000000
 -0.357500 0.000000 0.000000
 -0.355000 0.000000 0.000000
 -0.352500 0.000000 0.000000
 -0.350000 0.000000 0.000000
 -0.347500 0.000000 0.000000
 -0.345000 0.000000 0.000000
 -0.342500 0.000000 0.000000
 -0.340000 0.000000 0.000000
 -0.337500 0.000000 0.000000
 -0.335000 0.000000 0.000000
 -0.332500 0.000000 0.000000
 -0.330000 0.000000 0.000000
 -0.327500 0.000000 0.000000
 -0.325000 0.000000 0.000000
 -0.322500 0.000000 0.000000
 -0.320000 0.000000 0.000000
 -0.317500 0.000000 0.000000
 -0.315000 0.000000 0.000000
 -0.312500 0.000000 0.000000
 -0.310000 0.000000 0.000000
 -0.307500 0.000000 0.000000
 -0.305000 0.000000 0.000000
 -0.302500 0.000000 0.000000
 -0.300000 0.000000 0.000000
 -0.297500 0.000000 0.000000
 -0.295000 0.000000 0.000000
 -0.292500 0.000000 0.000000
 -0.290000 0.000000 0.000000
 -0.287500 0.000000 0.000000
 -0.285000 0.000000 0.000000
 -0.282500 0.000000 0.000000
 -0.280000 0.000000 0.000000
 -0.277500 0.000000 0.000000
 -0.275000 0.000000 0.000000
 -0.272500 0.000000 0.000000
 -0.270000 0.000000 0.000000
 -0.267500 0.000000 0.000000
 -0.265000 0.000000 0.000000
 -0.262500 0.000000 0.000000
 -0.260000 0.000000 0.000000
 -0.257500 0.000000 0.000000
 -0.255000 0.000000 0.000000
 -0.252500 0.000000 0.000000
 -0.250000 0.000000 0.000000
 -0.247500 0.000000 0.000000
 -0.245000 0.000000 0.000000
 -0.242500 0.000000 0.000000
 -0.240000 0.000000 0.000000
 -0.237500 0.000000 0.000000
 -0.235000 0.000000 0.000000
 -0.232500 0.000000 0.000000
 -0.230000 0.000000 0.000000
 -0.227500 0.000000 0.000000
 -0.225000 0.000000 0.000000
 -0.222500 0.000000 0.000000
 -0.220000 0.000000 0.000000
 -0.217500 0.000000 0.000000
 -0.215000 0.000000 0.000000
 -0.212500 0.000000 0.000000
 -0.210000 0.000000 0.000000
 -0.207500 0.000000 0.000000
 -0.205000 0.000000 0.000000
 -0.202500 0.000000 0.000000
 -0.200000 0.000000 0.000000
 -0.197500 0.000000 0.000000
 -0.195000 0.000000 0.000000
 -0.192500 0.000000 0.000000
 -0.190000 0.000000 0.000000
 -0.187500 0.000000 0.000000
 -0.185000 0.000000 0.000000
 -0.182500 0.000000 0.000000
 -0.180000 0.000000 0.000000
 -0.177500 0.000000 0.000000
 -0.175000 0.000000 0.000000
 -0.172500 0.000000 0.000000
 -0.170000 0.000000 0.000000
 -0.167500 0.000000 0.000000
 -0.165000 0.000000 0.000000
 -0.162500 0.000000 0.000000
 -0.160000 0.000000 0.000000
 -0.157500 0.000000 0.000000
 -0.155000 0.000000 0.000000
 -0.152500 0.000000 0.000000
 -0.150000 0.000000 0.000000
 -0.147500 0.000000 0.000000
 -0.145000 0.000000 0.000000
 -0.142500 0.000000 0.000000
 -0.140000 0.000000 0.000000
 -0.137500 0.000000 0.000000
 -0.135000 0.000000 0.000000
 -0.132500 0.000000 0.000000
 -0.130000 0.000000 0.000000
 -0.127500 0.000000 0.000000
 -0.125000 0.000000 0.000000
 -0.122500 0.000000 0.000000
 -0.120000 0.000000 0.000000
 -0.117500 0.000000 0.000000
 -0.115000 0.000000 0.000000
 -0.112500 0.000000 0.000000
 -0.110000 0.000000 0.000000
 -0.107500 0.000000 0.000000
 -0.105000 0.000000 0.000000
 -0.102500 0.000000 0.000000
 -0.100000 0.000000 0.000000
 -0.097500 0.000000 0.000000
 -0.095000 0.000000 0.000000
 -0.092500 0.000000 0.000000
 -0.090000 0.000000 0.000000
 -0.087500 0.000000 0.000000
 -0.085000 0.000000 0.000000
 -0.082500 0.000000 0.000000
 -0.080000 0.000000 0.000000
 -0.077500 0.000000 0.000000
 -0.075000 0.000000 0.000000
 -0.072500 0.000000 0.000000
 -0.070000 0.000000 0.000000
 -0.067500 0.000000 0.000000
 -0.065000 0.000000 0.000000
 -0.062500 0.000000 0.000000
 -0.060000 0.000000 0.000000
 -0.057500 0.000000 0.000000
 -0.055000 0.000000 0.000000
 -0.052500 0.000000 0.000000
 -0.050000 0.000000 0.000000
 -0.047500 0.000000 0.000000
 -0.045000 0.000000 0.000000
 -0.042500 0.000000 0.000000
 -0.040000 0.000000 0.000000
 -0.037500 0.000000 0.000000
 -0.035000 0.000000 0.000000
 -0.032500 0.000000 0.000000
 -0.030000 0.000000 0.000000
 -0.027500 0.000000 0.000000
 -0.025000 0.000000 0.000000
 -0.022500 0.000000 0.000000
 -0.020000 0.000000 0.000000
 -0.017500 0.000000 0.000000
 -0.015000 0.000000 0.000000
 -0.012500 0.000000 0.000000
 -0.010000 0.000000 0.000000
 -0.007500 0.000000 0.000000
 -0.005000 0.000000 0.000000
 -0.002500 0.000000 0.000000
 0.000000 0.000000 0.000000
 0.002500 0.000000 0.000000
 0.005000 0.000000 0.000000
 0.007500 0.000000 0.000000
 0.010000 0.000000 0.000000
 0.012500 0.000000 0.000000
 0.015000 0.000000 0.000000
 0.017500 0.000000 0.000000
 0.020000 0.000000 0.000000
 0.022500 0.000000 0.000000
 0.025000 0.000000 0.000000
 0.027500 0.000000 0.000000
 0.030000 0.000000 0.000000
 0.032500 0.000000 0.000000
 0.035000 0.000000 0.000000
 0.037500 0.000000 0.000000
 0.040000 0.000000 0.000000
 0.042500 0.000000 0.000000
 0.045000 0.000000 0.000000
 0.047500 0.000000 0.000000
 0.050000 0.000000 0.000000
 0.052500 0.000000 0.000000
 0.055000 0.000000 0.000000
 0.057500 0.000000 0.000000
 0.060000 0.000000 0.000000
 0.062500 0.000000 0.000000
 0.065000 0.000000 0.000000
 0.067500 0.000000 0.000000
 0.070000 0.000000 0.000000
 0.072500 0.000000 0.000000
 0.075000 0.000000 0.000000
 0.077500 0.000000 0.000000
 0.080000 0.000000 0.000000
 0.082500 0.000000 0.000000
 0.085000 0.000000 0.000000
 0.087500 0.000000 0.000000
 0.090000 0.000000 0.000000
 0.092500 0.000000 0.000000
 0.095000 0.000000 0.000000
 0.097500 0.000000 0.000000
 0.100000 0.000000 0.000000
 0.102500 0.000000 0.000000
 0.105000 0.000000 0.000000
 0.107500 0.000000 0.000000
 0.110000 0.000000 0.000000
 0.112500 0.000000 0.000000
 0.115000 0.000000 0.000000
 0.117500 0.000000 0.000000
 0.120000 0.000000 0.000000
 0.122500 0.000000 0.000000
 0.125000 0.000000 0.000000
 0.127500 0.000000 0.000000
 0.130000 0.000000 0.000000
 0.132500 0.000000 0.000000
 0.135000 0.000000 0.000000
 0.137500 0.000000 0.000000
 0.140000 0.000000 0.000000
 0.142500 0.000000 0.000000
 0.145000 0.000000 0.000000
 0.147500 0.000000 0.000000
 0.150000 0.000000 0.000000
 0.152500 0.000000 0.000000
 0.155000 0.000000 0.000000
 0.157500 0.000000 0.000000
 0.160000 0.000000 0.000000
 0.162500 0.000000 0.000000
 0.165000 0.000000 0.000000
 0.167500 0.000000 0.000000
 0.170000 0.000000 0.000000
 0.172500 0.000000 0.000000
 0.175000 0.000000 0.000000
 0.177500 0.000000 0.000000
 0.180000 0.000000 0.000000
 0.182500 0.000000 0.000000
 0.185000 0.000000 0.000000
 0.187500 0.000000 0.000000
 0.190000 0.000000 0.000000
 0.192500 0.000000 0.000000
 0.195000 0.000000 0.000000
 0.197500 0.000000 0.000000
 0.200000 0.000000 0.000000
 0.202500 0.000000 0.000000
 0.205000 0.000000 0.000000
 0.207500 0.000000 0.000000
 0.210000 0.000000 0.000000
 0.212500 0.000000 0.000000
 0.215000 0.000000 0.000000
 0.217500 0.000000 0.000000
 0.220000 0.000000 0.000000
 0.222500 0.000000 0.000000
 0.225000 0.000000 0.000000
 0.227500 0.000000 0.000000
 0.230000 0.000000 0.000000
 0.232500 0.000000 0.000000
 0.235000 0.000000 0.000000
 0.237500 0.000000 0.000000
 0.240000 0.000000 0.000000
 0.242500 0.000000 0.000000
 0.245000 0.000000 0.000000
 0.247500 0.000000 0.000000
 0.250000 0.000000 0.000000
 0.252500 0.000000 0.000000
 0.255000 0.000000 0.000000
 0.257500 0.000000 0.000000
 0.260000 0.000000 0.000000
 0.262500 0.000000 0.000000
 0.265000 0.000000 0.000000
 0.267500 0.000000 0.000000
 0.270000 0.000000 0.000000
 0.272500 0.000000 0.000000
 0.275000 0.000000 0.000000
 0.277500 0.000000 0.000000
 0.280000 0.000000 0.000000
 0.282500 0.000000 0.000000
 0.285000 0.000000 0.000000
 0.287500 0.000000 0.000000
 0.290000 0.000000 0.000000
 0.292500 0.000000 0.000000
 0.295000 0.000000 0.000000
 0.297500 0.000000 0.000000
 0.300000 0.000000 0.000000
 0.302500 0.000000 0.000000
 0.305000 0.000000 0.000000
 0.307500 0.000000 0.000000
 0.310000 0.000000 0.000000
 0.312500 0.000000 0.000000
 0.315000 0.000000 0.000000
 0.317500 0.000000 0.000000
 0.320000 0.000000 0.000000
 0.322500 0.000000 0.000000
 0.325000 0.000000 0.000000
 0.327500 0.000000 0.000000
 0.330000 0.000000 0.000000
 0.332500 0.000000 0.000000
 0.335000 0.000000 0.000000
 0.337500 0.000000 0.000000
 0.340000 0.000000 0.000000
 0.342500 0.000000 0.000000
 0.345000 0.000000 0.000000
 0.347500 0.000000 0.000000
 0.350000 0.000000 0.000000
 0.352500 0.000000 0.000000
 0.355000 0.000000 0.000000
 0.357500 0.000000 0.000000
 0.360000 0.000000 0.000000
 0.362500 0.000000 0.000000
 0.365000 0.000000 0.000000
 0.367500 0.000000 0.000000
 0.370000 0.000000 0.000000
 0.372500 0.000000 0.000000
 0.375000 0.000000 0.000000
 0.377500 0.000000 0.000000
 0.380000 0.000000 0.000000
 0.382500 0.000000 0.000000
 0.385000 0.000000 0.000000
 0.387500 0.000000 0.000000
 0.390000 0.000000 0.000000
 0.392500 0.000000 0.000000
 0.395000 0.000000 0.000000
 0.397500 0.000000 0.000000
 0.400000 0.000000 0.000000
 0.402500 0.000000 0.000000
 0.405000 0.000000 0.000000
 0.407500 0.000000 0.000000
 0.410000 0.000000 0.000000
 0.412500 0.000000 0.000000
 0.415000 0.000000 0.000000
 0.417500 0.000000 0.000000
 0.420000 0.000000 0.000000
 0.422500 0.000000 0.000000
 0.425000 0.000000 0.000000
 0.427500 0.000000 0.000000
 0.430000 0.000000 0.000000
 0.432500 0.000000 0.000000
 0.435000 0.000000 0.000000
 0.437500 0.000000 0.000000
 0.440000 0.000000 0.000000
 0.442500 0.000000 0.000000
 0.445000 0.000000 0.000000
 0.447500 0.000000 0.000000
 0.450000 0.000000 0.000000
 0.452500 0.000000 0.000000
 0.455000 0.000000 0.000000
 0.457500 0.000000 0.000000
 0.460000 0.000000 0.000000
 0.462500 0.000000 0.000000
 0.465000 0.000000 0.000000
 0.467500 0.000000 0.000000
 0.470000 0.000000 0.000000
 0.472500 0.000000 0.000000
 0.475000 0.000000 0.000000
 0.477500 0.000000 0.000000
 0.480000 0.000000 0.000000
 0.482500 0.000000 0.000000
 0.485000 0.000000 0.000000
 0.487500 0.000000 0.000000
 0.490000 0.000000 0.000000
 0.492500 0.000000 0.000000
 0.495000 0.000000 0.000000
 0.497500 0.000000 0.000000
 0.500000 0.000000 0.000000
 0.502500 0.000000 0.000000
 0.505000 0.000000 0.000000
 0.507500 0.000000 0.000000
 0.510000 0.000000 0.000000
 0.512500 0.000000 0.000000
 0.515000 0.000000 0.000000
 0.517500 0.000000 0.000000
 0.520000 0.000000 0.000000
 0.522500 0.000000 0.000000
 0.525000 0.000000 0.000000
 0.527500 0.000000 0.000000
 0.530000 0.000000 0.000000
 0.532500 0.000000 0.000000
 0.535000 0.000000 0.000000
 0.537500 0.000000 0.000000
 0.540000 0.000000 0.000000
 0.542500 0.000000 0.000000
 0.545000 0.000000 0.000000
 0.547500 0.000000 0.000000
 0.550000 0.000000 0.000000
 0.552500 0.000000 0.000000
 0.555000 0.000000 0.000000
 0.557500 0.000000 0.000000
 0.560000 0.000000 0.000000
 0.562500 0.000000 0.000000
 0.565000 0.000000 0.000000
 0.567500 0.000000 0.000000
 0.570000 0.000000 0.000000
 0.572500 0.000000 0.000000
 0.575000 0.000000 0.000000
 0.577500 0.000000 0.000000
 0.580000 0.000000 0.000000
 0.582500 0.000000 0.000000
 0.585000 0.000000 0.000000
 0.587500 0.000000 0.000000
 0.590000 0.000000 0.000000
 0.592500 0.000000 0.000000
 0.595000 0.000000 0.000000
 0.597500 0.000000 0.000000
 0.600000 0.000000 0.000000
 0.602500 0.000000 0.000000
 0.605000 0.000000 0.000000
 0.607500 0.000000 0.000000
 0.610000 0.000000 0.000000
 0.612500 0.000000 0.000000
 0.615000 0.000000 0.000000
 0.617500 0.000000 0.000000
 0.620000 0.000000 0.000000
 0.622500 0.000000 0.000000
 0.625000 0.000000 0.000000
 0.627500 0.000000 0.000000
 0.630000 0.000000 0.000000
 0.632500 0.000000 0.000000
 0.635000 0.000000 0.000000
 0.637500 0.000000 0.000000
 0.640000 0.000000 0.000000
 0.642500 0.000000 0.000000
 0.645000 0.000000 0.000000
 0.647500 0.000000 0.000000
 0.650000 0.000000 0.000000
 0.652500 0.000000 0.000000
 0.655000 0.000000 0.000000
 0.657500 0.000000 0.000000
 0.660000 0.000000 0.000000
 0.662500 0.000000 0.000000
 0.665000 0.000000 0.000000
 0.667500 0.000000 0.000000
 0.670000 0.000000 0.000000
 0.672500 0.000000 0.000000
 0.675000 0.000000 0.000000
 0.677500 0.000000 0.000000
 0.680000 0.000000 0.000000
 0.682500 0.000000 0.000000
 0.685000 0.000000 0.000000
 0.687500 0.000000 0.000000
 0.690000 0.000000 0.000000
 0.692500 0.000000 0.000000
 0.695000 0.000000 0.000000
 0.697500 0.000000 0.000000
 0.700000 0.000000 0.000000
 0.702500 0.000000 0.000000
 0.705000 0.000000 0.000000
 0.707500 0.000000 0.000000
 0.710000 0.000000 0.000000
 0.712500 0.000000 0.000000
 0.715000 0.000000 0.000000
 0.717500 0.000000 0.000000
 0.720000 0.000000 0.000000
 0.722500 0.000000 0.000000
 0.725000 0.000000 0.000000
 0.727500 0.000000 0.000000
 0.730000 0.000000 0.000000
 0.732500 0.000000 0.000000
 0.735000 0.000000 0.000000
 0.737500 0.000000 0.000000
 0.740000 0.000000 0.000000
 0.742500 0.000000 0.000000
 0.745000 0.000000 0.000000
 0.747500 0.000000 0.000000
 0.750000 0.000000 0.000000
 0.752500 0.000000 0.000000
 0.755000 0.000000 0.000000
 0.757500 0.000000 0.000000
 0.760000 0.000000 0.000000
 0.762500 0.000000 0.000000
 0.765000 0.000000 0.000000
 0.767500 0.000000 0.000000
 0.770000 0.000000 0.000000
 0.772500 0.000000 0.000000
 0.775000 0.000000 0.000000
 0.777500 0.000000 0.000000
 0.780000 0.000000 0.000000
 0.782500 0.000000 0.000000
 0.785000 0.000000 0.000000
 0.787500 0.000000 0.000000
 0.790000 0.000000 0.000000
 0.792500 0.000000 0.000000
 0.795000 0.000000 0.000000
 0.797500 0.000000 0.000000
 0.800000 0.000000 0.000000
 0.802500 0.000000 0.000000
 0.805000 0.000000 0.000000
 0.807500 0.000000 0.000000
 0.810000 0.000000 0.000000
 0.812500 0.000000 0.000000
 0.815000 0.000000 0.000000
 0.817500 0.000000 0.000000
 0.820000 0.000000 0.000000
 0.822500 0.000000 0.000000
 0.825000 0.000000 0.000000
 0.827500 0.000000 0.000000
 0.830000 0.000000 0.000000
 0.832500 0.000000 0.000000
 0.835000 0.000000 0.000000
 0.837500 0.000000 0.000000
 0.840000 0.000000 0.000000
 0.842500 0.000000 0.000000
 0.845000 0.000000 0.000000
 0.847500 0.000000 0.000000
 0.850000 0.000000 0.000000
 0.852500 0.000000 0.000000
 0.855000 0.000000 0.000000
 0.857500 0.000000 0.000000
 0.860000 0.000000 0.000000
 0.862500 0.000000 0.000000
 0.865000 0.000000 0.000000
 0.867500 0.000000 0.000000
 0.870000 0.000000 0.000000
 0.872500 0.000000 0.000000
 0.875000 0.000000 0.000000
 0.877500 0.000000 0.000000
 0.880000 0.000000 0.000000
 0.882500 0.000000 0.000000
 0.885000 0.000000 0.000000
 0.887500 0.000000 0.000000
 0.890000 0.000000 0.000000
 0.892500 0.000000 0.000000
 0.895000 0.000000 0.000000
 0.897500 0.000000 0.000000
 0.900000 0.000000 0.000000
 0.902500 0.000000 0.000000
 0.905000 0.000000 0.000000
 0.907500 0.000000 0.000000
 0.910000 0.000000 0.000000
 0.912500 0.000000 0.000000
 0.915000 0.000000 0.000000
 0.917500 0.000000 0.000000
 0.920000 0.000000 0.000000
 0.922500 0.000000 0.000000
 0.925000 0.000000 0.000000
 0.927500 0.000000 0.000000
 0.930000 0.000000 0.000000
 0.932500 0.000000 0.000000
 0.935000 0.000000 0.000000
 0.937500 0.000000 0.000000
 0.940000 0.000000 0.000000
 0.942500 0.000000 0.000000
 0.945000 0.000000 0.000000
 0.947500 0.000000 0.000000
 0.950000 0.000000 0.000000
 0.952500 0.000000 0.000000
 0.955000 0.000000 0.000000
 0.957500 0.000000 0.000000
 0.960000 0.000000 0.000000
 0.962500 0.000000 0.000000
 0.965000 0.000000 0.000000
 0.967500 0.000000 0.000000
 0.970000 0.000000 0.000000
 0.972500 0.000000 0.000000
 0.975000 0.000000 0.000000
 0.977500 0.000000 0.000000
 0.980000 0.000000 0.000000
 0.982500 0.000000 0.000000
 0.985000 0.000000 0.000000
 0.987500 0.000000 0.000000
 0.990000 0.000000 0.000000
 0.992500 0.000000 0.000000
 0.995000 0.000000 0.000000
 0.997500 0.000000 0.000000
 1.000000 0.000000 0.000000
 1.002500 0.000000 0.000000
 1.005000 0.000000 0.000000
 1.007500 0.000000 0.000000
 1.010000 0.000000 0.000000
 1.012500 0.000000 0.000000
 1.015000 0.000000 0.000000
 1.017500 0.000000 0.000000
 1.020000 0.000000 0.000000
 1.022500 0.000000 0.000000
 1.025000 0.000000 0.000000
 1.027500 0.000000 0.000000
 1.030000 0.000000 0.000000
 1.032500 0.000000 0.000000
 1.035000 0.000000 0.000000
 1.037500 0.000000 0.000000
 1.040000 0.000000 0.000000
 1.042500 0.000000 0.000000
 1.045000 0.000000 0.000000
 1.047500 0.000000 0.000000
 1.050000 0.000000 0.000000
 1.052500 0.000000 0.000000
 1.055000 0.000000 0.000000
 1.057500 0.000000 0.000000
 1.060000 0.000000 0.000000
 1.062500 0.000000 0.000000
 1.065000 0.000000 0.000000
 1.067500 0.000000 0.000000
 1.070000 0.000000 0.000000
 1.072500 0.000000 0.000000
 1.075000 0.000000 0.000000
 1.077500 0.000000 0.000000
 1.080000 0.000000 0.000000
 1.082500 0.000000 0.000000
 1.085000 0.000000 0.000000
 1.087500 0.000000 0.000000
 1.090000 0.000000 0.000000
 1.092500 0.000000 0.000000
 1.095000 0.000000 0.000000
 1.097500 0.000000 0.000000
 1.100000 0.000000 0.000000
 1.102500 0.000000 0.000000
 1.105000 0.000000 0.000000
 1.107500 0.000000 0.000000
 1.110000 0.000000 0.000000
 1.112500 0.000000 0.000000
 1.115000 0.000000 0.000000
 1.117500 0.000000 0.000000
 1.120000 0.000000 0.000000
 1.122500 0.000000 0.000000
 1.125000 0.000000 0.000000
 1.127500 0.000000 0.000000
 1.130000 0.000000 0.000000
 1.132500 0.000000 0.000000
 1.135000 0.000000 0.000000
 1.137500 0.000000 0.000000
 1.140000 0.000000 0.000000
 1.142500 0.000000 0.000000
 1.145000 0.000000 0.000000
 1.147500 0.000000 0.000000
 1.150000 0.000000 0.000000
 1.152500 0.000000 0.000000
 1.155000 0.000000 0.000000
 1.157500 0.000000 0.000000
 1.160000 0.000000 0.000000
 1.162500 0.000000 0.000000
 1.165000 0.000000 0.000000
 1.167500 0.000000 0.000000
 1.170000 0.000000 0.000000
 1.172500 0.000000 0.000000
 1.175000 0.000000 0.000000
 1.177500 0.000000 0.000000
 1.180000 0.000000 0.000000
 1.182500 0.000000 0.000000
 1.185000 0.000000 0.000000
 1.187500 0.000000 0.000000
 1.190000 0.000000 0.000000
 1.192500 0.000000 0.000000
 1.195000 0.000000 0.000000
 1.197500 0.000000 0.000000
 1.200000 0.000000 0.000000
 1.202500 0.000000 0.000000
 1.205000 0.000000 0.000000
 1.207500 0.000000 0.000000
 1.210000 0.000000 0.000000
 1.212500 0.000000 0.000000
 1.215000 0.000000 0.000000
 1.217500 0.000000 0.000000
 1.220000 0.000000 0.000000
 1.222500 0.000000 0.000000
 1.225000 0.000000 0.000000
 1.227500 0.000000 0.000000
 1.230000 0.000000 0.000000
 1.232500 0.000000 0.000000
 1.235000 0.000000 0.000000
 1.237500 0.000000 0.000000
 1.240000 0.000000 0.000000
 1.242500 0.000000 0.000000
 1.245000 0.000000 0.000000
 1.247500 0.000000 0.000000
 1.250000 0.000000 0.000000
 1.252500 0.000000 0.000000
 1.255000 0.000000 0.000000
 1.257500 0.000000 0.000000
 1.260000 0.000000 0.000000
 1.262500 0.000000 0.000000
 1.265000 0.000000 0.000000
 1.267500 0.000000 0.000000
 1.270000 0.000000 0.000000
 1.272500 0.000000 0.000000
 1.275000 0.000000 0.000000
 1.277500 0.000000 0.000000
 1.280000 0.000000 0.000000
 1.282500 0.000000 0.000000
 1.285000 0.000000 0.000000
 1.287500 0.000000 0.000113
 1.290000 0.000001 0.000276
 1.292500 0.000002 0.000630
 1.295000 0.000005 0.001464
 1.297500 0.000010 0.002965
 1.300000 0.000020 0.005622
 1.302500 0.000039 0.009974
 1.305000 0.000072 0.016548
 1.307500 0.000125 0.025773
 1.310000 0.000203 0.037372
 1.312500 0.000313 0.050792
 1.315000 0.000458 0.064324
 1.317500 0.000634 0.076034
 1.320000 0.000835 0.084072
 1.322500 0.001051 0.087443
 1.325000 0.001269 0.086681
 1.327500 0.001483 0.084395
 1.330000 0.001693 0.084435
 1.332500 0.001912 0.091256
 1.335000 0.002159 0.107466
 1.337500 0.002458 0.132864
 1.340000 0.002829 0.164444
 1.342500 0.003281 0.196810
 1.345000 0.003809 0.223893
 1.347500 0.004394 0.241358
 1.350000 0.005009 0.248086
 1.352500 0.005629 0.246969
 1.355000 0.006244 0.244032
 1.357500 0.006856 0.245151
 1.360000 0.007478 0.254645
 1.362500 0.008140 0.275751
 1.365000 0.008868 0.308848
 1.367500 0.009696 0.354358
 1.370000 0.010652 0.411356
 1.372500 0.011764 0.478238
 1.375000 0.013048 0.548825
 1.377500 0.014511 0.617252
 1.380000 0.016131 0.673621
 1.382500 0.017871 0.712117
 1.385000 0.019682 0.733774
 1.387500 0.021538 0.751360
 1.390000 0.023457 0.788376
 1.392500 0.025522 0.870851
 1.395000 0.027874 1.019963
 1.397500 0.030692 1.242439
 1.400000 0.034146 1.524803
 1.402500 0.038352 1.835062
 1.405000 0.043321 2.129617
 1.407500 0.048967 2.369399
 1.410000 0.055124 2.534624
 1.412500 0.061603 2.632670
 1.415000 0.068289 2.706351
 1.417500 0.075196 2.823578
 1.420000 0.082535 3.063413
 1.422500 0.090693 3.489052
 1.425000 0.100190 4.134337
 1.427500 0.111570 4.990703
 1.430000 0.125316 6.012696
 1.432500 0.141744 7.122789
 1.435000 0.160977 8.237655
 1.437500 0.182915 9.273498
 1.440000 0.207280 10.171823
 1.442500 0.233685 10.902254
 1.445000 0.261717 11.479287
 1.447500 0.291048 11.951750
 1.450000 0.321512 12.404729
 1.452500 0.353200 12.938712
 1.455000 0.386409 13.640347
 1.457500 0.421636 14.550118
 1.460000 0.459396 15.655338
 1.462500 0.500087 16.880298
 1.465000 0.543911 18.129986
 1.467500 0.590773 19.299977
 1.470000 0.640386 20.323170
 1.472500 0.692379 21.199074
 1.475000 0.746411 21.978104
 1.477500 0.802391 22.772630
 1.480000 0.860507 23.708248
 1.482500 0.921268 24.900660
 1.485000 0.985401 26.423813
 1.487500 1.053804 28.302655
 1.490000 1.127296 30.480401
 1.492500 1.206493 32.850189
 1.495000 1.291715 35.263304
 1.497500 1.382858 37.560077
 1.500000 1.479469 39.606618
 1.502500 1.580769 41.315213
 1.505000 1.685925 42.686849
 1.507500 1.794144 43.794252
 1.510000 1.904934 44.770710
 1.512500 2.018193 45.797437
 1.515000 2.134230 47.012212
 1.517500 2.253656 48.520421
 1.520000 2.377229 50.327633
 1.522500 2.505630 52.365460
 1.525000 2.639273 54.485668
 1.527500 2.778144 56.498235
 1.530000 2.921705 58.217905
 1.532500 3.069008 59.470223
 1.535000 3.218762 60.186472
 1.537500 3.369649 60.396850
 1.540000 3.520604 60.258676
 1.542500 3.671025 60.036484
 1.545000 3.821080 60.008649
 1.547500 3.971541 60.407698
 1.550000 4.123636 61.343847
 1.552500 4.278682 62.726112
 1.555000 4.437512 64.325756
 1.557500 4.600200 65.758958
 1.560000 4.765882 66.656590
 1.562500 4.932788 66.691800
 1.565000 5.098471 65.701221
 1.567500 5.260341 63.639771
 1.570000 5.415766 60.562914
 1.572500 5.562348 56.618253
 1.575000 5.698142 51.961410
 1.577500 5.821585 46.810993
 1.580000 5.931777 41.400938
 1.582500 6.028458 36.089078
 1.585000 6.112308 31.193803
 1.587500 6.184740 26.978901
 1.590000 6.247593 23.559983
 1.592500 6.302790 20.837208
 1.595000 6.351763 18.547882
 1.597500 6.395164 16.321009
 1.600000 6.432726 13.844716
 1.602500 6.463520 10.894913
 1.605000 6.486185 7.361698
 1.607500 6.499253 3.258124
 1.610000 6.501429 -1.343568
 1.612500 6.491620 -6.301192
 1.615000 6.469120 -11.451506
 1.617500 6.433651 -16.607410
 1.620000 6.385428 -21.616248
 1.622500 6.324986 -26.331300
 1.625000 6.253230 -30.675463
 1.627500 6.171086 -34.659594
 1.630000 6.079381 -38.338066
 1.632500 5.978752 -41.791371
 1.635000 5.869662 -45.114735
 1.637500 5.752419 -48.271873
 1.640000 5.627544 -51.212722
 1.642500 5.495693 -53.841188
 1.645000 5.357698 -56.072833
 1.647500 5.214662 -57.905576
 1.650000 5.067554 -59.348309
 1.652500 4.917225 -60.457901
 1.655000 4.764431 -61.329226
 1.657500 4.609677 -62.054569
 1.660000 4.453296 -62.645584
 1.662500 4.295587 -63.101609
 1.665000 4.136949 -63.388887
 1.667500 3.977899 -63.423506
 1.670000 3.819139 -63.133336
 1.672500 3.661536 -62.495469
 1.675000 3.505967 -61.537717
 1.677500 3.353106 -60.342876
 1.680000 3.203403 -59.050147
 1.682500 3.056936 -57.786156
 1.685000 2.913492 -56.660091
 1.687500 2.772622 -55.723231
 1.690000 2.633846 -55.004092
 1.692500 2.496619 -54.479653
 1.695000 2.360500 -54.108024
 1.697500 2.225209 -53.805162
 1.700000 2.090747 -53.471917
 1.702500 1.957309 -52.938388
 1.705000 1.825590 -52.108420
 1.707500 1.696433 -50.880384
 1.710000 1.570857 -49.237309
 1.712500 1.449900 -47.247713
 1.715000 1.334310 -44.980208
 1.717500 1.224608 -42.525259
 1.720000 1.121167 -39.984882
 1.722500 1.024160 -37.420356
 1.725000 0.933603 -34.821200
 1.727500 0.849590 -32.201426
 1.730000 0.772173 -29.559839
 1.732500 0.701367 -26.915087
 1.735000 0.637148 -24.334597
 1.737500 0.579232 -21.872260
 1.740000 0.527223 -19.620804
 1.742500 0.480546 -17.651549
 1.745000 0.438428 -15.970904
 1.747500 0.400170 -14.566406
 1.750000 0.365148 -13.384628
 1.752500 0.332884 -12.348861
 1.755000 0.303108 -11.403669
 1.757500 0.275635 -10.502010
 1.760000 0.250372 -9.638810
 1.762500 0.227213 -8.836680
 1.765000 0.205969 -8.121968
 1.767500 0.186378 -7.518943
 1.770000 0.168145 -7.038151
 1.772500 0.150984 -6.663766
 1.775000 0.134674 -6.350390
 1.777500 0.119139 -6.043818
 1.780000 0.104421 -5.686092
 1.782500 0.090698 -5.247218
 1.785000 0.078182 -4.719067
 1.787500 0.067079 -4.129408
 1.790000 0.057494 -3.518335
 1.792500 0.049421 -2.924886
 1.795000 0.042775 -2.385549
 1.797500 0.037390 -1.916543
 1.800000 0.033088 -1.525753
 1.802500 0.029668 -1.207230
 1.805000 0.026957 -0.960654
 1.807500 0.024779 -0.780400
 1.810000 0.022975 -0.662861
 1.812500 0.021391 -0.600686
 1.815000 0.019903 -0.586824
 1.817500 0.018405 -0.608738
 1.820000 0.016823 -0.650728
 1.822500 0.015131 -0.700925
 1.825000 0.013321 -0.742245
 1.827500 0.011430 -0.763451
 1.830000 0.009521 -0.756340
 1.832500 0.007667 -0.716534
 1.835000 0.005952 -0.648394
 1.837500 0.004439 -0.557437
 1.840000 0.003172 -0.454807
 1.842500 0.002164 -0.350453
 1.845000 0.001407 -0.254696
 1.847500 0.000871 -0.175080
 1.850000 0.000512 -0.113542
 1.852500 0.000286 -0.069359
 1.855000 0.000150 -0.039602
 1.857500 0.000074 -0.021028
 1.860000 0.000035 -0.010875
 1.862500 0.000015 -0.004860
 1.865000 0.000005 -0.001611
 1.867500 0.000002 -0.000723
 1.870000 0.000000 0.000000
 1.872500 0.000000 0.000000
 1.875000 0.000000 0.000000
 1.877500 0.000000 0.000000
 1.880000 0.000000 0.000000
 1.882500 0.000000 0.000000
 1.885000 0.000000 0.000000
 1.887500 0.000000 0.000000
 1.890000 0.000000 0.000000
 1.892500 0.000000 0.000000
 1.895000 0.000000 0.000000
 1.897500 0.000000 0.000000
 1.900000 0.000000 0.000000
 1.902500 0.000000 0.000000
 1.905000 0.000000 0.000000
 1.907500 0.000000 0.000000
 1.910000 0.000000 0.000000
 1.912500 0.000000 0.000000
 1.915000 0.000000 0.000000
 1.917500 0.000000 0.000000
 1.920000 0.000000 0.000000
 1.922500 0.000000 0.000000
 1.925000 0.000000 0.000000
 1.927500 0.000000 0.000000
 1.930000 0.000000 0.000000
 1.932500 0.000000 0.000000
 1.935000 0.000000 0.000000
 1.937500 0.000000 0.000000
 1.940000 0.000000 0.000000
 1.942500 0.000000 0.000000
 1.945000 0.000000 0.000000
 1.947500 0.000000 0.000000
 1.950000 0.000000 0.000000
 1.952500 0.000000 0.000000
 1.955000 0.000000 0.000000
 1.957500 0.000000 0.000000
 1.960000 0.000000 0.000000
 1.962500 0.000000 0.000000
 1.965000 0.000000 0.000000
 1.967500 0.000000 0.000000
 1.970000 0.000000 0.000000
 1.972500 0.000000 0.000000
 1.975000 0.000000 0.000000
 1.977500 0.000000 0.000000
 1.980000 0.000000 0.000000
 1.982500 0.000000 0.000000
 1.985000 0.000000 0.000000
 1.987500 0.000000 0.000000
 1.990000 0.000000 0.000000
 1.992500 0.000000 0.000000
 1.995000 0.000000 0.000000
 1.997500 0.000000 0.000000
 2.000000 0.000000 0.000000
