#! FIELDS time refcv.mean refcv.morethan-1 refcv.morethan-2
 4800.000000 2.402333 432.000000 432.000000
 4802.000000 2.391043 432.000000 432.000000
 4804.000000 2.411147 432.000000 432.000000
 4806.000000 2.416325 432.000000 432.000000
 4808.000000 2.403254 432.000000 432.000000
 4810.000000 2.411059 432.000000 432.000000
 4812.000000 2.418855 432.000000 432.000000
 4814.000000 2.434384 432.000000 432.000000
 4816.000000 2.452395 432.000000 432.000000
 4818.000000 2.438169 432.000000 432.000000
 4820.000000 2.421579 432.000000 432.000000
 4822.000000 2.431361 432.000000 432.000000
 4824.000000 2.422923 432.000000 432.000000
 4826.000000 2.442602 432.000000 432.000000
 4828.000000 2.431457 432.000000 432.000000
 4830.000000 2.426179 432.000000 432.000000
 4832.000000 2.433436 432.000000 432.000000
 4834.000000 2.423137 432.000000 432.000000
 4836.000000 2.415449 432.000000 432.000000
 4838.000000 2.420915 432.000000 432.000000
 4840.000000 2.426645 432.000000 432.000000
 4842.000000 2.404626 432.000000 432.000000
 4844.000000 2.411132 432.000000 432.000000
 4846.000000 2.425352 432.000000 432.000000
 4848.000000 2.417766 432.000000 432.000000
 4850.000000 2.432907 432.000000 432.000000
 4852.000000 2.460054 432.000000 432.000000
 4854.000000 2.446694 432.000000 432.000000
 4856.000000 2.426959 432.000000 432.000000
 4858.000000 2.440516 432.000000 432.000000
 4860.000000 2.438508 432.000000 432.000000
 4862.000000 2.437207 432.000000 432.000000
 4864.000000 2.452855 432.000000 432.000000
 4866.000000 2.427474 432.000000 432.000000
 4868.000000 2.439296 432.000000 432.000000
 4870.000000 2.428424 432.000000 432.000000
 4872.000000 2.452256 432.000000 432.000000
 4874.000000 2.431663 432.000000 432.000000
 4876.000000 2.441836 432.000000 432.000000
 4878.000000 2.421172 432.000000 432.000000
 4880.000000 2.401719 432.000000 432.000000
 4882.000000 2.459944 432.000000 432.000000
 4884.000000 2.427321 432.000000 432.000000
 4886.000000 2.417135 432.000000 432.000000
 4888.000000 2.430644 432.000000 432.000000
 4890.000000 2.429127 432.000000 432.000000
 4892.000000 2.423052 432.000000 432.000000
 4894.000000 2.419687 432.000000 432.000000
 4896.000000 2.421453 432.000000 432.000000
 4898.000000 2.412302 432.000000 432.000000
 4900.000000 2.435294 432.000000 432.000000
 4902.000000 2.404208 432.000000 432.000000
 4904.000000 2.426364 432.000000 432.000000
 4906.000000 2.406599 432.000000 432.000000
 4908.000000 2.444750 432.000000 432.000000
 4910.000000 2.446355 432.000000 432.000000
 4912.000000 2.444253 432.000000 432.000000
 4914.000000 2.423384 432.000000 432.000000
 4916.000000 2.438822 432.000000 432.000000
 4918.000000 2.468867 432.000000 432.000000
 4920.000000 2.451269 432.000000 432.000000
 4922.000000 2.431506 432.000000 432.000000
 4924.000000 2.440718 432.000000 432.000000
 4926.000000 2.416402 432.000000 432.000000
 4928.000000 2.414584 432.000000 432.000000
 4930.000000 2.410362 432.000000 432.000000
 4932.000000 2.418462 432.000000 432.000000
 4934.000000 2.420289 432.000000 432.000000
 4936.000000 2.399845 432.000000 432.000000
 4938.000000 2.433670 432.000000 432.000000
 4940.000000 2.438140 432.000000 432.000000
 4942.000000 2.407078 432.000000 432.000000
 4944.000000 2.446695 432.000000 432.000000
 4946.000000 2.424328 432.000000 432.000000
 4948.000000 2.430442 432.000000 432.000000
 4950.000000 2.436759 432.000000 432.000000
 4952.000000 2.438356 432.000000 432.000000
 4954.000000 2.434238 432.000000 432.000000
 4956.000000 2.421208 432.000000 432.000000
 4958.000000 2.413496 432.000000 432.000000
 4960.000000 2.412610 432.000000 432.000000
 4962.000000 2.403748 432.000000 432.000000
 4964.000000 2.432341 432.000000 432.000000
 4966.000000 2.432883 432.000000 432.000000
 4968.000000 2.444631 432.000000 432.000000
 4970.000000 2.441436 432.000000 432.000000
 4972.000000 2.439742 432.000000 432.000000
 4974.000000 2.427324 432.000000 432.000000
 4976.000000 2.452482 432.000000 432.000000
 4978.000000 2.435057 432.000000 432.000000
 4980.000000 2.441691 432.000000 432.000000
 4982.000000 2.430480 432.000000 432.000000
 4984.000000 2.430397 432.000000 432.000000
 4986.000000 2.439976 432.000000 432.000000
 4988.000000 2.450049 432.000000 432.000000
 4990.000000 2.446340 432.000000 432.000000
 4992.000000 2.443688 432.000000 432.000000
 4994.000000 2.431168 432.000000 432.000000
 4996.000000 2.442692 432.000000 432.000000
 4998.000000 2.429908 432.000000 432.000000
 5000.000000 2.436054 432.000000 432.000000
 5002.000000 2.434206 432.000000 432.000000
 5004.000000 2.435404 432.000000 432.000000
 5006.000000 2.432628 432.000000 432.000000
 5008.000000 2.448735 432.000000 432.000000
 5010.000000 2.430231 432.000000 432.000000
 5012.000000 2.421519 432.000000 432.000000
 5014.000000 2.421586 432.000000 432.000000
 5016.000000 2.430293 432.000000 432.000000
 5018.000000 2.418811 432.000000 432.000000
 5020.000000 2.421640 432.000000 432.000000
 5022.000000 2.426819 432.000000 432.000000
 5024.000000 2.417192 432.000000 432.000000
 5026.000000 2.424904 432.000000 432.000000
 5028.000000 2.395324 432.000000 432.000000
 5030.000000 2.433039 432.000000 432.000000
 5032.000000 2.428806 432.000000 432.000000
 5034.000000 2.405687 432.000000 432.000000
 5036.000000 2.402996 432.000000 432.000000
 5038.000000 2.396398 432.000000 432.000000
 5040.000000 2.420940 432.000000 432.000000
 5042.000000 2.402443 432.000000 432.000000
 5044.000000 2.414655 432.000000 432.000000
 5046.000000 2.410489 432.000000 432.000000
 5048.000000 2.424759 432.000000 432.000000
 5050.000000 2.441402 432.000000 432.000000
 5052.000000 2.441190 432.000000 432.000000
 5054.000000 2.422231 432.000000 432.000000
 5056.000000 2.425228 432.000000 432.000000
 5058.000000 2.405346 432.000000 432.000000
 5060.000000 2.429785 432.000000 432.000000
 5062.000000 2.414479 432.000000 432.000000
 5064.000000 2.433461 432.000000 432.000000
 5066.000000 2.415342 432.000000 432.000000
 5068.000000 2.431395 432.000000 432.000000
 5070.000000 2.446559 432.000000 432.000000
 5072.000000 2.429722 432.000000 432.000000
 5074.000000 2.441122 432.000000 432.000000
 5076.000000 2.449764 432.000000 432.000000
 5078.000000 2.418786 432.000000 432.000000
 5080.000000 2.410189 432.000000 432.000000
 5082.000000 2.402696 432.000000 432.000000
 5084.000000 2.402000 432.000000 432.000000
 5086.000000 2.425989 432.000000 432.000000
 5088.000000 2.427465 432.000000 432.000000
 5090.000000 2.407125 432.000000 432.000000
 5092.000000 2.380728 432.000000 432.000000
 5094.000000 2.412209 432.000000 432.000000
 5096.000000 2.380624 432.000000 432.000000
 5098.000000 2.421345 432.000000 432.000000
 5100.000000 2.422123 432.000000 432.000000
 5102.000000 2.414229 432.000000 432.000000
 5104.000000 2.417401 432.000000 432.000000
 5106.000000 2.433743 432.000000 432.000000
 5108.000000 2.451173 432.000000 432.000000
 5110.000000 2.435417 432.000000 432.000000
 5112.000000 2.432306 432.000000 432.000000
 5114.000000 2.407951 432.000000 432.000000
 5116.000000 2.419359 432.000000 432.000000
 5118.000000 2.413721 432.000000 432.000000
 5120.000000 2.418312 432.000000 432.000000
 5122.000000 2.419556 432.000000 432.000000
 5124.000000 2.406819 432.000000 432.000000
 5126.000000 2.412034 432.000000 432.000000
 5128.000000 2.408927 432.000000 432.000000
 5130.000000 2.437921 432.000000 432.000000
 5132.000000 2.421511 432.000000 432.000000
 5134.000000 2.419657 432.000000 432.000000
 5136.000000 2.443650 432.000000 432.000000
 5138.000000 2.429614 432.000000 432.000000
 5140.000000 2.431475 432.000000 432.000000
 5142.000000 2.459644 432.000000 432.000000
 5144.000000 2.450946 432.000000 432.000000
 5146.000000 2.451785 432.000000 432.000000
 5148.000000 2.436596 432.000000 432.000000
 5150.000000 2.416520 432.000000 432.000000
 5152.000000 2.430248 432.000000 432.000000
 5154.000000 2.423831 432.000000 432.000000
 5156.000000 2.445793 432.000000 432.000000
 5158.000000 2.448588 432.000000 432.000000
 5160.000000 2.434568 432.000000 432.000000
 5162.000000 2.415299 432.000000 432.000000
 5164.000000 2.396493 432.000000 432.000000
 5166.000000 2.397539 432.000000 432.000000
 5168.000000 2.427998 432.000000 432.000000
 5170.000000 2.403759 432.000000 432.000000
 5172.000000 2.411456 432.000000 432.000000
 5174.000000 2.395303 432.000000 432.000000
 5176.000000 2.409953 432.000000 432.000000
 5178.000000 2.422236 432.000000 432.000000
 5180.000000 2.409594 432.000000 432.000000
 5182.000000 2.432420 432.000000 432.000000
 5184.000000 2.430174 432.000000 432.000000
 5186.000000 2.416189 432.000000 432.000000
 5188.000000 2.419330 432.000000 432.000000
 5190.000000 2.406930 432.000000 432.000000
 5192.000000 2.401008 432.000000 432.000000
 5194.000000 2.412745 432.000000 432.000000
 5196.000000 2.419114 432.000000 432.000000
 5198.000000 2.431971 432.000000 432.000000
 5200.000000 2.460217 432.000000 432.000000
 5202.000000 2.440279 432.000000 432.000000
 5204.000000 2.437360 432.000000 432.000000
 5206.000000 2.451087 432.000000 432.000000
 5208.000000 2.464763 432.000000 432.000000
 5210.000000 2.441782 432.000000 432.000000
 5212.000000 2.442078 432.000000 432.000000
 5214.000000 2.450388 432.000000 432.000000
 5216.000000 2.454814 432.000000 432.000000
 5218.000000 2.418768 432.000000 432.000000
 5220.000000 2.424402 432.000000 432.000000
 5222.000000 2.425795 432.000000 432.000000
 5224.000000 2.430764 432.000000 432.000000
 5226.000000 2.415092 432.000000 432.000000
 5228.000000 2.440634 432.000000 432.000000
 5230.000000 2.415346 432.000000 432.000000
 5232.000000 2.419218 432.000000 432.000000
 5234.000000 2.453596 432.000000 432.000000
 5236.000000 2.434672 432.000000 432.000000
 5238.000000 2.419017 432.000000 432.000000
 5240.000000 2.427436 432.000000 432.000000
 5242.000000 2.452188 432.000000 432.000000
 5244.000000 2.432836 432.000000 432.000000
 5246.000000 2.430956 432.000000 432.000000
 5248.000000 2.428748 432.000000 432.000000
 5250.000000 2.424017 432.000000 432.000000
 5252.000000 2.422934 432.000000 432.000000
 5254.000000 2.418814 432.000000 432.000000
 5256.000000 2.429916 432.000000 432.000000
 5258.000000 2.419284 432.000000 432.000000
 5260.000000 2.425254 432.000000 432.000000
 5262.000000 2.406194 432.000000 432.000000
 5264.000000 2.448346 432.000000 432.000000
 5266.000000 2.410873 432.000000 432.000000
 5268.000000 2.406766 432.000000 432.000000
 5270.000000 2.393275 432.000000 432.000000
 5272.000000 2.400730 432.000000 432.000000
 5274.000000 2.415427 432.000000 432.000000
 5276.000000 2.431797 432.000000 432.000000
 5278.000000 2.420003 432.000000 432.000000
 5280.000000 2.422973 432.000000 432.000000
 5282.000000 2.420409 432.000000 432.000000
 5284.000000 2.399574 432.000000 432.000000
 5286.000000 2.410555 432.000000 432.000000
 5288.000000 2.409887 432.000000 432.000000
 5290.000000 2.409729 432.000000 432.000000
 5292.000000 2.420313 432.000000 432.000000
 5294.000000 2.439205 432.000000 432.000000
 5296.000000 2.411028 432.000000 432.000000
 5298.000000 2.419720 432.000000 432.000000
 5300.000000 2.409100 432.000000 432.000000
 5302.000000 2.417254 432.000000 432.000000
 5304.000000 2.424696 432.000000 432.000000
 5306.000000 2.408567 432.000000 432.000000
 5308.000000 2.439480 432.000000 432.000000
 5310.000000 2.438165 432.000000 432.000000
 5312.000000 2.438150 432.000000 432.000000
 5314.000000 2.427561 432.000000 432.000000
 5316.000000 2.433255 432.000000 432.000000
 5318.000000 2.426700 432.000000 432.000000
 5320.000000 2.405488 432.000000 432.000000
 5322.000000 2.389355 432.000000 432.000000
 5324.000000 2.416902 432.000000 432.000000
 5326.000000 2.432245 432.000000 432.000000
 5328.000000 2.423900 432.000000 432.000000
 5330.000000 2.446064 432.000000 432.000000
 5332.000000 2.419075 432.000000 432.000000
 5334.000000 2.448106 432.000000 432.000000
 5336.000000 2.451922 432.000000 432.000000
 5338.000000 2.433634 432.000000 432.000000
 5340.000000 2.424968 432.000000 432.000000
 5342.000000 2.425878 432.000000 432.000000
 5344.000000 2.427414 432.000000 432.000000
 5346.000000 2.437888 432.000000 432.000000
 5348.000000 2.428787 432.000000 432.000000
 5350.000000 2.415931 432.000000 432.000000
 5352.000000 2.424289 432.000000 432.000000
 5354.000000 2.442183 432.000000 432.000000
 5356.000000 2.438773 432.000000 432.000000
 5358.000000 2.437192 432.000000 432.000000
 5360.000000 2.430204 432.000000 432.000000
 5362.000000 2.453099 432.000000 432.000000
 5364.000000 2.435852 432.000000 432.000000
 5366.000000 2.413416 432.000000 432.000000
 5368.000000 2.414674 432.000000 432.000000
 5370.000000 2.399693 432.000000 432.000000
 5372.000000 2.414315 432.000000 432.000000
 5374.000000 2.421837 432.000000 432.000000
 5376.000000 2.416615 432.000000 432.000000
 5378.000000 2.420911 432.000000 432.000000
 5380.000000 2.420502 432.000000 432.000000
 5382.000000 2.414325 432.000000 432.000000
 5384.000000 2.419317 432.000000 432.000000
 5386.000000 2.416501 432.000000 432.000000
 5388.000000 2.425747 432.000000 432.000000
 5390.000000 2.430319 432.000000 432.000000
 5392.000000 2.424119 432.000000 432.000000
 5394.000000 2.437549 432.000000 432.000000
 5396.000000 2.401807 432.000000 432.000000
 5398.000000 2.388742 432.000000 432.000000
 5400.000000 2.420170 432.000000 432.000000
 5402.000000 2.424119 432.000000 432.000000
 5404.000000 2.418735 432.000000 432.000000
 5406.000000 2.446156 432.000000 432.000000
 5408.000000 2.438856 432.000000 432.000000
 5410.000000 2.438981 432.000000 432.000000
 5412.000000 2.406687 432.000000 432.000000
 5414.000000 2.397513 432.000000 432.000000
 5416.000000 2.430753 432.000000 432.000000
 5418.000000 2.417584 432.000000 432.000000
 5420.000000 2.420605 432.000000 432.000000
 5422.000000 2.414078 432.000000 432.000000
 5424.000000 2.439012 432.000000 432.000000
 5426.000000 2.411926 432.000000 432.000000
 5428.000000 2.411117 432.000000 432.000000
 5430.000000 2.444153 432.000000 432.000000
 5432.000000 2.426369 432.000000 432.000000
 5434.000000 2.430184 432.000000 432.000000
 5436.000000 2.424272 432.000000 432.000000
 5438.000000 2.408885 432.000000 432.000000
 5440.000000 2.433681 432.000000 432.000000
 5442.000000 2.420069 432.000000 432.000000
 5444.000000 2.428780 432.000000 432.000000
 5446.000000 2.419235 432.000000 432.000000
 5448.000000 2.433384 432.000000 432.000000
 5450.000000 2.411642 432.000000 432.000000
 5452.000000 2.425240 432.000000 432.000000
 5454.000000 2.418028 432.000000 432.000000
 5456.000000 2.411224 432.000000 432.000000
 5458.000000 2.442367 432.000000 432.000000
 5460.000000 2.435379 432.000000 432.000000
 5462.000000 2.430825 432.000000 432.000000
 5464.000000 2.439801 432.000000 432.000000
 5466.000000 2.464116 432.000000 432.000000
 5468.000000 2.435410 432.000000 432.000000
 5470.000000 2.469134 432.000000 432.000000
 5472.000000 2.474329 432.000000 432.000000
 5474.000000 2.442620 432.000000 432.000000
 5476.000000 2.447162 432.000000 432.000000
 5478.000000 2.419684 432.000000 432.000000
 5480.000000 2.425609 432.000000 432.000000
 5482.000000 2.437780 432.000000 432.000000
 5484.000000 2.431036 432.000000 432.000000
 5486.000000 2.440136 432.000000 432.000000
 5488.000000 2.433714 432.000000 432.000000
 5490.000000 2.434103 432.000000 432.000000
 5492.000000 2.429482 432.000000 432.000000
 5494.000000 2.431967 432.000000 432.000000
 5496.000000 2.443574 432.000000 432.000000
 5498.000000 2.433084 432.000000 432.000000
 5500.000000 2.455876 432.000000 432.000000
 5502.000000 2.459098 432.000000 432.000000
 5504.000000 2.445091 432.000000 432.000000
 5506.000000 2.458041 432.000000 432.000000
 5508.000000 2.417003 432.000000 432.000000
 5510.000000 2.435268 432.000000 432.000000
 5512.000000 2.418575 432.000000 432.000000
 5514.000000 2.439646 432.000000 432.000000
 5516.000000 2.440217 432.000000 432.000000
 5518.000000 2.415355 432.000000 432.000000
 5520.000000 2.395565 432.000000 432.000000
 5522.000000 2.410204 432.000000 432.000000
 5524.000000 2.404936 432.000000 432.000000
 5526.000000 2.406111 432.000000 432.000000
 5528.000000 2.408114 432.000000 432.000000
 5530.000000 2.406656 432.000000 432.000000
 5532.000000 2.395998 432.000000 432.000000
 5534.000000 2.417330 432.000000 432.000000
 5536.000000 2.430804 432.000000 432.000000
 5538.000000 2.417189 432.000000 432.000000
 5540.000000 2.419915 432.000000 432.000000
 5542.000000 2.437023 432.000000 432.000000
 5544.000000 2.440299 432.000000 432.000000
 5546.000000 2.463105 432.000000 432.000000
 5548.000000 2.440888 432.000000 432.000000
 5550.000000 2.432921 432.000000 432.000000
 5552.000000 2.436034 432.000000 432.000000
 5554.000000 2.425783 432.000000 432.000000
 5556.000000 2.425394 432.000000 432.000000
 5558.000000 2.428582 432.000000 432.000000
 5560.000000 2.423492 432.000000 432.000000
 5562.000000 2.419590 432.000000 432.000000
 5564.000000 2.412716 432.000000 432.000000
 5566.000000 2.439618 432.000000 432.000000
 5568.000000 2.432355 432.000000 432.000000
 5570.000000 2.428856 432.000000 432.000000
 5572.000000 2.436843 432.000000 432.000000
 5574.000000 2.418405 432.000000 432.000000
 5576.000000 2.414318 432.000000 432.000000
 5578.000000 2.426412 432.000000 432.000000
 5580.000000 2.438037 432.000000 432.000000
 5582.000000 2.413808 432.000000 432.000000
 5584.000000 2.444246 432.000000 432.000000
 5586.000000 2.435978 432.000000 432.000000
 5588.000000 2.428510 432.000000 432.000000
 5590.000000 2.423169 432.000000 432.000000
 5592.000000 2.437491 432.000000 432.000000
 5594.000000 2.413801 432.000000 432.000000
 5596.000000 2.424305 432.000000 432.000000
 5598.000000 2.411529 432.000000 432.000000
 5600.000000 2.389712 432.000000 432.000000
 5602.000000 2.425983 432.000000 432.000000
 5604.000000 2.414559 432.000000 432.000000
 5606.000000 2.408986 432.000000 432.000000
 5608.000000 2.413427 432.000000 432.000000
 5610.000000 2.403548 432.000000 432.000000
 5612.000000 2.404216 432.000000 432.000000
 5614.000000 2.400628 432.000000 432.000000
 5616.000000 2.434418 432.000000 432.000000
 5618.000000 2.416132 432.000000 432.000000
 5620.000000 2.432276 432.000000 432.000000
 5622.000000 2.434866 432.000000 432.000000
 5624.000000 2.443386 432.000000 432.000000
 5626.000000 2.434447 432.000000 432.000000
 5628.000000 2.420192 432.000000 432.000000
 5630.000000 2.430406 432.000000 432.000000
 5632.000000 2.417564 432.000000 432.000000
 5634.000000 2.433236 432.000000 432.000000
 5636.000000 2.435334 432.000000 432.000000
 5638.000000 2.445944 432.000000 432.000000
 5640.000000 2.442126 432.000000 432.000000
 5642.000000 2.441031 432.000000 432.000000
 5644.000000 2.436149 432.000000 432.000000
 5646.000000 2.434159 432.000000 432.000000
 5648.000000 2.433467 432.000000 432.000000
 5650.000000 2.431569 432.000000 432.000000
 5652.000000 2.426925 432.000000 432.000000
 5654.000000 2.448545 432.000000 432.000000
 5656.000000 2.434972 432.000000 432.000000
 5658.000000 2.448553 432.000000 432.000000
 5660.000000 2.436724 432.000000 432.000000
 5662.000000 2.447876 432.000000 432.000000
 5664.000000 2.464113 432.000000 432.000000
 5666.000000 2.436496 432.000000 432.000000
 5668.000000 2.443545 432.000000 432.000000
 5670.000000 2.455616 432.000000 432.000000
 5672.000000 2.455685 432.000000 432.000000
 5674.000000 2.453368 432.000000 432.000000
 5676.000000 2.467928 432.000000 432.000000
 5678.000000 2.455124 432.000000 432.000000
 5680.000000 2.454803 432.000000 432.000000
 5682.000000 2.453942 432.000000 432.000000
 5684.000000 2.460445 432.000000 432.000000
 5686.000000 2.464088 432.000000 432.000000
 5688.000000 2.457107 432.000000 432.000000
 5690.000000 2.453185 432.000000 432.000000
 5692.000000 2.453150 432.000000 432.000000
 5694.000000 2.440332 432.000000 432.000000
 5696.000000 2.465737 432.000000 432.000000
 5698.000000 2.455747 432.000000 432.000000
 5700.000000 2.434664 432.000000 432.000000
 5702.000000 2.417039 432.000000 432.000000
 5704.000000 2.428890 432.000000 432.000000
 5706.000000 2.440801 432.000000 432.000000
 5708.000000 2.415369 432.000000 432.000000
 5710.000000 2.428171 432.000000 432.000000
 5712.000000 2.424196 432.000000 432.000000
 5714.000000 2.441271 432.000000 432.000000
 5716.000000 2.413123 432.000000 432.000000
 5718.000000 2.411341 432.000000 432.000000
 5720.000000 2.418667 432.000000 432.000000
 5722.000000 2.433208 432.000000 432.000000
 5724.000000 2.417703 432.000000 432.000000
 5726.000000 2.434692 432.000000 432.000000
 5728.000000 2.416007 432.000000 432.000000
 5730.000000 2.427482 432.000000 432.000000
 5732.000000 2.450127 432.000000 432.000000
 5734.000000 2.453384 432.000000 432.000000
 5736.000000 2.431168 432.000000 432.000000
 5738.000000 2.420006 432.000000 432.000000
 5740.000000 2.435565 432.000000 432.000000
 5742.000000 2.442006 432.000000 432.000000
 5744.000000 2.446042 432.000000 432.000000
 5746.000000 2.433351 432.000000 432.000000
 5748.000000 2.441224 432.000000 432.000000
 5750.000000 2.428432 432.000000 432.000000
 5752.000000 2.404466 432.000000 432.000000
 5754.000000 2.400530 432.000000 432.000000
 5756.000000 2.424107 432.000000 432.000000
 5758.000000 2.454006 432.000000 432.000000
 5760.000000 2.447440 432.000000 432.000000
 5762.000000 2.426190 432.000000 432.000000
 5764.000000 2.427482 432.000000 432.000000
 5766.000000 2.428703 432.000000 432.000000
 5768.000000 2.418070 432.000000 432.000000
 5770.000000 2.427244 432.000000 432.000000
 5772.000000 2.429820 432.000000 432.000000
 5774.000000 2.422557 432.000000 432.000000
 5776.000000 2.447543 432.000000 432.000000
 5778.000000 2.428832 432.000000 432.000000
 5780.000000 2.422121 432.000000 432.000000
 5782.000000 2.418162 432.000000 432.000000
 5784.000000 2.427430 432.000000 432.000000
 5786.000000 2.423760 432.000000 432.000000
 5788.000000 2.439186 432.000000 432.000000
 5790.000000 2.452550 432.000000 432.000000
 5792.000000 2.435874 432.000000 432.000000
 5794.000000 2.432920 432.000000 432.000000
 5796.000000 2.454338 432.000000 432.000000
 5798.000000 2.434420 432.000000 432.000000
 5800.000000 2.426025 432.000000 432.000000
