#! FIELDS refcv hh dhh_refcv
#! SET normalisation  500.000000
#! SET min_refcv -0.5
#! SET max_refcv 4
#! SET nbins_refcv  2000
#! SET periodic_refcv false
 -0.500000 0.000000 0.000000
 -0.497750 0.000000 0.000000
 -0.495500 0.000000 0.000000
 -0.493250 0.000000 0.000000
 -0.491000 0.000000 0.000000
 -0.488750 0.000000 0.000000
 -0.486500 0.000000 0.000000
 -0.484250 0.000000 0.000000
 -0.482000 0.000000 0.000000
 -0.479750 0.000000 0.000000
 -0.477500 0.000000 0.000000
 -0.475250 0.000000 0.000000
 -0.473000 0.000000 0.000000
 -0.470750 0.000000 0.000000
 -0.468500 0.000000 0.000000
 -0.466250 0.000000 0.000000
 -0.464000 0.000000 0.000000
 -0.461750 0.000000 0.000000
 -0.459500 0.000000 0.000000
 -0.457250 0.000000 0.000000
 -0.455000 0.000000 0.000000
 -0.452750 0.000000 0.000000
 -0.450500 0.000000 0.000000
 -0.448250 0.000000 0.000000
 -0.446000 0.000000 0.000000
 -0.443750 0.000000 0.000000
 -0.441500 0.000000 0.000000
 -0.439250 0.000000 0.000000
 -0.437000 0.000000 0.000000
 -0.434750 0.000000 0.000000
 -0.432500 0.000000 0.000000
 -0.430250 0.000000 0.000000
 -0.428000 0.000000 0.000000
 -0.425750 0.000000 0.000000
 -0.423500 0.000000 0.000000
 -0.421250 0.000000 0.000000
 -0.419000 0.000000 0.000000
 -0.416750 0.000000 0.000000
 -0.414500 0.000000 0.000000
 -0.412250 0.000000 0.000000
 -0.410000 0.000000 0.000000
 -0.407750 0.000000 0.000000
 -0.405500 0.000000 0.000000
 -0.403250 0.000000 0.000000
 -0.401000 0.000000 0.000000
 -0.398750 0.000000 0.000000
 -0.396500 0.000000 0.000000
 -0.394250 0.000000 0.000000
 -0.392000 0.000000 0.000000
 -0.389750 0.000000 0.000000
 -0.387500 0.000000 0.000000
 -0.385250 0.000000 0.000000
 -0.383000 0.000000 0.000000
 -0.380750 0.000000 0.000000
 -0.378500 0.000000 0.000000
 -0.376250 0.000000 0.000000
 -0.374000 0.000000 0.000000
 -0.371750 0.000000 0.000000
 -0.369500 0.000000 0.000000
 -0.367250 0.000000 0.000000
 -0.365000 0.000000 0.000000
 -0.362750 0.000000 0.000000
 -0.360500 0.000000 0.000000
 -0.358250 0.000000 0.000000
 -0.356000 0.000000 0.000000
 -0.353750 0.000000 0.000000
 -0.351500 0.000000 0.000000
 -0.349250 0.000000 0.000000
 -0.347000 0.000000 0.000000
 -0.344750 0.000000 0.000000
 -0.342500 0.000000 0.000000
 -0.340250 0.000000 0.000000
 -0.338000 0.000000 0.000000
 -0.335750 0.000000 0.000000
 -0.333500 0.000000 0.000000
 -0.331250 0.000000 0.000000
 -0.329000 0.000000 0.000000
 -0.326750 0.000000 0.000000
 -0.324500 0.000000 0.000000
 -0.322250 0.000000 0.000000
 -0.320000 0.000000 0.000000
 -0.317750 0.000000 0.000000
 -0.315500 0.000000 0.000000
 -0.313250 0.000000 0.000000
 -0.311000 0.000000 0.000000
 -0.308750 0.000000 0.000000
 -0.306500 0.000000 0.000000
 -0.304250 0.000000 0.000000
 -0.302000 0.000000 0.000000
 -0.299750 0.000000 0.000000
 -0.297500 0.000000 0.000000
 -0.295250 0.000000 0.000000
 -0.293000 0.000000 0.000000
 -0.290750 0.000000 0.000000
 -0.288500 0.000000 0.000000
 -0.286250 0.000000 0.000000
 -0.284000 0.000000 0.000000
 -0.281750 0.000000 0.000000
 -0.279500 0.000000 0.000000
 -0.277250 0.000000 0.000000
 -0.275000 0.000000 0.000000
 -0.272750 0.000000 0.000000
 -0.270500 0.000000 0.000000
 -0.268250 0.000000 0.000000
 -0.266000 0.000000 0.000000
 -0.263750 0.000000 0.000000
 -0.261500 0.000000 0.000000
 -0.259250 0.000000 0.000000
 -0.257000 0.000000 0.000000
 -0.254750 0.000000 0.000000
 -0.252500 0.000000 0.000000
 -0.250250 0.000000 0.000000
 -0.248000 0.000000 0.000000
 -0.245750 0.000000 0.000000
 -0.243500 0.000000 0.000000
 -0.241250 0.000000 0.000000
 -0.239000 0.000000 0.000000
 -0.236750 0.000000 0.000000
 -0.234500 0.000000 0.000000
 -0.232250 0.000000 0.000000
 -0.230000 0.000000 0.000000
 -0.227750 0.000000 0.000000
 -0.225500 0.000000 0.000000
 -0.223250 0.000000 0.000000
 -0.221000 0.000000 0.000000
 -0.218750 0.000000 0.000000
 -0.216500 0.000000 0.000000
 -0.214250 0.000000 0.000000
 -0.212000 0.000000 0.000000
 -0.209750 0.000000 0.000000
 -0.207500 0.000000 0.000000
 -0.205250 0.000000 0.000000
 -0.203000 0.000000 0.000000
 -0.200750 0.000000 0.000000
 -0.198500 0.000000 0.000000
 -0.196250 0.000000 0.000000
 -0.194000 0.000000 0.000000
 -0.191750 0.000000 0.000000
 -0.189500 0.000000 0.000000
 -0.187250 0.000000 0.000000
 -0.185000 0.000000 0.000000
 -0.182750 0.000000 0.000000
 -0.180500 0.000000 0.000000
 -0.178250 0.000000 0.000000
 -0.176000 0.000000 0.000000
 -0.173750 0.000000 0.000000
 -0.171500 0.000000 0.000000
 -0.169250 0.000000 0.000000
 -0.167000 0.000000 0.000000
 -0.164750 0.000000 0.000000
 -0.162500 0.000000 0.000000
 -0.160250 0.000000 0.000000
 -0.158000 0.000000 0.000000
 -0.155750 0.000000 0.000000
 -0.153500 0.000000 0.000000
 -0.151250 0.000000 0.000000
 -0.149000 0.000000 0.000000
 -0.146750 0.000000 0.000000
 -0.144500 0.000000 0.000000
 -0.142250 0.000000 0.000000
 -0.140000 0.000000 0.000000
 -0.137750 0.000000 0.000000
 -0.135500 0.000000 0.000000
 -0.133250 0.000000 0.000000
 -0.131000 0.000000 0.000000
 -0.128750 0.000000 0.000000
 -0.126500 0.000000 0.000000
 -0.124250 0.000000 0.000000
 -0.122000 0.000000 0.000000
 -0.119750 0.000000 0.000000
 -0.117500 0.000000 0.000000
 -0.115250 0.000000 0.000000
 -0.113000 0.000000 0.000000
 -0.110750 0.000000 0.000000
 -0.108500 0.000000 0.000000
 -0.106250 0.000000 0.000000
 -0.104000 0.000000 0.000000
 -0.101750 0.000000 0.000000
 -0.099500 0.000000 0.000000
 -0.097250 0.000000 0.000000
 -0.095000 0.000000 0.000000
 -0.092750 0.000000 0.000000
 -0.090500 0.000000 0.000000
 -0.088250 0.000000 0.000000
 -0.086000 0.000000 0.000000
 -0.083750 0.000000 0.000000
 -0.081500 0.000000 0.000000
 -0.079250 0.000000 0.000000
 -0.077000 0.000000 0.000000
 -0.074750 0.000000 0.000000
 -0.072500 0.000000 0.000000
 -0.070250 0.000000 0.000000
 -0.068000 0.000000 0.000000
 -0.065750 0.000000 0.000000
 -0.063500 0.000000 0.000000
 -0.061250 0.000000 0.000000
 -0.059000 0.000000 0.000000
 -0.056750 0.000000 0.000000
 -0.054500 0.000000 0.000000
 -0.052250 0.000000 0.000000
 -0.050000 0.000000 0.000000
 -0.047750 0.000000 0.000000
 -0.045500 0.000000 0.000000
 -0.043250 0.000000 0.000000
 -0.041000 0.000000 0.000000
 -0.038750 0.000000 0.000000
 -0.036500 0.000000 0.000000
 -0.034250 0.000000 0.000000
 -0.032000 0.000000 0.000000
 -0.029750 0.000000 0.000000
 -0.027500 0.000000 0.000000
 -0.025250 0.000000 0.000000
 -0.023000 0.000000 0.000000
 -0.020750 0.000000 0.000000
 -0.018500 0.000000 0.000000
 -0.016250 0.000000 0.000000
 -0.014000 0.000000 0.000000
 -0.011750 0.000000 0.000000
 -0.009500 0.000000 0.000000
 -0.007250 0.000000 0.000000
 -0.005000 0.000000 0.000000
 -0.002750 0.000000 0.000000
 -0.000500 0.000000 0.000000
 0.001750 0.000000 0.000000
 0.004000 0.000000 0.000000
 0.006250 0.000000 0.000000
 0.008500 0.000000 0.000000
 0.010750 0.000000 0.000000
 0.013000 0.000000 0.000000
 0.015250 0.000000 0.000000
 0.017500 0.000000 0.000000
 0.019750 0.000000 0.000000
 0.022000 0.000000 0.000000
 0.024250 0.000000 0.000000
 0.026500 0.000000 0.000000
 0.028750 0.000000 0.000000
 0.031000 0.000000 0.000000
 0.033250 0.000000 0.000000
 0.035500 0.000000 0.000000
 0.037750 0.000000 0.000000
 0.040000 0.000000 0.000000
 0.042250 0.000000 0.000000
 0.044500 0.000000 0.000000
 0.046750 0.000000 0.000000
 0.049000 0.000000 0.000000
 0.051250 0.000000 0.000000
 0.053500 0.000000 0.000000
 0.055750 0.000000 0.000000
 0.058000 0.000000 0.000000
 0.060250 0.000000 0.000000
 0.062500 0.000000 0.000000
 0.064750 0.000000 0.000000
 0.067000 0.000000 0.000000
 0.069250 0.000000 0.000000
 0.071500 0.000000 0.000000
 0.073750 0.000000 0.000000
 0.076000 0.000000 0.000000
 0.078250 0.000000 0.000000
 0.080500 0.000000 0.000000
 0.082750 0.000000 0.000000
 0.085000 0.000000 0.000000
 0.087250 0.000000 0.000000
 0.089500 0.000000 0.000000
 0.091750 0.000000 0.000000
 0.094000 0.000000 0.000000
 0.096250 0.000000 0.000000
 0.098500 0.000000 0.000000
 0.100750 0.000000 0.000000
 0.103000 0.000000 0.000000
 0.105250 0.000000 0.000000
 0.107500 0.000000 0.000000
 0.109750 0.000000 0.000000
 0.112000 0.000000 0.000000
 0.114250 0.000000 0.000000
 0.116500 0.000000 0.000000
 0.118750 0.000000 0.000000
 0.121000 0.000000 0.000000
 0.123250 0.000000 0.000000
 0.125500 0.000000 0.000000
 0.127750 0.000000 0.000000
 0.130000 0.000000 0.000000
 0.132250 0.000000 0.000000
 0.134500 0.000000 0.000000
 0.136750 0.000000 0.000000
 0.139000 0.000000 0.000000
 0.141250 0.000000 0.000000
 0.143500 0.000000 0.000000
 0.145750 0.000000 0.000000
 0.148000 0.000000 0.000000
 0.150250 0.000000 0.000000
 0.152500 0.000000 0.000000
 0.154750 0.000000 0.000000
 0.157000 0.000000 0.000000
 0.159250 0.000000 0.000000
 0.161500 0.000000 0.000000
 0.163750 0.000000 0.000000
 0.166000 0.000000 0.000000
 0.168250 0.000000 0.000000
 0.170500 0.000000 0.000000
 0.172750 0.000000 0.000000
 0.175000 0.000000 0.000000
 0.177250 0.000000 0.000000
 0.179500 0.000000 0.000000
 0.181750 0.000000 0.000000
 0.184000 0.000000 0.000000
 0.186250 0.000000 0.000000
 0.188500 0.000000 0.000000
 0.190750 0.000000 0.000000
 0.193000 0.000000 0.000000
 0.195250 0.000000 0.000000
 0.197500 0.000000 0.000000
 0.199750 0.000000 0.000000
 0.202000 0.000000 0.000000
 0.204250 0.000000 0.000000
 0.206500 0.000000 0.000000
 0.208750 0.000000 0.000000
 0.211000 0.000000 0.000000
 0.213250 0.000000 0.000000
 0.215500 0.000000 0.000000
 0.217750 0.000000 0.000000
 0.220000 0.000000 0.000000
 0.222250 0.000000 0.000000
 0.224500 0.000000 0.000000
 0.226750 0.000000 0.000000
 0.229000 0.000000 0.000000
 0.231250 0.000000 0.000000
 0.233500 0.000000 0.000000
 0.235750 0.000000 0.000000
 0.238000 0.000000 0.000000
 0.240250 0.000000 0.000000
 0.242500 0.000000 0.000000
 0.244750 0.000000 0.000000
 0.247000 0.000000 0.000000
 0.249250 0.000000 0.000000
 0.251500 0.000000 0.000000
 0.253750 0.000000 0.000000
 0.256000 0.000000 0.000000
 0.258250 0.000000 0.000000
 0.260500 0.000000 0.000000
 0.262750 0.000000 0.000000
 0.265000 0.000000 0.000000
 0.267250 0.000000 0.000000
 0.269500 0.000000 0.000000
 0.271750 0.000000 0.000000
 0.274000 0.000000 0.000000
 0.276250 0.000000 0.000000
 0.278500 0.000000 0.000000
 0.280750 0.000000 0.000000
 0.283000 0.000000 0.000000
 0.285250 0.000000 0.000000
 0.287500 0.000000 0.000000
 0.289750 0.000000 0.000000
 0.292000 0.000000 0.000000
 0.294250 0.000000 0.000000
 0.296500 0.000000 0.000000
 0.298750 0.000000 0.000000
 0.301000 0.000000 0.000000
 0.303250 0.000000 0.000000
 0.305500 0.000000 0.000000
 0.307750 0.000000 0.000000
 0.310000 0.000000 0.000000
 0.312250 0.000000 0.000000
 0.314500 0.000000 0.000000
 0.316750 0.000000 0.000000
 0.319000 0.000000 0.000000
 0.321250 0.000000 0.000000
 0.323500 0.000000 0.000000
 0.325750 0.000000 0.000000
 0.328000 0.000000 0.000000
 0.330250 0.000000 0.000000
 0.332500 0.000000 0.000000
 0.334750 0.000000 0.000000
 0.337000 0.000000 0.000000
 0.339250 0.000000 0.000000
 0.341500 0.000000 0.000000
 0.343750 0.000000 0.000000
 0.346000 0.000000 0.000000
 0.348250 0.000000 0.000000
 0.350500 0.000000 0.000000
 0.352750 0.000000 0.000099
 0.355000 0.000001 0.000204
 0.357250 0.000001 0.000397
 0.359500 0.000002 0.000732
 0.361750 0.000005 0.001275
 0.364000 0.000008 0.002098
 0.366250 0.000014 0.003253
 0.368500 0.000023 0.004747
 0.370750 0.000036 0.006505
 0.373000 0.000053 0.008344
 0.375250 0.000073 0.009968
 0.377500 0.000097 0.011011
 0.379750 0.000122 0.011107
 0.382000 0.000146 0.009998
 0.384250 0.000166 0.007630
 0.386500 0.000180 0.004206
 0.388750 0.000185 0.000167
 0.391000 0.000180 -0.003897
 0.393250 0.000168 -0.007390
 0.395500 0.000148 -0.009854
 0.397750 0.000124 -0.011065
 0.400000 0.000099 -0.011058
 0.402250 0.000075 -0.010079
 0.404500 0.000054 -0.008487
 0.406750 0.000037 -0.006653
 0.409000 0.000024 -0.004880
 0.411250 0.000015 -0.003360
 0.413500 0.000009 -0.002178
 0.415750 0.000005 -0.001330
 0.418000 0.000003 -0.000767
 0.420250 0.000001 -0.000418
 0.422500 0.000001 -0.000215
 0.424750 0.000000 -0.000046
 0.427000 0.000000 0.000126
 0.429250 0.000001 0.000256
 0.431500 0.000002 0.000489
 0.433750 0.000003 0.000885
 0.436000 0.000006 0.001513
 0.438250 0.000010 0.002441
 0.440500 0.000017 0.003774
 0.442750 0.000027 0.005439
 0.445000 0.000042 0.007477
 0.447250 0.000062 0.009692
 0.449500 0.000086 0.011835
 0.451750 0.000115 0.013711
 0.454000 0.000147 0.015157
 0.456250 0.000182 0.016142
 0.458500 0.000220 0.016798
 0.460750 0.000258 0.017463
 0.463000 0.000298 0.018299
 0.465250 0.000341 0.019454
 0.467500 0.000386 0.020758
 0.469750 0.000434 0.021724
 0.472000 0.000483 0.021669
 0.474250 0.000530 0.019934
 0.476500 0.000571 0.016142
 0.478750 0.000601 0.010383
 0.481000 0.000617 0.003238
 0.483250 0.000616 -0.004313
 0.485500 0.000598 -0.011256
 0.487750 0.000566 -0.016741
 0.490000 0.000524 -0.020327
 0.492250 0.000477 -0.021827
 0.494500 0.000428 -0.021331
 0.496750 0.000382 -0.018959
 0.499000 0.000344 -0.014743
 0.501250 0.000317 -0.009068
 0.503500 0.000304 -0.001815
 0.505750 0.000309 0.006532
 0.508000 0.000334 0.015393
 0.510250 0.000379 0.023814
 0.512500 0.000440 0.030783
 0.514750 0.000516 0.035658
 0.517000 0.000599 0.037655
 0.519250 0.000683 0.037242
 0.521500 0.000765 0.035245
 0.523750 0.000843 0.033071
 0.526000 0.000915 0.031837
 0.528250 0.000989 0.033503
 0.530500 0.001070 0.038700
 0.532750 0.001167 0.048238
 0.535000 0.001291 0.062290
 0.537250 0.001451 0.080364
 0.539500 0.001655 0.101630
 0.541750 0.001911 0.125193
 0.544000 0.002219 0.148310
 0.546250 0.002577 0.169026
 0.548500 0.002976 0.184571
 0.550750 0.003403 0.192818
 0.553000 0.003838 0.192173
 0.555250 0.004263 0.183010
 0.557500 0.004658 0.166387
 0.559750 0.005010 0.145375
 0.562000 0.005312 0.123818
 0.564250 0.005570 0.105752
 0.566500 0.005794 0.094798
 0.568750 0.006004 0.092882
 0.571000 0.006220 0.099715
 0.573250 0.006460 0.113991
 0.575500 0.006737 0.132396
 0.577750 0.007058 0.151768
 0.580000 0.007420 0.168882
 0.582250 0.007816 0.181163
 0.584500 0.008233 0.187095
 0.586750 0.008655 0.186717
 0.589000 0.009072 0.182557
 0.591250 0.009479 0.178126
 0.593500 0.009881 0.178899
 0.595750 0.010294 0.189864
 0.598000 0.010745 0.214844
 0.600250 0.011271 0.253865
 0.602500 0.011901 0.306732
 0.604750 0.012661 0.367594
 0.607000 0.013560 0.430510
 0.609250 0.014597 0.488211
 0.611500 0.015754 0.535898
 0.613750 0.017002 0.569523
 0.616000 0.018310 0.590069
 0.618250 0.019653 0.599050
 0.620500 0.021006 0.602551
 0.622750 0.022371 0.608096
 0.625000 0.023754 0.622663
 0.627250 0.025191 0.653454
 0.629500 0.026715 0.703976
 0.631750 0.028379 0.773811
 0.634000 0.030218 0.859344
 0.636250 0.032261 0.953250
 0.638500 0.034522 1.049576
 0.640750 0.036993 1.141651
 0.643000 0.039667 1.228192
 0.645250 0.042531 1.310831
 0.647500 0.045584 1.398443
 0.649750 0.048847 1.499474
 0.652000 0.052362 1.624392
 0.654250 0.056192 1.781039
 0.656500 0.060416 1.972130
 0.658750 0.065106 2.191956
 0.661000 0.070312 2.428914
 0.663250 0.076058 2.667981
 0.665500 0.082326 2.890053
 0.667750 0.089059 3.079613
 0.670000 0.096175 3.227759
 0.672250 0.103579 3.335103
 0.674500 0.111189 3.410981
 0.676750 0.118949 3.475250
 0.679000 0.126863 3.551300
 0.681250 0.134990 3.665666
 0.683500 0.143435 3.837074
 0.685750 0.152345 4.077786
 0.688000 0.161868 4.379822
 0.690250 0.172126 4.730119
 0.692500 0.183205 5.102957
 0.694750 0.195141 5.477694
 0.697000 0.207903 5.839017
 0.699250 0.221453 6.177951
 0.701500 0.235760 6.512045
 0.703750 0.250823 6.854162
 0.706000 0.266686 7.230891
 0.708250 0.283465 7.665062
 0.710500 0.301306 8.174317
 0.712750 0.320386 8.771197
 0.715000 0.340916 9.455601
 0.717250 0.363088 10.226901
 0.719500 0.387072 11.064147
 0.721750 0.412994 11.945385
 0.724000 0.440934 12.843304
 0.726250 0.470892 13.729991
 0.728500 0.502831 14.592545
 0.730750 0.536671 15.431054
 0.733000 0.572385 16.264079
 0.735250 0.610015 17.135171
 0.737500 0.649699 18.091778
 0.739750 0.691680 19.176027
 0.742000 0.736261 20.409262
 0.744250 0.783799 21.796034
 0.746500 0.834616 23.314704
 0.748750 0.888966 24.926706
 0.751000 0.947019 26.591636
 0.753250 1.008847 28.270231
 0.755500 1.074429 29.932566
 0.757750 1.143713 31.549544
 0.760000 1.216580 33.111793
 0.762250 1.292908 34.608830
 0.764500 1.372534 36.037708
 0.766750 1.455298 37.402806
 0.769000 1.541067 38.721465
 0.771250 1.629784 40.018093
 0.773500 1.721449 41.338986
 0.775750 1.816156 42.743090
 0.778000 1.914161 44.264348
 0.780250 2.015787 45.954105
 0.782500 2.121408 47.825639
 0.784750 2.231461 49.875060
 0.787000 2.346287 52.066066
 0.789250 2.466147 54.337971
 0.791500 2.591125 56.609895
 0.793750 2.721146 58.790039
 0.796000 2.855872 60.786650
 0.798250 2.994843 62.548983
 0.800500 3.137490 64.045372
 0.802750 3.283181 65.284046
 0.805000 3.431421 66.308306
 0.807250 3.581782 67.181419
 0.809500 3.733985 67.971430
 0.811750 3.887901 68.712727
 0.814000 4.043433 69.420131
 0.816250 4.200533 70.080580
 0.818500 4.359051 70.686787
 0.820750 4.518805 71.192409
 0.823000 4.679540 71.576161
 0.825250 4.840978 71.804326
 0.827500 5.002680 71.826703
 0.829750 5.164120 71.561560
 0.832000 5.324562 70.935987
 0.834250 5.483093 69.863445
 0.836500 5.638613 68.288370
 0.838750 5.789960 66.184515
 0.841000 5.935992 63.576548
 0.843250 6.075614 60.511086
 0.845500 6.207867 57.051941
 0.847750 6.331939 53.265825
 0.850000 6.447126 49.188707
 0.852250 6.552822 44.848535
 0.854500 6.648479 40.305312
 0.856750 6.733705 35.593666
 0.859000 6.808183 30.811639
 0.861250 6.871870 26.040617
 0.863500 6.924913 21.386864
 0.865750 6.967679 16.938140
 0.868000 7.000701 12.771798
 0.870250 7.024686 8.888075
 0.872500 7.040185 5.286893
 0.874750 7.047778 1.905185
 0.877000 7.047912 -1.352568
 0.879250 7.040738 -4.570596
 0.881500 7.026272 -7.838958
 0.883750 7.004289 -11.251699
 0.886000 6.974396 -14.852291
 0.888250 6.936121 -18.679561
 0.890500 6.888939 -22.723157
 0.892750 6.832384 -26.964968
 0.895000 6.766081 -31.379931
 0.897250 6.689707 -35.911082
 0.899500 6.603012 -40.484515
 0.901750 6.506004 -45.074055
 0.904000 6.398675 -49.625905
 0.906250 6.281189 -54.094412
 0.908500 6.153751 -58.445846
 0.910750 6.016667 -62.660203
 0.913000 5.870260 -66.732632
 0.915250 5.714842 -70.652747
 0.917500 5.550722 -74.450854
 0.919750 5.378202 -78.130593
 0.922000 5.197523 -81.673719
 0.924250 5.009037 -85.056003
 0.926500 4.813207 -88.195466
 0.928750 4.610655 -90.983007
 0.931000 4.402337 -93.306924
 0.933250 4.189412 -95.058238
 0.935500 3.973276 -96.168484
 0.937750 3.755404 -96.604647
 0.940000 3.537306 -96.408865
 0.942250 3.320279 -95.642737
 0.944500 3.105502 -94.428301
 0.946750 2.893892 -92.882402
 0.949000 2.686092 -91.080604
 0.951250 2.482612 -89.056819
 0.953500 2.283954 -86.809033
 0.955750 2.090643 -84.289207
 0.958000 1.903391 -81.453028
 0.960250 1.722951 -78.230722
 0.962500 1.550256 -74.605223
 0.964750 1.386204 -70.583107
 0.967000 1.231610 -66.211446
 0.969250 1.087182 -61.597198
 0.971500 0.953345 -56.846191
 0.973750 0.830293 -52.072853
 0.976000 0.717945 -47.361134
 0.978250 0.616097 -42.790157
 0.980500 0.524359 -38.388453
 0.982750 0.442343 -34.189116
 0.985000 0.369572 -30.192695
 0.987250 0.305593 -26.408927
 0.989500 0.249894 -22.839003
 0.991750 0.202012 -19.518009
 0.994000 0.161324 -16.444995
 0.996250 0.127265 -13.659097
 0.998500 0.099175 -11.178904
 1.000750 0.076332 -9.004310
 1.003000 0.058060 -7.145484
 1.005250 0.043651 -5.586052
 1.007500 0.032453 -4.305429
 1.009750 0.023862 -3.273049
 1.012000 0.017362 -2.459825
 1.014250 0.012488 -1.826161
 1.016500 0.008883 -1.343788
 1.018750 0.006237 -0.978490
 1.021000 0.004311 -0.703752
 1.023250 0.002933 -0.501213
 1.025500 0.001957 -0.351860
 1.027750 0.001276 -0.242119
 1.030000 0.000811 -0.163191
 1.032250 0.000499 -0.106382
 1.034500 0.000298 -0.067838
 1.036750 0.000172 -0.041528
 1.039000 0.000095 -0.024463
 1.041250 0.000050 -0.013659
 1.043500 0.000026 -0.007496
 1.045750 0.000012 -0.003594
 1.048000 0.000005 -0.001722
 1.050250 0.000002 -0.000641
 1.052500 0.000001 -0.000246
 1.054750 0.000000 0.000000
 1.057000 0.000000 0.000000
 1.059250 0.000000 0.000000
 1.061500 0.000000 0.000000
 1.063750 0.000000 0.000000
 1.066000 0.000000 0.000000
 1.068250 0.000000 0.000000
 1.070500 0.000000 0.000000
 1.072750 0.000000 0.000000
 1.075000 0.000000 0.000000
 1.077250 0.000000 0.000000
 1.079500 0.000000 0.000000
 1.081750 0.000000 0.000000
 1.084000 0.000000 0.000000
 1.086250 0.000000 0.000000
 1.088500 0.000000 0.000000
 1.090750 0.000000 0.000000
 1.093000 0.000000 0.000000
 1.095250 0.000000 0.000000
 1.097500 0.000000 0.000000
 1.099750 0.000000 0.000000
 1.102000 0.000000 0.000000
 1.104250 0.000000 0.000000
 1.106500 0.000000 0.000000
 1.108750 0.000000 0.000000
 1.111000 0.000000 0.000000
 1.113250 0.000000 0.000000
 1.115500 0.000000 0.000000
 1.117750 0.000000 0.000000
 1.120000 0.000000 0.000000
 1.122250 0.000000 0.000000
 1.124500 0.000000 0.000000
 1.126750 0.000000 0.000000
 1.129000 0.000000 0.000000
 1.131250 0.000000 0.000000
 1.133500 0.000000 0.000000
 1.135750 0.000000 0.000000
 1.138000 0.000000 0.000000
 1.140250 0.000000 0.000000
 1.142500 0.000000 0.000000
 1.144750 0.000000 0.000000
 1.147000 0.000000 0.000000
 1.149250 0.000000 0.000000
 1.151500 0.000000 0.000000
 1.153750 0.000000 0.000000
 1.156000 0.000000 0.000000
 1.158250 0.000000 0.000000
 1.160500 0.000000 0.000000
 1.162750 0.000000 0.000000
 1.165000 0.000000 0.000000
 1.167250 0.000000 0.000000
 1.169500 0.000000 0.000000
 1.171750 0.000000 0.000000
 1.174000 0.000000 0.000000
 1.176250 0.000000 0.000000
 1.178500 0.000000 0.000000
 1.180750 0.000000 0.000000
 1.183000 0.000000 0.000000
 1.185250 0.000000 0.000000
 1.187500 0.000000 0.000000
 1.189750 0.000000 0.000000
 1.192000 0.000000 0.000000
 1.194250 0.000000 0.000000
 1.196500 0.000000 0.000000
 1.198750 0.000000 0.000000
 1.201000 0.000000 0.000000
 1.203250 0.000000 0.000000
 1.205500 0.000000 0.000000
 1.207750 0.000000 0.000000
 1.210000 0.000000 0.000000
 1.212250 0.000000 0.000000
 1.214500 0.000000 0.000000
 1.216750 0.000000 0.000000
 1.219000 0.000000 0.000000
 1.221250 0.000000 0.000000
 1.223500 0.000000 0.000000
 1.225750 0.000000 0.000000
 1.228000 0.000000 0.000000
 1.230250 0.000000 0.000000
 1.232500 0.000000 0.000000
 1.234750 0.000000 0.000000
 1.237000 0.000000 0.000000
 1.239250 0.000000 0.000000
 1.241500 0.000000 0.000000
 1.243750 0.000000 0.000000
 1.246000 0.000000 0.000000
 1.248250 0.000000 0.000000
 1.250500 0.000000 0.000000
 1.252750 0.000000 0.000000
 1.255000 0.000000 0.000000
 1.257250 0.000000 0.000000
 1.259500 0.000000 0.000000
 1.261750 0.000000 0.000000
 1.264000 0.000000 0.000000
 1.266250 0.000000 0.000000
 1.268500 0.000000 0.000000
 1.270750 0.000000 0.000000
 1.273000 0.000000 0.000000
 1.275250 0.000000 0.000000
 1.277500 0.000000 0.000000
 1.279750 0.000000 0.000000
 1.282000 0.000000 0.000000
 1.284250 0.000000 0.000000
 1.286500 0.000000 0.000000
 1.288750 0.000000 0.000000
 1.291000 0.000000 0.000000
 1.293250 0.000000 0.000000
 1.295500 0.000000 0.000000
 1.297750 0.000000 0.000000
 1.300000 0.000000 0.000000
 1.302250 0.000000 0.000000
 1.304500 0.000000 0.000000
 1.306750 0.000000 0.000000
 1.309000 0.000000 0.000000
 1.311250 0.000000 0.000000
 1.313500 0.000000 0.000000
 1.315750 0.000000 0.000000
 1.318000 0.000000 0.000000
 1.320250 0.000000 0.000000
 1.322500 0.000000 0.000000
 1.324750 0.000000 0.000000
 1.327000 0.000000 0.000000
 1.329250 0.000000 0.000000
 1.331500 0.000000 0.000000
 1.333750 0.000000 0.000000
 1.336000 0.000000 0.000000
 1.338250 0.000000 0.000000
 1.340500 0.000000 0.000000
 1.342750 0.000000 0.000000
 1.345000 0.000000 0.000000
 1.347250 0.000000 0.000000
 1.349500 0.000000 0.000000
 1.351750 0.000000 0.000000
 1.354000 0.000000 0.000000
 1.356250 0.000000 0.000000
 1.358500 0.000000 0.000000
 1.360750 0.000000 0.000000
 1.363000 0.000000 0.000000
 1.365250 0.000000 0.000000
 1.367500 0.000000 0.000000
 1.369750 0.000000 0.000000
 1.372000 0.000000 0.000000
 1.374250 0.000000 0.000000
 1.376500 0.000000 0.000000
 1.378750 0.000000 0.000000
 1.381000 0.000000 0.000000
 1.383250 0.000000 0.000000
 1.385500 0.000000 0.000000
 1.387750 0.000000 0.000000
 1.390000 0.000000 0.000000
 1.392250 0.000000 0.000000
 1.394500 0.000000 0.000000
 1.396750 0.000000 0.000000
 1.399000 0.000000 0.000000
 1.401250 0.000000 0.000000
 1.403500 0.000000 0.000000
 1.405750 0.000000 0.000000
 1.408000 0.000000 0.000000
 1.410250 0.000000 0.000000
 1.412500 0.000000 0.000000
 1.414750 0.000000 0.000000
 1.417000 0.000000 0.000000
 1.419250 0.000000 0.000000
 1.421500 0.000000 0.000000
 1.423750 0.000000 0.000000
 1.426000 0.000000 0.000000
 1.428250 0.000000 0.000000
 1.430500 0.000000 0.000000
 1.432750 0.000000 0.000000
 1.435000 0.000000 0.000000
 1.437250 0.000000 0.000000
 1.439500 0.000000 0.000000
 1.441750 0.000000 0.000000
 1.444000 0.000000 0.000000
 1.446250 0.000000 0.000000
 1.448500 0.000000 0.000000
 1.450750 0.000000 0.000000
 1.453000 0.000000 0.000000
 1.455250 0.000000 0.000000
 1.457500 0.000000 0.000000
 1.459750 0.000000 0.000000
 1.462000 0.000000 0.000000
 1.464250 0.000000 0.000000
 1.466500 0.000000 0.000000
 1.468750 0.000000 0.000000
 1.471000 0.000000 0.000000
 1.473250 0.000000 0.000000
 1.475500 0.000000 0.000000
 1.477750 0.000000 0.000000
 1.480000 0.000000 0.000000
 1.482250 0.000000 0.000000
 1.484500 0.000000 0.000000
 1.486750 0.000000 0.000000
 1.489000 0.000000 0.000000
 1.491250 0.000000 0.000000
 1.493500 0.000000 0.000000
 1.495750 0.000000 0.000000
 1.498000 0.000000 0.000000
 1.500250 0.000000 0.000000
 1.502500 0.000000 0.000000
 1.504750 0.000000 0.000000
 1.507000 0.000000 0.000000
 1.509250 0.000000 0.000000
 1.511500 0.000000 0.000000
 1.513750 0.000000 0.000000
 1.516000 0.000000 0.000000
 1.518250 0.000000 0.000000
 1.520500 0.000000 0.000000
 1.522750 0.000000 0.000000
 1.525000 0.000000 0.000000
 1.527250 0.000000 0.000000
 1.529500 0.000000 0.000000
 1.531750 0.000000 0.000000
 1.534000 0.000000 0.000000
 1.536250 0.000000 0.000000
 1.538500 0.000000 0.000000
 1.540750 0.000000 0.000000
 1.543000 0.000000 0.000000
 1.545250 0.000000 0.000000
 1.547500 0.000000 0.000000
 1.549750 0.000000 0.000000
 1.552000 0.000000 0.000000
 1.554250 0.000000 0.000000
 1.556500 0.000000 0.000000
 1.558750 0.000000 0.000000
 1.561000 0.000000 0.000000
 1.563250 0.000000 0.000000
 1.565500 0.000000 0.000000
 1.567750 0.000000 0.000000
 1.570000 0.000000 0.000000
 1.572250 0.000000 0.000000
 1.574500 0.000000 0.000000
 1.576750 0.000000 0.000000
 1.579000 0.000000 0.000000
 1.581250 0.000000 0.000000
 1.583500 0.000000 0.000000
 1.585750 0.000000 0.000000
 1.588000 0.000000 0.000000
 1.590250 0.000000 0.000000
 1.592500 0.000000 0.000000
 1.594750 0.000000 0.000000
 1.597000 0.000000 0.000000
 1.599250 0.000000 0.000000
 1.601500 0.000000 0.000000
 1.603750 0.000000 0.000000
 1.606000 0.000000 0.000000
 1.608250 0.000000 0.000000
 1.610500 0.000000 0.000000
 1.612750 0.000000 0.000000
 1.615000 0.000000 0.000000
 1.617250 0.000000 0.000000
 1.619500 0.000000 0.000000
 1.621750 0.000000 0.000000
 1.624000 0.000000 0.000000
 1.626250 0.000000 0.000000
 1.628500 0.000000 0.000000
 1.630750 0.000000 0.000000
 1.633000 0.000000 0.000000
 1.635250 0.000000 0.000000
 1.637500 0.000000 0.000000
 1.639750 0.000000 0.000000
 1.642000 0.000000 0.000000
 1.644250 0.000000 0.000000
 1.646500 0.000000 0.000000
 1.648750 0.000000 0.000000
 1.651000 0.000000 0.000000
 1.653250 0.000000 0.000000
 1.655500 0.000000 0.000000
 1.657750 0.000000 0.000000
 1.660000 0.000000 0.000000
 1.662250 0.000000 0.000000
 1.664500 0.000000 0.000000
 1.666750 0.000000 0.000000
 1.669000 0.000000 0.000000
 1.671250 0.000000 0.000000
 1.673500 0.000000 0.000000
 1.675750 0.000000 0.000000
 1.678000 0.000000 0.000000
 1.680250 0.000000 0.000000
 1.682500 0.000000 0.000000
 1.684750 0.000000 0.000000
 1.687000 0.000000 0.000000
 1.689250 0.000000 0.000000
 1.691500 0.000000 0.000000
 1.693750 0.000000 0.000000
 1.696000 0.000000 0.000000
 1.698250 0.000000 0.000000
 1.700500 0.000000 0.000000
 1.702750 0.000000 0.000000
 1.705000 0.000000 0.000000
 1.707250 0.000000 0.000000
 1.709500 0.000000 0.000000
 1.711750 0.000000 0.000000
 1.714000 0.000000 0.000000
 1.716250 0.000000 0.000000
 1.718500 0.000000 0.000000
 1.720750 0.000000 0.000000
 1.723000 0.000000 0.000000
 1.725250 0.000000 0.000000
 1.727500 0.000000 0.000000
 1.729750 0.000000 0.000000
 1.732000 0.000000 0.000000
 1.734250 0.000000 0.000000
 1.736500 0.000000 0.000000
 1.738750 0.000000 0.000000
 1.741000 0.000000 0.000000
 1.743250 0.000000 0.000000
 1.745500 0.000000 0.000000
 1.747750 0.000000 0.000000
 1.750000 0.000000 0.000000
 1.752250 0.000000 0.000000
 1.754500 0.000000 0.000000
 1.756750 0.000000 0.000000
 1.759000 0.000000 0.000000
 1.761250 0.000000 0.000000
 1.763500 0.000000 0.000000
 1.765750 0.000000 0.000000
 1.768000 0.000000 0.000000
 1.770250 0.000000 0.000000
 1.772500 0.000000 0.000000
 1.774750 0.000000 0.000000
 1.777000 0.000000 0.000000
 1.779250 0.000000 0.000000
 1.781500 0.000000 0.000000
 1.783750 0.000000 0.000000
 1.786000 0.000000 0.000000
 1.788250 0.000000 0.000000
 1.790500 0.000000 0.000000
 1.792750 0.000000 0.000000
 1.795000 0.000000 0.000000
 1.797250 0.000000 0.000000
 1.799500 0.000000 0.000000
 1.801750 0.000000 0.000000
 1.804000 0.000000 0.000000
 1.806250 0.000000 0.000000
 1.808500 0.000000 0.000000
 1.810750 0.000000 0.000000
 1.813000 0.000000 0.000000
 1.815250 0.000000 0.000000
 1.817500 0.000000 0.000000
 1.819750 0.000000 0.000000
 1.822000 0.000000 0.000000
 1.824250 0.000000 0.000000
 1.826500 0.000000 0.000000
 1.828750 0.000000 0.000000
 1.831000 0.000000 0.000000
 1.833250 0.000000 0.000000
 1.835500 0.000000 0.000000
 1.837750 0.000000 0.000000
 1.840000 0.000000 0.000000
 1.842250 0.000000 0.000000
 1.844500 0.000000 0.000000
 1.846750 0.000000 0.000000
 1.849000 0.000000 0.000000
 1.851250 0.000000 0.000000
 1.853500 0.000000 0.000000
 1.855750 0.000000 0.000000
 1.858000 0.000000 0.000000
 1.860250 0.000000 0.000000
 1.862500 0.000000 0.000000
 1.864750 0.000000 0.000000
 1.867000 0.000000 0.000000
 1.869250 0.000000 0.000000
 1.871500 0.000000 0.000000
 1.873750 0.000000 0.000000
 1.876000 0.000000 0.000000
 1.878250 0.000000 0.000000
 1.880500 0.000000 0.000000
 1.882750 0.000000 0.000000
 1.885000 0.000000 0.000000
 1.887250 0.000000 0.000000
 1.889500 0.000000 0.000000
 1.891750 0.000000 0.000000
 1.894000 0.000000 0.000000
 1.896250 0.000000 0.000000
 1.898500 0.000000 0.000000
 1.900750 0.000000 0.000000
 1.903000 0.000000 0.000000
 1.905250 0.000000 0.000000
 1.907500 0.000000 0.000000
 1.909750 0.000000 0.000000
 1.912000 0.000000 0.000000
 1.914250 0.000000 0.000000
 1.916500 0.000000 0.000000
 1.918750 0.000000 0.000000
 1.921000 0.000000 0.000000
 1.923250 0.000000 0.000000
 1.925500 0.000000 0.000000
 1.927750 0.000000 0.000000
 1.930000 0.000000 0.000000
 1.932250 0.000000 0.000000
 1.934500 0.000000 0.000000
 1.936750 0.000000 0.000000
 1.939000 0.000000 0.000000
 1.941250 0.000000 0.000000
 1.943500 0.000000 0.000000
 1.945750 0.000000 0.000000
 1.948000 0.000000 0.000000
 1.950250 0.000000 0.000000
 1.952500 0.000000 0.000000
 1.954750 0.000000 0.000000
 1.957000 0.000000 0.000000
 1.959250 0.000000 0.000000
 1.961500 0.000000 0.000000
 1.963750 0.000000 0.000000
 1.966000 0.000000 0.000000
 1.968250 0.000000 0.000000
 1.970500 0.000000 0.000000
 1.972750 0.000000 0.000000
 1.975000 0.000000 0.000000
 1.977250 0.000000 0.000000
 1.979500 0.000000 0.000000
 1.981750 0.000000 0.000000
 1.984000 0.000000 0.000000
 1.986250 0.000000 0.000000
 1.988500 0.000000 0.000000
 1.990750 0.000000 0.000000
 1.993000 0.000000 0.000000
 1.995250 0.000000 0.000000
 1.997500 0.000000 0.000000
 1.999750 0.000000 0.000000
 2.002000 0.000000 0.000000
 2.004250 0.000000 0.000000
 2.006500 0.000000 0.000000
 2.008750 0.000000 0.000000
 2.011000 0.000000 0.000000
 2.013250 0.000000 0.000000
 2.015500 0.000000 0.000000
 2.017750 0.000000 0.000000
 2.020000 0.000000 0.000000
 2.022250 0.000000 0.000000
 2.024500 0.000000 0.000000
 2.026750 0.000000 0.000000
 2.029000 0.000000 0.000000
 2.031250 0.000000 0.000000
 2.033500 0.000000 0.000000
 2.035750 0.000000 0.000000
 2.038000 0.000000 0.000000
 2.040250 0.000000 0.000000
 2.042500 0.000000 0.000000
 2.044750 0.000000 0.000000
 2.047000 0.000000 0.000000
 2.049250 0.000000 0.000000
 2.051500 0.000000 0.000000
 2.053750 0.000000 0.000000
 2.056000 0.000000 0.000000
 2.058250 0.000000 0.000000
 2.060500 0.000000 0.000000
 2.062750 0.000000 0.000000
 2.065000 0.000000 0.000000
 2.067250 0.000000 0.000000
 2.069500 0.000000 0.000000
 2.071750 0.000000 0.000000
 2.074000 0.000000 0.000000
 2.076250 0.000000 0.000000
 2.078500 0.000000 0.000000
 2.080750 0.000000 0.000000
 2.083000 0.000000 0.000000
 2.085250 0.000000 0.000000
 2.087500 0.000000 0.000000
 2.089750 0.000000 0.000000
 2.092000 0.000000 0.000000
 2.094250 0.000000 0.000000
 2.096500 0.000000 0.000000
 2.098750 0.000000 0.000000
 2.101000 0.000000 0.000000
 2.103250 0.000000 0.000000
 2.105500 0.000000 0.000000
 2.107750 0.000000 0.000000
 2.110000 0.000000 0.000000
 2.112250 0.000000 0.000000
 2.114500 0.000000 0.000000
 2.116750 0.000000 0.000000
 2.119000 0.000000 0.000000
 2.121250 0.000000 0.000000
 2.123500 0.000000 0.000000
 2.125750 0.000000 0.000000
 2.128000 0.000000 0.000000
 2.130250 0.000000 0.000000
 2.132500 0.000000 0.000000
 2.134750 0.000000 0.000000
 2.137000 0.000000 0.000000
 2.139250 0.000000 0.000000
 2.141500 0.000000 0.000000
 2.143750 0.000000 0.000000
 2.146000 0.000000 0.000000
 2.148250 0.000000 0.000000
 2.150500 0.000000 0.000000
 2.152750 0.000000 0.000000
 2.155000 0.000000 0.000000
 2.157250 0.000000 0.000000
 2.159500 0.000000 0.000000
 2.161750 0.000000 0.000000
 2.164000 0.000000 0.000000
 2.166250 0.000000 0.000000
 2.168500 0.000000 0.000000
 2.170750 0.000000 0.000000
 2.173000 0.000000 0.000000
 2.175250 0.000000 0.000000
 2.177500 0.000000 0.000000
 2.179750 0.000000 0.000000
 2.182000 0.000000 0.000000
 2.184250 0.000000 0.000000
 2.186500 0.000000 0.000000
 2.188750 0.000000 0.000000
 2.191000 0.000000 0.000000
 2.193250 0.000000 0.000000
 2.195500 0.000000 0.000000
 2.197750 0.000000 0.000000
 2.200000 0.000000 0.000000
 2.202250 0.000000 0.000000
 2.204500 0.000000 0.000000
 2.206750 0.000000 0.000000
 2.209000 0.000000 0.000000
 2.211250 0.000000 0.000000
 2.213500 0.000000 0.000000
 2.215750 0.000000 0.000000
 2.218000 0.000000 0.000000
 2.220250 0.000000 0.000000
 2.222500 0.000000 0.000000
 2.224750 0.000000 0.000000
 2.227000 0.000000 0.000000
 2.229250 0.000000 0.000000
 2.231500 0.000000 0.000000
 2.233750 0.000000 0.000000
 2.236000 0.000000 0.000000
 2.238250 0.000000 0.000000
 2.240500 0.000000 0.000000
 2.242750 0.000000 0.000000
 2.245000 0.000000 0.000000
 2.247250 0.000000 0.000000
 2.249500 0.000000 0.000000
 2.251750 0.000000 0.000000
 2.254000 0.000000 0.000000
 2.256250 0.000000 0.000000
 2.258500 0.000000 0.000000
 2.260750 0.000000 0.000000
 2.263000 0.000000 0.000000
 2.265250 0.000000 0.000000
 2.267500 0.000000 0.000000
 2.269750 0.000000 0.000000
 2.272000 0.000000 0.000000
 2.274250 0.000000 0.000000
 2.276500 0.000000 0.000000
 2.278750 0.000000 0.000000
 2.281000 0.000000 0.000000
 2.283250 0.000000 0.000000
 2.285500 0.000000 0.000000
 2.287750 0.000000 0.000000
 2.290000 0.000000 0.000000
 2.292250 0.000000 0.000000
 2.294500 0.000000 0.000000
 2.296750 0.000000 0.000000
 2.299000 0.000000 0.000000
 2.301250 0.000000 0.000000
 2.303500 0.000000 0.000000
 2.305750 0.000000 0.000000
 2.308000 0.000000 0.000000
 2.310250 0.000000 0.000000
 2.312500 0.000000 0.000000
 2.314750 0.000000 0.000000
 2.317000 0.000000 0.000000
 2.319250 0.000000 0.000000
 2.321500 0.000000 0.000000
 2.323750 0.000000 0.000000
 2.326000 0.000000 0.000000
 2.328250 0.000000 0.000000
 2.330500 0.000000 0.000000
 2.332750 0.000000 0.000000
 2.335000 0.000000 0.000000
 2.337250 0.000000 0.000000
 2.339500 0.000000 0.000000
 2.341750 0.000000 0.000000
 2.344000 0.000000 0.000000
 2.346250 0.000000 0.000000
 2.348500 0.000000 0.000000
 2.350750 0.000000 0.000000
 2.353000 0.000000 0.000000
 2.355250 0.000000 0.000000
 2.357500 0.000000 0.000000
 2.359750 0.000000 0.000000
 2.362000 0.000000 0.000000
 2.364250 0.000000 0.000000
 2.366500 0.000000 0.000000
 2.368750 0.000000 0.000000
 2.371000 0.000000 0.000000
 2.373250 0.000000 0.000000
 2.375500 0.000000 0.000000
 2.377750 0.000000 0.000000
 2.380000 0.000000 0.000000
 2.382250 0.000000 0.000000
 2.384500 0.000000 0.000000
 2.386750 0.000000 0.000000
 2.389000 0.000000 0.000000
 2.391250 0.000000 0.000000
 2.393500 0.000000 0.000000
 2.395750 0.000000 0.000000
 2.398000 0.000000 0.000000
 2.400250 0.000000 0.000000
 2.402500 0.000000 0.000000
 2.404750 0.000000 0.000000
 2.407000 0.000000 0.000000
 2.409250 0.000000 0.000000
 2.411500 0.000000 0.000000
 2.413750 0.000000 0.000000
 2.416000 0.000000 0.000000
 2.418250 0.000000 0.000000
 2.420500 0.000000 0.000000
 2.422750 0.000000 0.000000
 2.425000 0.000000 0.000000
 2.427250 0.000000 0.000000
 2.429500 0.000000 0.000000
 2.431750 0.000000 0.000000
 2.434000 0.000000 0.000000
 2.436250 0.000000 0.000000
 2.438500 0.000000 0.000000
 2.440750 0.000000 0.000000
 2.443000 0.000000 0.000000
 2.445250 0.000000 0.000000
 2.447500 0.000000 0.000000
 2.449750 0.000000 0.000000
 2.452000 0.000000 0.000000
 2.454250 0.000000 0.000000
 2.456500 0.000000 0.000000
 2.458750 0.000000 0.000000
 2.461000 0.000000 0.000000
 2.463250 0.000000 0.000000
 2.465500 0.000000 0.000000
 2.467750 0.000000 0.000000
 2.470000 0.000000 0.000000
 2.472250 0.000000 0.000000
 2.474500 0.000000 0.000000
 2.476750 0.000000 0.000000
 2.479000 0.000000 0.000000
 2.481250 0.000000 0.000000
 2.483500 0.000000 0.000000
 2.485750 0.000000 0.000000
 2.488000 0.000000 0.000000
 2.490250 0.000000 0.000000
 2.492500 0.000000 0.000000
 2.494750 0.000000 0.000000
 2.497000 0.000000 0.000000
 2.499250 0.000000 0.000000
 2.501500 0.000000 0.000000
 2.503750 0.000000 0.000000
 2.506000 0.000000 0.000000
 2.508250 0.000000 0.000000
 2.510500 0.000000 0.000000
 2.512750 0.000000 0.000000
 2.515000 0.000000 0.000000
 2.517250 0.000000 0.000000
 2.519500 0.000000 0.000000
 2.521750 0.000000 0.000000
 2.524000 0.000000 0.000000
 2.526250 0.000000 0.000000
 2.528500 0.000000 0.000000
 2.530750 0.000000 0.000000
 2.533000 0.000000 0.000000
 2.535250 0.000000 0.000000
 2.537500 0.000000 0.000000
 2.539750 0.000000 0.000000
 2.542000 0.000000 0.000000
 2.544250 0.000000 0.000000
 2.546500 0.000000 0.000000
 2.548750 0.000000 0.000000
 2.551000 0.000000 0.000000
 2.553250 0.000000 0.000000
 2.555500 0.000000 0.000000
 2.557750 0.000000 0.000000
 2.560000 0.000000 0.000000
 2.562250 0.000000 0.000000
 2.564500 0.000000 0.000000
 2.566750 0.000000 0.000000
 2.569000 0.000000 0.000000
 2.571250 0.000000 0.000000
 2.573500 0.000000 0.000000
 2.575750 0.000000 0.000000
 2.578000 0.000000 0.000000
 2.580250 0.000000 0.000000
 2.582500 0.000000 0.000000
 2.584750 0.000000 0.000000
 2.587000 0.000000 0.000000
 2.589250 0.000000 0.000000
 2.591500 0.000000 0.000000
 2.593750 0.000000 0.000000
 2.596000 0.000000 0.000000
 2.598250 0.000000 0.000000
 2.600500 0.000000 0.000000
 2.602750 0.000000 0.000000
 2.605000 0.000000 0.000000
 2.607250 0.000000 0.000000
 2.609500 0.000000 0.000000
 2.611750 0.000000 0.000000
 2.614000 0.000000 0.000000
 2.616250 0.000000 0.000000
 2.618500 0.000000 0.000000
 2.620750 0.000000 0.000000
 2.623000 0.000000 0.000000
 2.625250 0.000000 0.000000
 2.627500 0.000000 0.000000
 2.629750 0.000000 0.000000
 2.632000 0.000000 0.000000
 2.634250 0.000000 0.000000
 2.636500 0.000000 0.000000
 2.638750 0.000000 0.000000
 2.641000 0.000000 0.000000
 2.643250 0.000000 0.000000
 2.645500 0.000000 0.000000
 2.647750 0.000000 0.000000
 2.650000 0.000000 0.000000
 2.652250 0.000000 0.000000
 2.654500 0.000000 0.000000
 2.656750 0.000000 0.000000
 2.659000 0.000000 0.000000
 2.661250 0.000000 0.000000
 2.663500 0.000000 0.000000
 2.665750 0.000000 0.000000
 2.668000 0.000000 0.000000
 2.670250 0.000000 0.000000
 2.672500 0.000000 0.000000
 2.674750 0.000000 0.000000
 2.677000 0.000000 0.000000
 2.679250 0.000000 0.000000
 2.681500 0.000000 0.000000
 2.683750 0.000000 0.000000
 2.686000 0.000000 0.000000
 2.688250 0.000000 0.000000
 2.690500 0.000000 0.000000
 2.692750 0.000000 0.000000
 2.695000 0.000000 0.000000
 2.697250 0.000000 0.000000
 2.699500 0.000000 0.000000
 2.701750 0.000000 0.000000
 2.704000 0.000000 0.000000
 2.706250 0.000000 0.000000
 2.708500 0.000000 0.000000
 2.710750 0.000000 0.000000
 2.713000 0.000000 0.000000
 2.715250 0.000000 0.000000
 2.717500 0.000000 0.000000
 2.719750 0.000000 0.000000
 2.722000 0.000000 0.000000
 2.724250 0.000000 0.000000
 2.726500 0.000000 0.000000
 2.728750 0.000000 0.000000
 2.731000 0.000000 0.000000
 2.733250 0.000000 0.000000
 2.735500 0.000000 0.000000
 2.737750 0.000000 0.000000
 2.740000 0.000000 0.000000
 2.742250 0.000000 0.000000
 2.744500 0.000000 0.000000
 2.746750 0.000000 0.000000
 2.749000 0.000000 0.000000
 2.751250 0.000000 0.000000
 2.753500 0.000000 0.000000
 2.755750 0.000000 0.000000
 2.758000 0.000000 0.000000
 2.760250 0.000000 0.000000
 2.762500 0.000000 0.000000
 2.764750 0.000000 0.000000
 2.767000 0.000000 0.000000
 2.769250 0.000000 0.000000
 2.771500 0.000000 0.000000
 2.773750 0.000000 0.000000
 2.776000 0.000000 0.000000
 2.778250 0.000000 0.000000
 2.780500 0.000000 0.000000
 2.782750 0.000000 0.000000
 2.785000 0.000000 0.000000
 2.787250 0.000000 0.000000
 2.789500 0.000000 0.000000
 2.791750 0.000000 0.000000
 2.794000 0.000000 0.000000
 2.796250 0.000000 0.000000
 2.798500 0.000000 0.000000
 2.800750 0.000000 0.000000
 2.803000 0.000000 0.000000
 2.805250 0.000000 0.000000
 2.807500 0.000000 0.000000
 2.809750 0.000000 0.000000
 2.812000 0.000000 0.000000
 2.814250 0.000000 0.000000
 2.816500 0.000000 0.000000
 2.818750 0.000000 0.000000
 2.821000 0.000000 0.000000
 2.823250 0.000000 0.000000
 2.825500 0.000000 0.000000
 2.827750 0.000000 0.000000
 2.830000 0.000000 0.000000
 2.832250 0.000000 0.000000
 2.834500 0.000000 0.000000
 2.836750 0.000000 0.000000
 2.839000 0.000000 0.000000
 2.841250 0.000000 0.000000
 2.843500 0.000000 0.000000
 2.845750 0.000000 0.000000
 2.848000 0.000000 0.000000
 2.850250 0.000000 0.000000
 2.852500 0.000000 0.000000
 2.854750 0.000000 0.000000
 2.857000 0.000000 0.000000
 2.859250 0.000000 0.000000
 2.861500 0.000000 0.000000
 2.863750 0.000000 0.000000
 2.866000 0.000000 0.000000
 2.868250 0.000000 0.000000
 2.870500 0.000000 0.000000
 2.872750 0.000000 0.000000
 2.875000 0.000000 0.000000
 2.877250 0.000000 0.000000
 2.879500 0.000000 0.000000
 2.881750 0.000000 0.000000
 2.884000 0.000000 0.000000
 2.886250 0.000000 0.000000
 2.888500 0.000000 0.000000
 2.890750 0.000000 0.000000
 2.893000 0.000000 0.000000
 2.895250 0.000000 0.000000
 2.897500 0.000000 0.000000
 2.899750 0.000000 0.000000
 2.902000 0.000000 0.000000
 2.904250 0.000000 0.000000
 2.906500 0.000000 0.000000
 2.908750 0.000000 0.000000
 2.911000 0.000000 0.000000
 2.913250 0.000000 0.000000
 2.915500 0.000000 0.000000
 2.917750 0.000000 0.000000
 2.920000 0.000000 0.000000
 2.922250 0.000000 0.000000
 2.924500 0.000000 0.000000
 2.926750 0.000000 0.000000
 2.929000 0.000000 0.000000
 2.931250 0.000000 0.000000
 2.933500 0.000000 0.000000
 2.935750 0.000000 0.000000
 2.938000 0.000000 0.000000
 2.940250 0.000000 0.000000
 2.942500 0.000000 0.000000
 2.944750 0.000000 0.000000
 2.947000 0.000000 0.000000
 2.949250 0.000000 0.000000
 2.951500 0.000000 0.000000
 2.953750 0.000000 0.000000
 2.956000 0.000000 0.000000
 2.958250 0.000000 0.000000
 2.960500 0.000000 0.000000
 2.962750 0.000000 0.000000
 2.965000 0.000000 0.000000
 2.967250 0.000000 0.000000
 2.969500 0.000000 0.000000
 2.971750 0.000000 0.000000
 2.974000 0.000000 0.000000
 2.976250 0.000000 0.000000
 2.978500 0.000000 0.000000
 2.980750 0.000000 0.000000
 2.983000 0.000000 0.000000
 2.985250 0.000000 0.000000
 2.987500 0.000000 0.000000
 2.989750 0.000000 0.000000
 2.992000 0.000000 0.000000
 2.994250 0.000000 0.000000
 2.996500 0.000000 0.000000
 2.998750 0.000000 0.000000
 3.001000 0.000000 0.000000
 3.003250 0.000000 0.000000
 3.005500 0.000000 0.000000
 3.007750 0.000000 0.000000
 3.010000 0.000000 0.000000
 3.012250 0.000000 0.000000
 3.014500 0.000000 0.000000
 3.016750 0.000000 0.000000
 3.019000 0.000000 0.000000
 3.021250 0.000000 0.000000
 3.023500 0.000000 0.000000
 3.025750 0.000000 0.000000
 3.028000 0.000000 0.000000
 3.030250 0.000000 0.000000
 3.032500 0.000000 0.000000
 3.034750 0.000000 0.000000
 3.037000 0.000000 0.000000
 3.039250 0.000000 0.000000
 3.041500 0.000000 0.000000
 3.043750 0.000000 0.000000
 3.046000 0.000000 0.000000
 3.048250 0.000000 0.000000
 3.050500 0.000000 0.000000
 3.052750 0.000000 0.000000
 3.055000 0.000000 0.000000
 3.057250 0.000000 0.000000
 3.059500 0.000000 0.000000
 3.061750 0.000000 0.000000
 3.064000 0.000000 0.000000
 3.066250 0.000000 0.000000
 3.068500 0.000000 0.000000
 3.070750 0.000000 0.000000
 3.073000 0.000000 0.000000
 3.075250 0.000000 0.000000
 3.077500 0.000000 0.000000
 3.079750 0.000000 0.000000
 3.082000 0.000000 0.000000
 3.084250 0.000000 0.000000
 3.086500 0.000000 0.000000
 3.088750 0.000000 0.000000
 3.091000 0.000000 0.000000
 3.093250 0.000000 0.000000
 3.095500 0.000000 0.000000
 3.097750 0.000000 0.000000
 3.100000 0.000000 0.000000
 3.102250 0.000000 0.000000
 3.104500 0.000000 0.000000
 3.106750 0.000000 0.000000
 3.109000 0.000000 0.000000
 3.111250 0.000000 0.000000
 3.113500 0.000000 0.000000
 3.115750 0.000000 0.000000
 3.118000 0.000000 0.000000
 3.120250 0.000000 0.000000
 3.122500 0.000000 0.000000
 3.124750 0.000000 0.000000
 3.127000 0.000000 0.000000
 3.129250 0.000000 0.000000
 3.131500 0.000000 0.000000
 3.133750 0.000000 0.000000
 3.136000 0.000000 0.000000
 3.138250 0.000000 0.000000
 3.140500 0.000000 0.000000
 3.142750 0.000000 0.000000
 3.145000 0.000000 0.000000
 3.147250 0.000000 0.000000
 3.149500 0.000000 0.000000
 3.151750 0.000000 0.000000
 3.154000 0.000000 0.000000
 3.156250 0.000000 0.000000
 3.158500 0.000000 0.000000
 3.160750 0.000000 0.000000
 3.163000 0.000000 0.000000
 3.165250 0.000000 0.000000
 3.167500 0.000000 0.000000
 3.169750 0.000000 0.000000
 3.172000 0.000000 0.000000
 3.174250 0.000000 0.000000
 3.176500 0.000000 0.000000
 3.178750 0.000000 0.000000
 3.181000 0.000000 0.000000
 3.183250 0.000000 0.000000
 3.185500 0.000000 0.000000
 3.187750 0.000000 0.000000
 3.190000 0.000000 0.000000
 3.192250 0.000000 0.000000
 3.194500 0.000000 0.000000
 3.196750 0.000000 0.000000
 3.199000 0.000000 0.000000
 3.201250 0.000000 0.000000
 3.203500 0.000000 0.000000
 3.205750 0.000000 0.000000
 3.208000 0.000000 0.000000
 3.210250 0.000000 0.000000
 3.212500 0.000000 0.000000
 3.214750 0.000000 0.000000
 3.217000 0.000000 0.000000
 3.219250 0.000000 0.000000
 3.221500 0.000000 0.000000
 3.223750 0.000000 0.000000
 3.226000 0.000000 0.000000
 3.228250 0.000000 0.000000
 3.230500 0.000000 0.000000
 3.232750 0.000000 0.000000
 3.235000 0.000000 0.000000
 3.237250 0.000000 0.000000
 3.239500 0.000000 0.000000
 3.241750 0.000000 0.000000
 3.244000 0.000000 0.000000
 3.246250 0.000000 0.000000
 3.248500 0.000000 0.000000
 3.250750 0.000000 0.000000
 3.253000 0.000000 0.000000
 3.255250 0.000000 0.000000
 3.257500 0.000000 0.000000
 3.259750 0.000000 0.000000
 3.262000 0.000000 0.000000
 3.264250 0.000000 0.000000
 3.266500 0.000000 0.000000
 3.268750 0.000000 0.000000
 3.271000 0.000000 0.000000
 3.273250 0.000000 0.000000
 3.275500 0.000000 0.000000
 3.277750 0.000000 0.000000
 3.280000 0.000000 0.000000
 3.282250 0.000000 0.000000
 3.284500 0.000000 0.000000
 3.286750 0.000000 0.000000
 3.289000 0.000000 0.000000
 3.291250 0.000000 0.000000
 3.293500 0.000000 0.000000
 3.295750 0.000000 0.000000
 3.298000 0.000000 0.000000
 3.300250 0.000000 0.000000
 3.302500 0.000000 0.000000
 3.304750 0.000000 0.000000
 3.307000 0.000000 0.000000
 3.309250 0.000000 0.000000
 3.311500 0.000000 0.000000
 3.313750 0.000000 0.000000
 3.316000 0.000000 0.000000
 3.318250 0.000000 0.000000
 3.320500 0.000000 0.000000
 3.322750 0.000000 0.000000
 3.325000 0.000000 0.000000
 3.327250 0.000000 0.000000
 3.329500 0.000000 0.000000
 3.331750 0.000000 0.000000
 3.334000 0.000000 0.000000
 3.336250 0.000000 0.000000
 3.338500 0.000000 0.000000
 3.340750 0.000000 0.000000
 3.343000 0.000000 0.000000
 3.345250 0.000000 0.000000
 3.347500 0.000000 0.000000
 3.349750 0.000000 0.000000
 3.352000 0.000000 0.000000
 3.354250 0.000000 0.000000
 3.356500 0.000000 0.000000
 3.358750 0.000000 0.000000
 3.361000 0.000000 0.000000
 3.363250 0.000000 0.000000
 3.365500 0.000000 0.000000
 3.367750 0.000000 0.000000
 3.370000 0.000000 0.000000
 3.372250 0.000000 0.000000
 3.374500 0.000000 0.000000
 3.376750 0.000000 0.000000
 3.379000 0.000000 0.000000
 3.381250 0.000000 0.000000
 3.383500 0.000000 0.000000
 3.385750 0.000000 0.000000
 3.388000 0.000000 0.000000
 3.390250 0.000000 0.000000
 3.392500 0.000000 0.000000
 3.394750 0.000000 0.000000
 3.397000 0.000000 0.000000
 3.399250 0.000000 0.000000
 3.401500 0.000000 0.000000
 3.403750 0.000000 0.000000
 3.406000 0.000000 0.000000
 3.408250 0.000000 0.000000
 3.410500 0.000000 0.000000
 3.412750 0.000000 0.000000
 3.415000 0.000000 0.000000
 3.417250 0.000000 0.000000
 3.419500 0.000000 0.000000
 3.421750 0.000000 0.000000
 3.424000 0.000000 0.000000
 3.426250 0.000000 0.000000
 3.428500 0.000000 0.000000
 3.430750 0.000000 0.000000
 3.433000 0.000000 0.000000
 3.435250 0.000000 0.000000
 3.437500 0.000000 0.000000
 3.439750 0.000000 0.000000
 3.442000 0.000000 0.000000
 3.444250 0.000000 0.000000
 3.446500 0.000000 0.000000
 3.448750 0.000000 0.000000
 3.451000 0.000000 0.000000
 3.453250 0.000000 0.000000
 3.455500 0.000000 0.000000
 3.457750 0.000000 0.000000
 3.460000 0.000000 0.000000
 3.462250 0.000000 0.000000
 3.464500 0.000000 0.000000
 3.466750 0.000000 0.000000
 3.469000 0.000000 0.000000
 3.471250 0.000000 0.000000
 3.473500 0.000000 0.000000
 3.475750 0.000000 0.000000
 3.478000 0.000000 0.000000
 3.480250 0.000000 0.000000
 3.482500 0.000000 0.000000
 3.484750 0.000000 0.000000
 3.487000 0.000000 0.000000
 3.489250 0.000000 0.000000
 3.491500 0.000000 0.000000
 3.493750 0.000000 0.000000
 3.496000 0.000000 0.000000
 3.498250 0.000000 0.000000
 3.500500 0.000000 0.000000
 3.502750 0.000000 0.000000
 3.505000 0.000000 0.000000
 3.507250 0.000000 0.000000
 3.509500 0.000000 0.000000
 3.511750 0.000000 0.000000
 3.514000 0.000000 0.000000
 3.516250 0.000000 0.000000
 3.518500 0.000000 0.000000
 3.520750 0.000000 0.000000
 3.523000 0.000000 0.000000
 3.525250 0.000000 0.000000
 3.527500 0.000000 0.000000
 3.529750 0.000000 0.000000
 3.532000 0.000000 0.000000
 3.534250 0.000000 0.000000
 3.536500 0.000000 0.000000
 3.538750 0.000000 0.000000
 3.541000 0.000000 0.000000
 3.543250 0.000000 0.000000
 3.545500 0.000000 0.000000
 3.547750 0.000000 0.000000
 3.550000 0.000000 0.000000
 3.552250 0.000000 0.000000
 3.554500 0.000000 0.000000
 3.556750 0.000000 0.000000
 3.559000 0.000000 0.000000
 3.561250 0.000000 0.000000
 3.563500 0.000000 0.000000
 3.565750 0.000000 0.000000
 3.568000 0.000000 0.000000
 3.570250 0.000000 0.000000
 3.572500 0.000000 0.000000
 3.574750 0.000000 0.000000
 3.577000 0.000000 0.000000
 3.579250 0.000000 0.000000
 3.581500 0.000000 0.000000
 3.583750 0.000000 0.000000
 3.586000 0.000000 0.000000
 3.588250 0.000000 0.000000
 3.590500 0.000000 0.000000
 3.592750 0.000000 0.000000
 3.595000 0.000000 0.000000
 3.597250 0.000000 0.000000
 3.599500 0.000000 0.000000
 3.601750 0.000000 0.000000
 3.604000 0.000000 0.000000
 3.606250 0.000000 0.000000
 3.608500 0.000000 0.000000
 3.610750 0.000000 0.000000
 3.613000 0.000000 0.000000
 3.615250 0.000000 0.000000
 3.617500 0.000000 0.000000
 3.619750 0.000000 0.000000
 3.622000 0.000000 0.000000
 3.624250 0.000000 0.000000
 3.626500 0.000000 0.000000
 3.628750 0.000000 0.000000
 3.631000 0.000000 0.000000
 3.633250 0.000000 0.000000
 3.635500 0.000000 0.000000
 3.637750 0.000000 0.000000
 3.640000 0.000000 0.000000
 3.642250 0.000000 0.000000
 3.644500 0.000000 0.000000
 3.646750 0.000000 0.000000
 3.649000 0.000000 0.000000
 3.651250 0.000000 0.000000
 3.653500 0.000000 0.000000
 3.655750 0.000000 0.000000
 3.658000 0.000000 0.000000
 3.660250 0.000000 0.000000
 3.662500 0.000000 0.000000
 3.664750 0.000000 0.000000
 3.667000 0.000000 0.000000
 3.669250 0.000000 0.000000
 3.671500 0.000000 0.000000
 3.673750 0.000000 0.000000
 3.676000 0.000000 0.000000
 3.678250 0.000000 0.000000
 3.680500 0.000000 0.000000
 3.682750 0.000000 0.000000
 3.685000 0.000000 0.000000
 3.687250 0.000000 0.000000
 3.689500 0.000000 0.000000
 3.691750 0.000000 0.000000
 3.694000 0.000000 0.000000
 3.696250 0.000000 0.000000
 3.698500 0.000000 0.000000
 3.700750 0.000000 0.000000
 3.703000 0.000000 0.000000
 3.705250 0.000000 0.000000
 3.707500 0.000000 0.000000
 3.709750 0.000000 0.000000
 3.712000 0.000000 0.000000
 3.714250 0.000000 0.000000
 3.716500 0.000000 0.000000
 3.718750 0.000000 0.000000
 3.721000 0.000000 0.000000
 3.723250 0.000000 0.000000
 3.725500 0.000000 0.000000
 3.727750 0.000000 0.000000
 3.730000 0.000000 0.000000
 3.732250 0.000000 0.000000
 3.734500 0.000000 0.000000
 3.736750 0.000000 0.000000
 3.739000 0.000000 0.000000
 3.741250 0.000000 0.000000
 3.743500 0.000000 0.000000
 3.745750 0.000000 0.000000
 3.748000 0.000000 0.000000
 3.750250 0.000000 0.000000
 3.752500 0.000000 0.000000
 3.754750 0.000000 0.000000
 3.757000 0.000000 0.000000
 3.759250 0.000000 0.000000
 3.761500 0.000000 0.000000
 3.763750 0.000000 0.000000
 3.766000 0.000000 0.000000
 3.768250 0.000000 0.000000
 3.770500 0.000000 0.000000
 3.772750 0.000000 0.000000
 3.775000 0.000000 0.000000
 3.777250 0.000000 0.000000
 3.779500 0.000000 0.000000
 3.781750 0.000000 0.000000
 3.784000 0.000000 0.000000
 3.786250 0.000000 0.000000
 3.788500 0.000000 0.000000
 3.790750 0.000000 0.000000
 3.793000 0.000000 0.000000
 3.795250 0.000000 0.000000
 3.797500 0.000000 0.000000
 3.799750 0.000000 0.000000
 3.802000 0.000000 0.000000
 3.804250 0.000000 0.000000
 3.806500 0.000000 0.000000
 3.808750 0.000000 0.000000
 3.811000 0.000000 0.000000
 3.813250 0.000000 0.000000
 3.815500 0.000000 0.000000
 3.817750 0.000000 0.000000
 3.820000 0.000000 0.000000
 3.822250 0.000000 0.000000
 3.824500 0.000000 0.000000
 3.826750 0.000000 0.000000
 3.829000 0.000000 0.000000
 3.831250 0.000000 0.000000
 3.833500 0.000000 0.000000
 3.835750 0.000000 0.000000
 3.838000 0.000000 0.000000
 3.840250 0.000000 0.000000
 3.842500 0.000000 0.000000
 3.844750 0.000000 0.000000
 3.847000 0.000000 0.000000
 3.849250 0.000000 0.000000
 3.851500 0.000000 0.000000
 3.853750 0.000000 0.000000
 3.856000 0.000000 0.000000
 3.858250 0.000000 0.000000
 3.860500 0.000000 0.000000
 3.862750 0.000000 0.000000
 3.865000 0.000000 0.000000
 3.867250 0.000000 0.000000
 3.869500 0.000000 0.000000
 3.871750 0.000000 0.000000
 3.874000 0.000000 0.000000
 3.876250 0.000000 0.000000
 3.878500 0.000000 0.000000
 3.880750 0.000000 0.000000
 3.883000 0.000000 0.000000
 3.885250 0.000000 0.000000
 3.887500 0.000000 0.000000
 3.889750 0.000000 0.000000
 3.892000 0.000000 0.000000
 3.894250 0.000000 0.000000
 3.896500 0.000000 0.000000
 3.898750 0.000000 0.000000
 3.901000 0.000000 0.000000
 3.903250 0.000000 0.000000
 3.905500 0.000000 0.000000
 3.907750 0.000000 0.000000
 3.910000 0.000000 0.000000
 3.912250 0.000000 0.000000
 3.914500 0.000000 0.000000
 3.916750 0.000000 0.000000
 3.919000 0.000000 0.000000
 3.921250 0.000000 0.000000
 3.923500 0.000000 0.000000
 3.925750 0.000000 0.000000
 3.928000 0.000000 0.000000
 3.930250 0.000000 0.000000
 3.932500 0.000000 0.000000
 3.934750 0.000000 0.000000
 3.937000 0.000000 0.000000
 3.939250 0.000000 0.000000
 3.941500 0.000000 0.000000
 3.943750 0.000000 0.000000
 3.946000 0.000000 0.000000
 3.948250 0.000000 0.000000
 3.950500 0.000000 0.000000
 3.952750 0.000000 0.000000
 3.955000 0.000000 0.000000
 3.957250 0.000000 0.000000
 3.959500 0.000000 0.000000
 3.961750 0.000000 0.000000
 3.964000 0.000000 0.000000
 3.966250 0.000000 0.000000
 3.968500 0.000000 0.000000
 3.970750 0.000000 0.000000
 3.973000 0.000000 0.000000
 3.975250 0.000000 0.000000
 3.977500 0.000000 0.000000
 3.979750 0.000000 0.000000
 3.982000 0.000000 0.000000
 3.984250 0.000000 0.000000
 3.986500 0.000000 0.000000
 3.988750 0.000000 0.000000
 3.991000 0.000000 0.000000
 3.993250 0.000000 0.000000
 3.995500 0.000000 0.000000
 3.997750 0.000000 0.000000
 4.000000 0.000000 0.000000
