#! FIELDS refcv hh dhh_refcv
#! SET normalisation  500.000000
#! SET min_refcv -0.5
#! SET max_refcv 4
#! SET nbins_refcv  2000
#! SET periodic_refcv false
 -0.500000 0.000000 0.000000
 -0.497750 0.000000 0.000000
 -0.495500 0.000000 0.000000
 -0.493250 0.000000 0.000000
 -0.491000 0.000000 0.000000
 -0.488750 0.000000 0.000000
 -0.486500 0.000000 0.000000
 -0.484250 0.000000 0.000000
 -0.482000 0.000000 0.000000
 -0.479750 0.000000 0.000000
 -0.477500 0.000000 0.000000
 -0.475250 0.000000 0.000000
 -0.473000 0.000000 0.000000
 -0.470750 0.000000 0.000000
 -0.468500 0.000000 0.000000
 -0.466250 0.000000 0.000000
 -0.464000 0.000000 0.000000
 -0.461750 0.000000 0.000000
 -0.459500 0.000000 0.000000
 -0.457250 0.000000 0.000000
 -0.455000 0.000000 0.000000
 -0.452750 0.000000 0.000000
 -0.450500 0.000000 0.000000
 -0.448250 0.000000 0.000000
 -0.446000 0.000000 0.000000
 -0.443750 0.000000 0.000000
 -0.441500 0.000000 0.000000
 -0.439250 0.000000 0.000000
 -0.437000 0.000000 0.000000
 -0.434750 0.000000 0.000000
 -0.432500 0.000000 0.000000
 -0.430250 0.000000 0.000000
 -0.428000 0.000000 0.000000
 -0.425750 0.000000 0.000000
 -0.423500 0.000000 0.000000
 -0.421250 0.000000 0.000000
 -0.419000 0.000000 0.000000
 -0.416750 0.000000 0.000000
 -0.414500 0.000000 0.000000
 -0.412250 0.000000 0.000000
 -0.410000 0.000000 0.000000
 -0.407750 0.000000 0.000000
 -0.405500 0.000000 0.000000
 -0.403250 0.000000 0.000000
 -0.401000 0.000000 0.000000
 -0.398750 0.000000 0.000000
 -0.396500 0.000000 0.000000
 -0.394250 0.000000 0.000000
 -0.392000 0.000000 0.000000
 -0.389750 0.000000 0.000000
 -0.387500 0.000000 0.000000
 -0.385250 0.000000 0.000000
 -0.383000 0.000000 0.000000
 -0.380750 0.000000 0.000000
 -0.378500 0.000000 0.000000
 -0.376250 0.000000 0.000000
 -0.374000 0.000000 0.000000
 -0.371750 0.000000 0.000000
 -0.369500 0.000000 0.000000
 -0.367250 0.000000 0.000000
 -0.365000 0.000000 0.000000
 -0.362750 0.000000 0.000000
 -0.360500 0.000000 0.000000
 -0.358250 0.000000 0.000000
 -0.356000 0.000000 0.000000
 -0.353750 0.000000 0.000000
 -0.351500 0.000000 0.000000
 -0.349250 0.000000 0.000000
 -0.347000 0.000000 0.000000
 -0.344750 0.000000 0.000000
 -0.342500 0.000000 0.000000
 -0.340250 0.000000 0.000000
 -0.338000 0.000000 0.000000
 -0.335750 0.000000 0.000000
 -0.333500 0.000000 0.000000
 -0.331250 0.000000 0.000000
 -0.329000 0.000000 0.000000
 -0.326750 0.000000 0.000000
 -0.324500 0.000000 0.000000
 -0.322250 0.000000 0.000000
 -0.320000 0.000000 0.000000
 -0.317750 0.000000 0.000000
 -0.315500 0.000000 0.000000
 -0.313250 0.000000 0.000000
 -0.311000 0.000000 0.000000
 -0.308750 0.000000 0.000000
 -0.306500 0.000000 0.000000
 -0.304250 0.000000 0.000000
 -0.302000 0.000000 0.000000
 -0.299750 0.000000 0.000000
 -0.297500 0.000000 0.000000
 -0.295250 0.000000 0.000000
 -0.293000 0.000000 0.000000
 -0.290750 0.000000 0.000000
 -0.288500 0.000000 0.000000
 -0.286250 0.000000 0.000000
 -0.284000 0.000000 0.000000
 -0.281750 0.000000 0.000000
 -0.279500 0.000000 0.000000
 -0.277250 0.000000 0.000000
 -0.275000 0.000000 0.000000
 -0.272750 0.000000 0.000000
 -0.270500 0.000000 0.000000
 -0.268250 0.000000 0.000000
 -0.266000 0.000000 0.000000
 -0.263750 0.000000 0.000000
 -0.261500 0.000000 0.000000
 -0.259250 0.000000 0.000000
 -0.257000 0.000000 0.000000
 -0.254750 0.000000 0.000000
 -0.252500 0.000000 0.000000
 -0.250250 0.000000 0.000000
 -0.248000 0.000000 0.000000
 -0.245750 0.000000 0.000000
 -0.243500 0.000000 0.000000
 -0.241250 0.000000 0.000000
 -0.239000 0.000000 0.000000
 -0.236750 0.000000 0.000000
 -0.234500 0.000000 0.000000
 -0.232250 0.000000 0.000000
 -0.230000 0.000000 0.000000
 -0.227750 0.000000 0.000000
 -0.225500 0.000000 0.000000
 -0.223250 0.000000 0.000000
 -0.221000 0.000000 0.000000
 -0.218750 0.000000 0.000000
 -0.216500 0.000000 0.000000
 -0.214250 0.000000 0.000000
 -0.212000 0.000000 0.000000
 -0.209750 0.000000 0.000000
 -0.207500 0.000000 0.000000
 -0.205250 0.000000 0.000000
 -0.203000 0.000000 0.000000
 -0.200750 0.000000 0.000000
 -0.198500 0.000000 0.000000
 -0.196250 0.000000 0.000000
 -0.194000 0.000000 0.000000
 -0.191750 0.000000 0.000000
 -0.189500 0.000000 0.000000
 -0.187250 0.000000 0.000000
 -0.185000 0.000000 0.000000
 -0.182750 0.000000 0.000000
 -0.180500 0.000000 0.000000
 -0.178250 0.000000 0.000000
 -0.176000 0.000000 0.000000
 -0.173750 0.000000 0.000000
 -0.171500 0.000000 0.000000
 -0.169250 0.000000 0.000000
 -0.167000 0.000000 0.000000
 -0.164750 0.000000 0.000000
 -0.162500 0.000000 0.000000
 -0.160250 0.000000 0.000000
 -0.158000 0.000000 0.000000
 -0.155750 0.000000 0.000000
 -0.153500 0.000000 0.000000
 -0.151250 0.000000 0.000000
 -0.149000 0.000000 0.000000
 -0.146750 0.000000 0.000000
 -0.144500 0.000000 0.000000
 -0.142250 0.000000 0.000000
 -0.140000 0.000000 0.000000
 -0.137750 0.000000 0.000000
 -0.135500 0.000000 0.000000
 -0.133250 0.000000 0.000000
 -0.131000 0.000000 0.000000
 -0.128750 0.000000 0.000000
 -0.126500 0.000000 0.000000
 -0.124250 0.000000 0.000000
 -0.122000 0.000000 0.000000
 -0.119750 0.000000 0.000000
 -0.117500 0.000000 0.000000
 -0.115250 0.000000 0.000000
 -0.113000 0.000000 0.000000
 -0.110750 0.000000 0.000000
 -0.108500 0.000000 0.000000
 -0.106250 0.000000 0.000000
 -0.104000 0.000000 0.000000
 -0.101750 0.000000 0.000000
 -0.099500 0.000000 0.000000
 -0.097250 0.000000 0.000000
 -0.095000 0.000000 0.000000
 -0.092750 0.000000 0.000000
 -0.090500 0.000000 0.000000
 -0.088250 0.000000 0.000000
 -0.086000 0.000000 0.000000
 -0.083750 0.000000 0.000000
 -0.081500 0.000000 0.000000
 -0.079250 0.000000 0.000000
 -0.077000 0.000000 0.000000
 -0.074750 0.000000 0.000000
 -0.072500 0.000000 0.000000
 -0.070250 0.000000 0.000000
 -0.068000 0.000000 0.000000
 -0.065750 0.000000 0.000000
 -0.063500 0.000000 0.000000
 -0.061250 0.000000 0.000000
 -0.059000 0.000000 0.000000
 -0.056750 0.000000 0.000000
 -0.054500 0.000000 0.000000
 -0.052250 0.000000 0.000000
 -0.050000 0.000000 0.000000
 -0.047750 0.000000 0.000000
 -0.045500 0.000000 0.000000
 -0.043250 0.000000 0.000000
 -0.041000 0.000000 0.000000
 -0.038750 0.000000 0.000000
 -0.036500 0.000000 0.000000
 -0.034250 0.000000 0.000000
 -0.032000 0.000000 0.000000
 -0.029750 0.000000 0.000000
 -0.027500 0.000000 0.000000
 -0.025250 0.000000 0.000000
 -0.023000 0.000000 0.000000
 -0.020750 0.000000 0.000000
 -0.018500 0.000000 0.000000
 -0.016250 0.000000 0.000000
 -0.014000 0.000000 0.000000
 -0.011750 0.000000 0.000000
 -0.009500 0.000000 0.000000
 -0.007250 0.000000 0.000000
 -0.005000 0.000000 0.000000
 -0.002750 0.000000 0.000000
 -0.000500 0.000000 0.000000
 0.001750 0.000000 0.000000
 0.004000 0.000000 0.000000
 0.006250 0.000000 0.000000
 0.008500 0.000000 0.000000
 0.010750 0.000000 0.000000
 0.013000 0.000000 0.000000
 0.015250 0.000000 0.000000
 0.017500 0.000000 0.000000
 0.019750 0.000000 0.000000
 0.022000 0.000000 0.000000
 0.024250 0.000000 0.000000
 0.026500 0.000000 0.000000
 0.028750 0.000000 0.000000
 0.031000 0.000000 0.000000
 0.033250 0.000000 0.000000
 0.035500 0.000000 0.000000
 0.037750 0.000000 0.000000
 0.040000 0.000000 0.000000
 0.042250 0.000000 0.000000
 0.044500 0.000000 0.000000
 0.046750 0.000000 0.000000
 0.049000 0.000000 0.000000
 0.051250 0.000000 0.000000
 0.053500 0.000000 0.000000
 0.055750 0.000000 0.000000
 0.058000 0.000000 0.000000
 0.060250 0.000000 0.000000
 0.062500 0.000000 0.000000
 0.064750 0.000000 0.000000
 0.067000 0.000000 0.000000
 0.069250 0.000000 0.000000
 0.071500 0.000000 0.000000
 0.073750 0.000000 0.000000
 0.076000 0.000000 0.000000
 0.078250 0.000000 0.000000
 0.080500 0.000000 0.000000
 0.082750 0.000000 0.000000
 0.085000 0.000000 0.000000
 0.087250 0.000000 0.000000
 0.089500 0.000000 0.000000
 0.091750 0.000000 0.000000
 0.094000 0.000000 0.000000
 0.096250 0.000000 0.000000
 0.098500 0.000000 0.000000
 0.100750 0.000000 0.000000
 0.103000 0.000000 0.000000
 0.105250 0.000000 0.000000
 0.107500 0.000000 0.000000
 0.109750 0.000000 0.000000
 0.112000 0.000000 0.000000
 0.114250 0.000000 0.000000
 0.116500 0.000000 0.000000
 0.118750 0.000000 0.000000
 0.121000 0.000000 0.000000
 0.123250 0.000000 0.000000
 0.125500 0.000000 0.000000
 0.127750 0.000000 0.000000
 0.130000 0.000000 0.000000
 0.132250 0.000000 0.000000
 0.134500 0.000000 0.000000
 0.136750 0.000000 0.000000
 0.139000 0.000000 0.000000
 0.141250 0.000000 0.000000
 0.143500 0.000000 0.000000
 0.145750 0.000000 0.000000
 0.148000 0.000000 0.000000
 0.150250 0.000000 0.000000
 0.152500 0.000000 0.000000
 0.154750 0.000000 0.000000
 0.157000 0.000000 0.000000
 0.159250 0.000000 0.000000
 0.161500 0.000000 0.000000
 0.163750 0.000000 0.000000
 0.166000 0.000000 0.000000
 0.168250 0.000000 0.000000
 0.170500 0.000000 0.000000
 0.172750 0.000000 0.000000
 0.175000 0.000000 0.000000
 0.177250 0.000000 0.000000
 0.179500 0.000000 0.000000
 0.181750 0.000000 0.000000
 0.184000 0.000000 0.000000
 0.186250 0.000000 0.000000
 0.188500 0.000000 0.000000
 0.190750 0.000000 0.000000
 0.193000 0.000000 0.000000
 0.195250 0.000000 0.000000
 0.197500 0.000000 0.000000
 0.199750 0.000000 0.000000
 0.202000 0.000000 0.000000
 0.204250 0.000000 0.000000
 0.206500 0.000000 0.000000
 0.208750 0.000000 0.000000
 0.211000 0.000000 0.000000
 0.213250 0.000000 0.000000
 0.215500 0.000000 0.000000
 0.217750 0.000000 0.000000
 0.220000 0.000000 0.000000
 0.222250 0.000000 0.000000
 0.224500 0.000000 0.000000
 0.226750 0.000000 0.000000
 0.229000 0.000000 0.000000
 0.231250 0.000000 0.000000
 0.233500 0.000000 0.000000
 0.235750 0.000000 0.000000
 0.238000 0.000000 0.000000
 0.240250 0.000000 0.000000
 0.242500 0.000000 0.000000
 0.244750 0.000000 0.000000
 0.247000 0.000000 0.000000
 0.249250 0.000000 0.000000
 0.251500 0.000000 0.000000
 0.253750 0.000000 0.000000
 0.256000 0.000000 0.000000
 0.258250 0.000000 0.000000
 0.260500 0.000000 0.000000
 0.262750 0.000000 0.000000
 0.265000 0.000000 0.000000
 0.267250 0.000000 0.000000
 0.269500 0.000000 0.000000
 0.271750 0.000000 0.000000
 0.274000 0.000000 0.000000
 0.276250 0.000000 0.000000
 0.278500 0.000000 0.000000
 0.280750 0.000000 0.000000
 0.283000 0.000000 0.000000
 0.285250 0.000000 0.000000
 0.287500 0.000000 0.000000
 0.289750 0.000000 0.000000
 0.292000 0.000000 0.000000
 0.294250 0.000000 0.000000
 0.296500 0.000000 0.000000
 0.298750 0.000000 0.000000
 0.301000 0.000000 0.000000
 0.303250 0.000000 0.000000
 0.305500 0.000000 0.000000
 0.307750 0.000000 0.000000
 0.310000 0.000000 0.000000
 0.312250 0.000000 0.000000
 0.314500 0.000000 0.000000
 0.316750 0.000000 0.000000
 0.319000 0.000000 0.000000
 0.321250 0.000000 0.000000
 0.323500 0.000000 0.000000
 0.325750 0.000000 0.000000
 0.328000 0.000000 0.000000
 0.330250 0.000000 0.000000
 0.332500 0.000000 0.000000
 0.334750 0.000000 0.000000
 0.337000 0.000000 0.000000
 0.339250 0.000000 0.000000
 0.341500 0.000000 0.000000
 0.343750 0.000000 0.000000
 0.346000 0.000000 0.000000
 0.348250 0.000000 0.000000
 0.350500 0.000000 0.000000
 0.352750 0.000000 0.000000
 0.355000 0.000000 0.000000
 0.357250 0.000000 0.000000
 0.359500 0.000000 0.000000
 0.361750 0.000000 0.000000
 0.364000 0.000000 0.000000
 0.366250 0.000000 0.000000
 0.368500 0.000000 0.000000
 0.370750 0.000000 0.000000
 0.373000 0.000000 0.000000
 0.375250 0.000000 0.000000
 0.377500 0.000000 0.000000
 0.379750 0.000000 0.000000
 0.382000 0.000000 0.000000
 0.384250 0.000000 0.000000
 0.386500 0.000000 0.000000
 0.388750 0.000000 0.000000
 0.391000 0.000000 0.000000
 0.393250 0.000000 0.000000
 0.395500 0.000000 0.000000
 0.397750 0.000000 0.000000
 0.400000 0.000000 0.000000
 0.402250 0.000000 0.000000
 0.404500 0.000000 0.000000
 0.406750 0.000000 0.000000
 0.409000 0.000000 0.000000
 0.411250 0.000000 0.000000
 0.413500 0.000000 0.000000
 0.415750 0.000000 0.000000
 0.418000 0.000000 0.000000
 0.420250 0.000000 0.000000
 0.422500 0.000000 0.000000
 0.424750 0.000000 0.000000
 0.427000 0.000000 0.000000
 0.429250 0.000000 0.000000
 0.431500 0.000000 0.000000
 0.433750 0.000000 0.000000
 0.436000 0.000000 0.000000
 0.438250 0.000000 0.000000
 0.440500 0.000000 0.000000
 0.442750 0.000000 0.000000
 0.445000 0.000000 0.000000
 0.447250 0.000000 0.000000
 0.449500 0.000000 0.000000
 0.451750 0.000000 0.000000
 0.454000 0.000000 0.000000
 0.456250 0.000000 0.000000
 0.458500 0.000000 0.000000
 0.460750 0.000000 0.000000
 0.463000 0.000000 0.000000
 0.465250 0.000000 0.000000
 0.467500 0.000000 0.000000
 0.469750 0.000000 0.000000
 0.472000 0.000000 0.000000
 0.474250 0.000000 0.000000
 0.476500 0.000000 0.000000
 0.478750 0.000000 0.000000
 0.481000 0.000000 0.000000
 0.483250 0.000000 0.000000
 0.485500 0.000000 0.000000
 0.487750 0.000000 0.000000
 0.490000 0.000000 0.000000
 0.492250 0.000000 0.000000
 0.494500 0.000000 0.000000
 0.496750 0.000000 0.000000
 0.499000 0.000000 0.000000
 0.501250 0.000000 0.000000
 0.503500 0.000000 0.000000
 0.505750 0.000000 0.000000
 0.508000 0.000000 0.000000
 0.510250 0.000000 0.000000
 0.512500 0.000000 0.000000
 0.514750 0.000000 0.000000
 0.517000 0.000000 0.000000
 0.519250 0.000000 0.000000
 0.521500 0.000000 0.000000
 0.523750 0.000000 0.000000
 0.526000 0.000000 0.000000
 0.528250 0.000000 0.000000
 0.530500 0.000000 0.000000
 0.532750 0.000000 0.000000
 0.535000 0.000000 0.000000
 0.537250 0.000000 0.000000
 0.539500 0.000000 0.000000
 0.541750 0.000000 0.000000
 0.544000 0.000000 0.000000
 0.546250 0.000000 0.000000
 0.548500 0.000000 0.000000
 0.550750 0.000000 0.000000
 0.553000 0.000000 0.000000
 0.555250 0.000000 0.000000
 0.557500 0.000000 0.000000
 0.559750 0.000000 0.000000
 0.562000 0.000000 0.000000
 0.564250 0.000000 0.000000
 0.566500 0.000000 0.000000
 0.568750 0.000000 0.000000
 0.571000 0.000000 0.000000
 0.573250 0.000000 0.000000
 0.575500 0.000000 0.000000
 0.577750 0.000000 0.000000
 0.580000 0.000000 0.000000
 0.582250 0.000000 0.000000
 0.584500 0.000000 0.000000
 0.586750 0.000000 0.000000
 0.589000 0.000000 0.000000
 0.591250 0.000000 0.000000
 0.593500 0.000000 0.000000
 0.595750 0.000000 0.000000
 0.598000 0.000000 0.000000
 0.600250 0.000000 0.000000
 0.602500 0.000000 0.000000
 0.604750 0.000000 0.000000
 0.607000 0.000000 0.000000
 0.609250 0.000000 0.000000
 0.611500 0.000000 0.000000
 0.613750 0.000000 0.000000
 0.616000 0.000000 0.000000
 0.618250 0.000000 0.000000
 0.620500 0.000000 0.000000
 0.622750 0.000000 0.000000
 0.625000 0.000000 0.000000
 0.627250 0.000000 0.000000
 0.629500 0.000000 0.000000
 0.631750 0.000000 0.000000
 0.634000 0.000000 0.000000
 0.636250 0.000000 0.000000
 0.638500 0.000000 0.000000
 0.640750 0.000000 0.000000
 0.643000 0.000000 0.000000
 0.645250 0.000000 0.000000
 0.647500 0.000000 0.000000
 0.649750 0.000000 0.000000
 0.652000 0.000000 0.000000
 0.654250 0.000000 0.000000
 0.656500 0.000000 0.000000
 0.658750 0.000000 0.000000
 0.661000 0.000000 0.000000
 0.663250 0.000000 0.000000
 0.665500 0.000000 0.000000
 0.667750 0.000000 0.000000
 0.670000 0.000000 0.000000
 0.672250 0.000000 0.000000
 0.674500 0.000000 0.000000
 0.676750 0.000000 0.000000
 0.679000 0.000000 0.000000
 0.681250 0.000000 0.000000
 0.683500 0.000000 0.000000
 0.685750 0.000000 0.000000
 0.688000 0.000000 0.000000
 0.690250 0.000000 0.000000
 0.692500 0.000000 0.000000
 0.694750 0.000000 0.000000
 0.697000 0.000000 0.000000
 0.699250 0.000000 0.000000
 0.701500 0.000000 0.000000
 0.703750 0.000000 0.000000
 0.706000 0.000000 0.000000
 0.708250 0.000000 0.000000
 0.710500 0.000000 0.000000
 0.712750 0.000000 0.000000
 0.715000 0.000000 0.000000
 0.717250 0.000000 0.000000
 0.719500 0.000000 0.000000
 0.721750 0.000000 0.000000
 0.724000 0.000000 0.000000
 0.726250 0.000000 0.000000
 0.728500 0.000000 0.000000
 0.730750 0.000000 0.000000
 0.733000 0.000000 0.000000
 0.735250 0.000000 0.000000
 0.737500 0.000000 0.000000
 0.739750 0.000000 0.000000
 0.742000 0.000000 0.000000
 0.744250 0.000000 0.000000
 0.746500 0.000000 0.000000
 0.748750 0.000000 0.000000
 0.751000 0.000000 0.000000
 0.753250 0.000000 0.000000
 0.755500 0.000000 0.000000
 0.757750 0.000000 0.000000
 0.760000 0.000000 0.000000
 0.762250 0.000000 0.000000
 0.764500 0.000000 0.000000
 0.766750 0.000000 0.000000
 0.769000 0.000000 0.000000
 0.771250 0.000000 0.000000
 0.773500 0.000000 0.000000
 0.775750 0.000000 0.000000
 0.778000 0.000000 0.000000
 0.780250 0.000000 0.000000
 0.782500 0.000000 0.000000
 0.784750 0.000000 0.000000
 0.787000 0.000000 0.000000
 0.789250 0.000000 0.000000
 0.791500 0.000000 0.000000
 0.793750 0.000000 0.000000
 0.796000 0.000000 0.000000
 0.798250 0.000000 0.000000
 0.800500 0.000000 0.000000
 0.802750 0.000000 0.000000
 0.805000 0.000000 0.000000
 0.807250 0.000000 0.000000
 0.809500 0.000000 0.000000
 0.811750 0.000000 0.000000
 0.814000 0.000000 0.000000
 0.816250 0.000000 0.000000
 0.818500 0.000000 0.000000
 0.820750 0.000000 0.000000
 0.823000 0.000000 0.000000
 0.825250 0.000000 0.000000
 0.827500 0.000000 0.000000
 0.829750 0.000000 0.000000
 0.832000 0.000000 0.000000
 0.834250 0.000000 0.000000
 0.836500 0.000000 0.000000
 0.838750 0.000000 0.000000
 0.841000 0.000000 0.000000
 0.843250 0.000000 0.000000
 0.845500 0.000000 0.000000
 0.847750 0.000000 0.000000
 0.850000 0.000000 0.000000
 0.852250 0.000000 0.000000
 0.854500 0.000000 0.000000
 0.856750 0.000000 0.000000
 0.859000 0.000000 0.000000
 0.861250 0.000000 0.000000
 0.863500 0.000000 0.000000
 0.865750 0.000000 0.000000
 0.868000 0.000000 0.000000
 0.870250 0.000000 0.000000
 0.872500 0.000000 0.000000
 0.874750 0.000000 0.000000
 0.877000 0.000000 0.000000
 0.879250 0.000000 0.000000
 0.881500 0.000000 0.000000
 0.883750 0.000000 0.000000
 0.886000 0.000000 0.000000
 0.888250 0.000000 0.000000
 0.890500 0.000000 0.000000
 0.892750 0.000000 0.000000
 0.895000 0.000000 0.000000
 0.897250 0.000000 0.000000
 0.899500 0.000000 0.000000
 0.901750 0.000000 0.000000
 0.904000 0.000000 0.000000
 0.906250 0.000000 0.000000
 0.908500 0.000000 0.000000
 0.910750 0.000000 0.000000
 0.913000 0.000000 0.000000
 0.915250 0.000000 0.000000
 0.917500 0.000000 0.000000
 0.919750 0.000000 0.000000
 0.922000 0.000000 0.000000
 0.924250 0.000000 0.000000
 0.926500 0.000000 0.000000
 0.928750 0.000000 0.000000
 0.931000 0.000000 0.000000
 0.933250 0.000000 0.000000
 0.935500 0.000000 0.000000
 0.937750 0.000000 0.000000
 0.940000 0.000000 0.000000
 0.942250 0.000000 0.000000
 0.944500 0.000000 0.000000
 0.946750 0.000000 0.000000
 0.949000 0.000000 0.000000
 0.951250 0.000000 0.000000
 0.953500 0.000000 0.000000
 0.955750 0.000000 0.000000
 0.958000 0.000000 0.000000
 0.960250 0.000000 0.000000
 0.962500 0.000000 0.000000
 0.964750 0.000000 0.000000
 0.967000 0.000000 0.000000
 0.969250 0.000000 0.000000
 0.971500 0.000000 0.000000
 0.973750 0.000000 0.000000
 0.976000 0.000000 0.000000
 0.978250 0.000000 0.000000
 0.980500 0.000000 0.000000
 0.982750 0.000000 0.000000
 0.985000 0.000000 0.000000
 0.987250 0.000000 0.000000
 0.989500 0.000000 0.000000
 0.991750 0.000000 0.000000
 0.994000 0.000000 0.000000
 0.996250 0.000000 0.000000
 0.998500 0.000000 0.000000
 1.000750 0.000000 0.000000
 1.003000 0.000000 0.000000
 1.005250 0.000000 0.000000
 1.007500 0.000000 0.000000
 1.009750 0.000000 0.000000
 1.012000 0.000000 0.000000
 1.014250 0.000000 0.000000
 1.016500 0.000000 0.000000
 1.018750 0.000000 0.000000
 1.021000 0.000000 0.000000
 1.023250 0.000000 0.000000
 1.025500 0.000000 0.000000
 1.027750 0.000000 0.000000
 1.030000 0.000000 0.000000
 1.032250 0.000000 0.000000
 1.034500 0.000000 0.000000
 1.036750 0.000000 0.000000
 1.039000 0.000000 0.000000
 1.041250 0.000000 0.000000
 1.043500 0.000000 0.000000
 1.045750 0.000000 0.000000
 1.048000 0.000000 0.000000
 1.050250 0.000000 0.000000
 1.052500 0.000000 0.000000
 1.054750 0.000000 0.000000
 1.057000 0.000000 0.000000
 1.059250 0.000000 0.000000
 1.061500 0.000000 0.000000
 1.063750 0.000000 0.000000
 1.066000 0.000000 0.000000
 1.068250 0.000000 0.000000
 1.070500 0.000000 0.000000
 1.072750 0.000000 0.000000
 1.075000 0.000000 0.000000
 1.077250 0.000000 0.000000
 1.079500 0.000000 0.000000
 1.081750 0.000000 0.000000
 1.084000 0.000000 0.000000
 1.086250 0.000000 0.000000
 1.088500 0.000000 0.000000
 1.090750 0.000000 0.000000
 1.093000 0.000000 0.000000
 1.095250 0.000000 0.000000
 1.097500 0.000000 0.000000
 1.099750 0.000000 0.000000
 1.102000 0.000000 0.000000
 1.104250 0.000000 0.000000
 1.106500 0.000000 0.000000
 1.108750 0.000000 0.000000
 1.111000 0.000000 0.000000
 1.113250 0.000000 0.000000
 1.115500 0.000000 0.000000
 1.117750 0.000000 0.000000
 1.120000 0.000000 0.000000
 1.122250 0.000000 0.000000
 1.124500 0.000000 0.000000
 1.126750 0.000000 0.000000
 1.129000 0.000000 0.000000
 1.131250 0.000000 0.000000
 1.133500 0.000000 0.000000
 1.135750 0.000000 0.000000
 1.138000 0.000000 0.000000
 1.140250 0.000000 0.000000
 1.142500 0.000000 0.000000
 1.144750 0.000000 0.000000
 1.147000 0.000000 0.000000
 1.149250 0.000000 0.000000
 1.151500 0.000000 0.000000
 1.153750 0.000000 0.000000
 1.156000 0.000000 0.000000
 1.158250 0.000000 0.000000
 1.160500 0.000000 0.000000
 1.162750 0.000000 0.000000
 1.165000 0.000000 0.000000
 1.167250 0.000000 0.000000
 1.169500 0.000000 0.000000
 1.171750 0.000000 0.000000
 1.174000 0.000000 0.000000
 1.176250 0.000000 0.000000
 1.178500 0.000000 0.000000
 1.180750 0.000000 0.000000
 1.183000 0.000000 0.000000
 1.185250 0.000000 0.000000
 1.187500 0.000000 0.000000
 1.189750 0.000000 0.000000
 1.192000 0.000000 0.000000
 1.194250 0.000000 0.000000
 1.196500 0.000000 0.000000
 1.198750 0.000000 0.000000
 1.201000 0.000000 0.000000
 1.203250 0.000000 0.000000
 1.205500 0.000000 0.000000
 1.207750 0.000000 0.000000
 1.210000 0.000000 0.000000
 1.212250 0.000000 0.000000
 1.214500 0.000000 0.000000
 1.216750 0.000000 0.000000
 1.219000 0.000000 0.000000
 1.221250 0.000000 0.000000
 1.223500 0.000000 0.000000
 1.225750 0.000000 0.000000
 1.228000 0.000000 0.000000
 1.230250 0.000000 0.000000
 1.232500 0.000000 0.000000
 1.234750 0.000000 0.000000
 1.237000 0.000000 0.000000
 1.239250 0.000000 0.000000
 1.241500 0.000000 0.000000
 1.243750 0.000000 0.000000
 1.246000 0.000000 0.000000
 1.248250 0.000000 0.000000
 1.250500 0.000000 0.000000
 1.252750 0.000000 0.000000
 1.255000 0.000000 0.000000
 1.257250 0.000000 0.000000
 1.259500 0.000000 0.000000
 1.261750 0.000000 0.000000
 1.264000 0.000000 0.000000
 1.266250 0.000000 0.000000
 1.268500 0.000000 0.000000
 1.270750 0.000000 0.000000
 1.273000 0.000000 0.000000
 1.275250 0.000000 0.000000
 1.277500 0.000000 0.000000
 1.279750 0.000000 0.000000
 1.282000 0.000000 0.000000
 1.284250 0.000000 0.000000
 1.286500 0.000000 0.000000
 1.288750 0.000000 0.000000
 1.291000 0.000000 0.000000
 1.293250 0.000000 0.000000
 1.295500 0.000000 0.000000
 1.297750 0.000000 0.000000
 1.300000 0.000000 0.000000
 1.302250 0.000000 0.000000
 1.304500 0.000000 0.000000
 1.306750 0.000000 0.000000
 1.309000 0.000000 0.000000
 1.311250 0.000000 0.000000
 1.313500 0.000000 0.000000
 1.315750 0.000000 0.000000
 1.318000 0.000000 0.000000
 1.320250 0.000000 0.000000
 1.322500 0.000000 0.000000
 1.324750 0.000000 0.000000
 1.327000 0.000000 0.000000
 1.329250 0.000000 0.000000
 1.331500 0.000000 0.000000
 1.333750 0.000000 0.000000
 1.336000 0.000000 0.000000
 1.338250 0.000000 0.000000
 1.340500 0.000000 0.000000
 1.342750 0.000000 0.000000
 1.345000 0.000000 0.000000
 1.347250 0.000000 0.000000
 1.349500 0.000000 0.000000
 1.351750 0.000000 0.000000
 1.354000 0.000000 0.000000
 1.356250 0.000000 0.000000
 1.358500 0.000000 0.000000
 1.360750 0.000000 0.000000
 1.363000 0.000000 0.000000
 1.365250 0.000000 0.000000
 1.367500 0.000000 0.000000
 1.369750 0.000000 0.000000
 1.372000 0.000000 0.000000
 1.374250 0.000000 0.000000
 1.376500 0.000000 0.000000
 1.378750 0.000000 0.000000
 1.381000 0.000000 0.000000
 1.383250 0.000000 0.000000
 1.385500 0.000000 0.000000
 1.387750 0.000000 0.000000
 1.390000 0.000000 0.000000
 1.392250 0.000000 0.000000
 1.394500 0.000000 0.000000
 1.396750 0.000000 0.000000
 1.399000 0.000000 0.000000
 1.401250 0.000000 0.000000
 1.403500 0.000000 0.000000
 1.405750 0.000000 0.000000
 1.408000 0.000000 0.000000
 1.410250 0.000000 0.000000
 1.412500 0.000000 0.000000
 1.414750 0.000000 0.000000
 1.417000 0.000000 0.000000
 1.419250 0.000000 0.000000
 1.421500 0.000000 0.000000
 1.423750 0.000000 0.000000
 1.426000 0.000000 0.000000
 1.428250 0.000000 0.000000
 1.430500 0.000000 0.000000
 1.432750 0.000000 0.000000
 1.435000 0.000000 0.000000
 1.437250 0.000000 0.000000
 1.439500 0.000000 0.000000
 1.441750 0.000000 0.000000
 1.444000 0.000000 0.000000
 1.446250 0.000000 0.000000
 1.448500 0.000000 0.000000
 1.450750 0.000000 0.000000
 1.453000 0.000000 0.000000
 1.455250 0.000000 0.000000
 1.457500 0.000000 0.000000
 1.459750 0.000000 0.000000
 1.462000 0.000000 0.000000
 1.464250 0.000000 0.000000
 1.466500 0.000000 0.000000
 1.468750 0.000000 0.000000
 1.471000 0.000000 0.000000
 1.473250 0.000000 0.000000
 1.475500 0.000000 0.000000
 1.477750 0.000000 0.000000
 1.480000 0.000000 0.000000
 1.482250 0.000000 0.000000
 1.484500 0.000000 0.000000
 1.486750 0.000000 0.000000
 1.489000 0.000000 0.000000
 1.491250 0.000000 0.000000
 1.493500 0.000000 0.000000
 1.495750 0.000000 0.000000
 1.498000 0.000000 0.000000
 1.500250 0.000000 0.000000
 1.502500 0.000000 0.000000
 1.504750 0.000000 0.000000
 1.507000 0.000000 0.000000
 1.509250 0.000000 0.000000
 1.511500 0.000000 0.000000
 1.513750 0.000000 0.000000
 1.516000 0.000000 0.000000
 1.518250 0.000000 0.000000
 1.520500 0.000000 0.000000
 1.522750 0.000000 0.000000
 1.525000 0.000000 0.000000
 1.527250 0.000000 0.000000
 1.529500 0.000000 0.000000
 1.531750 0.000000 0.000000
 1.534000 0.000000 0.000000
 1.536250 0.000000 0.000000
 1.538500 0.000000 0.000000
 1.540750 0.000000 0.000000
 1.543000 0.000000 0.000000
 1.545250 0.000000 0.000000
 1.547500 0.000000 0.000000
 1.549750 0.000000 0.000000
 1.552000 0.000000 0.000000
 1.554250 0.000000 0.000000
 1.556500 0.000000 0.000000
 1.558750 0.000000 0.000000
 1.561000 0.000000 0.000000
 1.563250 0.000000 0.000000
 1.565500 0.000000 0.000000
 1.567750 0.000000 0.000000
 1.570000 0.000000 0.000000
 1.572250 0.000000 0.000000
 1.574500 0.000000 0.000000
 1.576750 0.000000 0.000000
 1.579000 0.000000 0.000000
 1.581250 0.000000 0.000000
 1.583500 0.000000 0.000000
 1.585750 0.000000 0.000000
 1.588000 0.000000 0.000000
 1.590250 0.000000 0.000000
 1.592500 0.000000 0.000000
 1.594750 0.000000 0.000000
 1.597000 0.000000 0.000000
 1.599250 0.000000 0.000000
 1.601500 0.000000 0.000000
 1.603750 0.000000 0.000000
 1.606000 0.000000 0.000000
 1.608250 0.000000 0.000000
 1.610500 0.000000 0.000000
 1.612750 0.000000 0.000000
 1.615000 0.000000 0.000000
 1.617250 0.000000 0.000000
 1.619500 0.000000 0.000000
 1.621750 0.000000 0.000000
 1.624000 0.000000 0.000000
 1.626250 0.000000 0.000000
 1.628500 0.000000 0.000000
 1.630750 0.000000 0.000000
 1.633000 0.000000 0.000000
 1.635250 0.000000 0.000000
 1.637500 0.000000 0.000000
 1.639750 0.000000 0.000000
 1.642000 0.000000 0.000000
 1.644250 0.000000 0.000000
 1.646500 0.000000 0.000000
 1.648750 0.000000 0.000000
 1.651000 0.000000 0.000000
 1.653250 0.000000 0.000000
 1.655500 0.000000 0.000000
 1.657750 0.000000 0.000000
 1.660000 0.000000 0.000000
 1.662250 0.000000 0.000000
 1.664500 0.000000 0.000000
 1.666750 0.000000 0.000000
 1.669000 0.000000 0.000000
 1.671250 0.000000 0.000000
 1.673500 0.000000 0.000000
 1.675750 0.000000 0.000000
 1.678000 0.000000 0.000000
 1.680250 0.000000 0.000000
 1.682500 0.000000 0.000000
 1.684750 0.000000 0.000000
 1.687000 0.000000 0.000000
 1.689250 0.000000 0.000000
 1.691500 0.000000 0.000000
 1.693750 0.000000 0.000000
 1.696000 0.000000 0.000000
 1.698250 0.000000 0.000000
 1.700500 0.000000 0.000000
 1.702750 0.000000 0.000000
 1.705000 0.000000 0.000000
 1.707250 0.000000 0.000000
 1.709500 0.000000 0.000000
 1.711750 0.000000 0.000000
 1.714000 0.000000 0.000000
 1.716250 0.000000 0.000000
 1.718500 0.000000 0.000000
 1.720750 0.000000 0.000000
 1.723000 0.000000 0.000000
 1.725250 0.000000 0.000000
 1.727500 0.000000 0.000000
 1.729750 0.000000 0.000000
 1.732000 0.000000 0.000000
 1.734250 0.000000 0.000000
 1.736500 0.000000 0.000000
 1.738750 0.000000 0.000000
 1.741000 0.000000 0.000000
 1.743250 0.000000 0.000000
 1.745500 0.000000 0.000000
 1.747750 0.000000 0.000000
 1.750000 0.000000 0.000000
 1.752250 0.000000 0.000000
 1.754500 0.000000 0.000000
 1.756750 0.000000 0.000000
 1.759000 0.000000 0.000000
 1.761250 0.000000 0.000000
 1.763500 0.000000 0.000000
 1.765750 0.000000 0.000000
 1.768000 0.000000 0.000000
 1.770250 0.000000 0.000000
 1.772500 0.000000 0.000000
 1.774750 0.000000 0.000000
 1.777000 0.000000 0.000000
 1.779250 0.000000 0.000000
 1.781500 0.000000 0.000000
 1.783750 0.000000 0.000000
 1.786000 0.000000 0.000000
 1.788250 0.000000 0.000000
 1.790500 0.000000 0.000000
 1.792750 0.000000 0.000000
 1.795000 0.000000 0.000000
 1.797250 0.000000 0.000000
 1.799500 0.000000 0.000000
 1.801750 0.000000 0.000000
 1.804000 0.000000 0.000000
 1.806250 0.000000 0.000000
 1.808500 0.000000 0.000000
 1.810750 0.000000 0.000000
 1.813000 0.000000 0.000000
 1.815250 0.000000 0.000000
 1.817500 0.000000 0.000000
 1.819750 0.000000 0.000000
 1.822000 0.000000 0.000000
 1.824250 0.000000 0.000000
 1.826500 0.000000 0.000000
 1.828750 0.000000 0.000000
 1.831000 0.000000 0.000000
 1.833250 0.000000 0.000000
 1.835500 0.000000 0.000000
 1.837750 0.000000 0.000000
 1.840000 0.000000 0.000000
 1.842250 0.000000 0.000000
 1.844500 0.000000 0.000000
 1.846750 0.000000 0.000000
 1.849000 0.000000 0.000000
 1.851250 0.000000 0.000000
 1.853500 0.000000 0.000000
 1.855750 0.000000 0.000000
 1.858000 0.000000 0.000000
 1.860250 0.000000 0.000000
 1.862500 0.000000 0.000000
 1.864750 0.000000 0.000000
 1.867000 0.000000 0.000000
 1.869250 0.000000 0.000000
 1.871500 0.000000 0.000000
 1.873750 0.000000 0.000000
 1.876000 0.000000 0.000000
 1.878250 0.000000 0.000000
 1.880500 0.000000 0.000000
 1.882750 0.000000 0.000000
 1.885000 0.000000 0.000000
 1.887250 0.000000 0.000000
 1.889500 0.000000 0.000000
 1.891750 0.000000 0.000000
 1.894000 0.000000 0.000000
 1.896250 0.000000 0.000000
 1.898500 0.000000 0.000000
 1.900750 0.000000 0.000000
 1.903000 0.000000 0.000000
 1.905250 0.000000 0.000000
 1.907500 0.000000 0.000000
 1.909750 0.000000 0.000000
 1.912000 0.000000 0.000000
 1.914250 0.000000 0.000000
 1.916500 0.000000 0.000000
 1.918750 0.000000 0.000000
 1.921000 0.000000 0.000000
 1.923250 0.000000 0.000000
 1.925500 0.000000 0.000000
 1.927750 0.000000 0.000000
 1.930000 0.000000 0.000000
 1.932250 0.000000 0.000000
 1.934500 0.000000 0.000000
 1.936750 0.000000 0.000000
 1.939000 0.000000 0.000000
 1.941250 0.000000 0.000000
 1.943500 0.000000 0.000000
 1.945750 0.000000 0.000000
 1.948000 0.000000 0.000000
 1.950250 0.000000 0.000000
 1.952500 0.000000 0.000000
 1.954750 0.000000 0.000000
 1.957000 0.000000 0.000000
 1.959250 0.000000 0.000000
 1.961500 0.000000 0.000000
 1.963750 0.000000 0.000000
 1.966000 0.000000 0.000000
 1.968250 0.000000 0.000000
 1.970500 0.000000 0.000000
 1.972750 0.000000 0.000000
 1.975000 0.000000 0.000000
 1.977250 0.000000 0.000000
 1.979500 0.000000 0.000000
 1.981750 0.000000 0.000000
 1.984000 0.000000 0.000000
 1.986250 0.000000 0.000000
 1.988500 0.000000 0.000000
 1.990750 0.000000 0.000000
 1.993000 0.000000 0.000000
 1.995250 0.000000 0.000000
 1.997500 0.000000 0.000000
 1.999750 0.000000 0.000000
 2.002000 0.000000 0.000000
 2.004250 0.000000 0.000000
 2.006500 0.000000 0.000000
 2.008750 0.000000 0.000000
 2.011000 0.000000 0.000000
 2.013250 0.000000 0.000000
 2.015500 0.000000 0.000000
 2.017750 0.000000 0.000000
 2.020000 0.000000 0.000000
 2.022250 0.000000 0.000000
 2.024500 0.000000 0.000000
 2.026750 0.000000 0.000000
 2.029000 0.000000 0.000000
 2.031250 0.000000 0.000000
 2.033500 0.000000 0.000000
 2.035750 0.000000 0.000000
 2.038000 0.000000 0.000000
 2.040250 0.000000 0.000000
 2.042500 0.000000 0.000000
 2.044750 0.000000 0.000000
 2.047000 0.000000 0.000000
 2.049250 0.000000 0.000000
 2.051500 0.000000 0.000000
 2.053750 0.000000 0.000000
 2.056000 0.000000 0.000000
 2.058250 0.000000 0.000000
 2.060500 0.000000 0.000000
 2.062750 0.000000 0.000000
 2.065000 0.000000 0.000000
 2.067250 0.000000 0.000000
 2.069500 0.000000 0.000000
 2.071750 0.000000 0.000000
 2.074000 0.000000 0.000000
 2.076250 0.000000 0.000000
 2.078500 0.000000 0.000000
 2.080750 0.000000 0.000000
 2.083000 0.000000 0.000000
 2.085250 0.000000 0.000000
 2.087500 0.000000 0.000000
 2.089750 0.000000 0.000000
 2.092000 0.000000 0.000000
 2.094250 0.000000 0.000000
 2.096500 0.000000 0.000000
 2.098750 0.000000 0.000000
 2.101000 0.000000 0.000000
 2.103250 0.000000 0.000000
 2.105500 0.000000 0.000000
 2.107750 0.000000 0.000000
 2.110000 0.000000 0.000000
 2.112250 0.000000 0.000000
 2.114500 0.000000 0.000000
 2.116750 0.000000 0.000000
 2.119000 0.000000 0.000000
 2.121250 0.000000 0.000000
 2.123500 0.000000 0.000000
 2.125750 0.000000 0.000000
 2.128000 0.000000 0.000000
 2.130250 0.000000 0.000000
 2.132500 0.000000 0.000000
 2.134750 0.000000 0.000000
 2.137000 0.000000 0.000000
 2.139250 0.000000 0.000000
 2.141500 0.000000 0.000000
 2.143750 0.000000 0.000000
 2.146000 0.000000 0.000000
 2.148250 0.000000 0.000000
 2.150500 0.000000 0.000000
 2.152750 0.000000 0.000000
 2.155000 0.000000 0.000000
 2.157250 0.000000 0.000000
 2.159500 0.000000 0.000000
 2.161750 0.000000 0.000000
 2.164000 0.000000 0.000000
 2.166250 0.000000 0.000000
 2.168500 0.000000 0.000000
 2.170750 0.000000 0.000000
 2.173000 0.000000 0.000000
 2.175250 0.000000 0.000000
 2.177500 0.000000 0.000000
 2.179750 0.000000 0.000000
 2.182000 0.000000 0.000000
 2.184250 0.000000 0.000000
 2.186500 0.000000 0.000000
 2.188750 0.000000 0.000000
 2.191000 0.000000 0.000000
 2.193250 0.000000 0.000000
 2.195500 0.000000 0.000000
 2.197750 0.000000 0.000000
 2.200000 0.000000 0.000000
 2.202250 0.000000 0.000000
 2.204500 0.000000 0.000000
 2.206750 0.000000 0.000000
 2.209000 0.000000 0.000000
 2.211250 0.000000 0.000000
 2.213500 0.000000 0.000000
 2.215750 0.000000 0.000000
 2.218000 0.000000 0.000000
 2.220250 0.000000 0.000000
 2.222500 0.000000 0.000000
 2.224750 0.000000 0.000000
 2.227000 0.000000 0.000000
 2.229250 0.000000 0.000000
 2.231500 0.000000 0.000000
 2.233750 0.000000 0.000000
 2.236000 0.000000 0.000000
 2.238250 0.000000 0.000000
 2.240500 0.000000 0.000000
 2.242750 0.000000 0.000000
 2.245000 0.000000 0.000077
 2.247250 0.000000 0.000162
 2.249500 0.000001 0.000322
 2.251750 0.000002 0.000604
 2.254000 0.000004 0.001073
 2.256250 0.000007 0.001797
 2.258500 0.000012 0.002841
 2.260750 0.000020 0.004229
 2.263000 0.000031 0.005917
 2.265250 0.000047 0.007756
 2.267500 0.000066 0.009488
 2.269750 0.000089 0.010761
 2.272000 0.000114 0.011199
 2.274250 0.000139 0.010497
 2.276500 0.000160 0.008527
 2.278750 0.000176 0.005406
 2.281000 0.000184 0.001506
 2.283250 0.000183 -0.002618
 2.285500 0.000173 -0.006270
 2.287750 0.000155 -0.009011
 2.290000 0.000133 -0.010464
 2.292250 0.000109 -0.010531
 2.294500 0.000087 -0.009244
 2.296750 0.000069 -0.006950
 2.299000 0.000056 -0.003891
 2.301250 0.000052 -0.000327
 2.303500 0.000055 0.003520
 2.305750 0.000067 0.007443
 2.308000 0.000088 0.011205
 2.310250 0.000118 0.014499
 2.312500 0.000153 0.016955
 2.314750 0.000193 0.018239
 2.317000 0.000234 0.017980
 2.319250 0.000273 0.016121
 2.321500 0.000305 0.012648
 2.323750 0.000329 0.008005
 2.326000 0.000341 0.002879
 2.328250 0.000342 -0.001997
 2.330500 0.000333 -0.005684
 2.332750 0.000318 -0.007489
 2.335000 0.000302 -0.006549
 2.337250 0.000291 -0.002986
 2.339500 0.000291 0.003309
 2.341750 0.000309 0.012198
 2.344000 0.000349 0.023498
 2.346250 0.000417 0.036834
 2.348500 0.000517 0.052079
 2.350750 0.000654 0.069329
 2.353000 0.000831 0.088187
 2.355250 0.001053 0.108686
 2.357500 0.001322 0.130238
 2.359750 0.001641 0.152287
 2.362000 0.002008 0.173123
 2.364250 0.002419 0.191713
 2.366500 0.002869 0.207200
 2.368750 0.003351 0.219417
 2.371000 0.003857 0.228609
 2.373250 0.004380 0.235589
 2.375500 0.004920 0.242776
 2.377750 0.005479 0.252888
 2.380000 0.006066 0.268059
 2.382250 0.006697 0.291725
 2.384500 0.007392 0.325492
 2.386750 0.008176 0.371140
 2.389000 0.009076 0.429105
 2.391250 0.010121 0.498564
 2.393500 0.011333 0.578370
 2.395750 0.012737 0.667759
 2.398000 0.014352 0.764872
 2.400250 0.016192 0.867940
 2.402500 0.018270 0.975273
 2.404750 0.020595 1.085940
 2.407000 0.023166 1.194736
 2.409250 0.025980 1.300761
 2.411500 0.029028 1.400509
 2.413750 0.032292 1.493415
 2.416000 0.035765 1.584305
 2.418250 0.039445 1.678783
 2.420500 0.043346 1.784230
 2.422750 0.047509 1.912329
 2.425000 0.051993 2.070880
 2.427250 0.056879 2.266569
 2.429500 0.062248 2.500391
 2.431750 0.068185 2.769287
 2.434000 0.074757 3.064735
 2.436250 0.082018 3.376156
 2.438500 0.089985 3.691066
 2.440750 0.098661 4.001417
 2.443000 0.108022 4.299714
 2.445250 0.118042 4.585164
 2.447500 0.128703 4.865636
 2.449750 0.139999 5.152959
 2.452000 0.151963 5.465915
 2.454250 0.164680 5.823613
 2.456500 0.178273 6.248152
 2.458750 0.192916 6.754204
 2.461000 0.208793 7.346925
 2.463250 0.226107 8.023965
 2.465500 0.245024 8.765649
 2.467750 0.265660 9.544956
 2.470000 0.288070 10.330440
 2.472250 0.312214 11.082714
 2.474500 0.337992 11.772016
 2.476750 0.365233 12.384104
 2.479000 0.393779 12.930883
 2.481250 0.423510 13.438862
 2.483500 0.454389 13.964430
 2.485750 0.486542 14.575631
 2.488000 0.520224 15.331715
 2.490250 0.555821 16.283704
 2.492500 0.593789 17.439328
 2.494750 0.634594 18.785259
 2.497000 0.678584 20.269656
 2.499250 0.726022 21.826780
 2.501500 0.776982 23.387196
 2.503750 0.831400 24.886123
 2.506000 0.889069 26.275026
 2.508250 0.949717 27.526990
 2.510500 1.013028 28.639219
 2.512750 1.078706 29.622815
 2.515000 1.146468 30.504960
 2.517250 1.216127 31.320043
 2.519500 1.287600 32.117605
 2.521750 1.360890 32.947178
 2.524000 1.436117 33.837932
 2.526250 1.513458 34.819899
 2.528500 1.593130 35.902774
 2.530750 1.675328 37.064670
 2.533000 1.760200 38.275399
 2.535250 1.847811 39.483559
 2.537500 1.938088 40.656904
 2.539750 2.030935 41.756761
 2.542000 2.126173 42.776067
 2.544250 2.223589 43.710751
 2.546500 2.323041 44.575895
 2.548750 2.424358 45.376718
 2.551000 2.527436 46.122301
 2.553250 2.632082 46.797115
 2.555500 2.738140 47.370259
 2.557750 2.845329 47.807388
 2.560000 2.953361 48.113223
 2.562250 3.061922 48.281202
 2.564500 3.170729 48.353948
 2.566750 3.279657 48.391688
 2.569000 3.388655 48.444514
 2.571250 3.497858 48.551182
 2.573500 3.607314 48.706067
 2.575750 3.717125 48.859385
 2.578000 3.827203 48.932998
 2.580250 3.937247 48.837757
 2.582500 4.046840 48.520345
 2.584750 4.155415 47.959915
 2.587000 4.262474 47.172533
 2.589250 4.367515 46.180207
 2.591500 4.470110 45.012176
 2.593750 4.569888 43.687732
 2.596000 4.666450 42.175077
 2.598250 4.759356 40.431810
 2.600500 4.848040 38.428739
 2.602750 4.931863 36.165106
 2.605000 5.010320 33.671047
 2.607250 5.082997 31.045750
 2.609500 5.149706 28.396057
 2.611750 5.210534 25.829393
 2.614000 5.265716 23.405282
 2.616250 5.315563 21.112429
 2.618500 5.360337 18.887443
 2.620750 5.400068 16.644547
 2.623000 5.434650 14.295325
 2.625250 5.463760 11.822338
 2.627500 5.487170 9.243133
 2.629750 5.504733 6.656167
 2.632000 5.516598 4.183181
 2.634250 5.523062 1.938039
 2.636500 5.524753 -0.052690
 2.638750 5.522242 -1.805724
 2.641000 5.515949 -3.402082
 2.643250 5.506118 -4.975984
 2.645500 5.492626 -6.632458
 2.647750 5.475212 -8.486733
 2.650000 5.453375 -10.555979
 2.652250 5.426593 -12.838419
 2.654500 5.394494 -15.296689
 2.656750 5.356745 -17.842845
 2.659000 5.313230 -20.400100
 2.661250 5.263967 -22.871381
 2.663500 5.209305 -25.197616
 2.665750 5.149649 -27.301795
 2.668000 5.085560 -29.123856
 2.670250 5.017719 -30.649568
 2.672500 4.946734 -31.909422
 2.674750 4.873135 -32.981430
 2.677000 4.797283 -33.954769
 2.679250 4.719239 -34.930869
 2.681500 4.638912 -35.960425
 2.683750 4.556189 -37.072858
 2.686000 4.470894 -38.217462
 2.688250 4.383033 -39.334366
 2.690500 4.292786 -40.344936
 2.692750 4.200467 -41.163581
 2.695000 4.106562 -41.754608
 2.697250 4.011559 -42.125650
 2.699500 3.915941 -42.312331
 2.701750 3.820057 -42.378587
 2.704000 3.724111 -42.384834
 2.706250 3.628152 -42.378827
 2.708500 3.532227 -42.414731
 2.710750 3.436176 -42.484413
 2.713000 3.339919 -42.578391
 2.715250 3.243447 -42.682904
 2.717500 3.146762 -42.771426
 2.719750 3.049920 -42.811499
 2.722000 2.953060 -42.794350
 2.724250 2.856325 -42.689054
 2.726500 2.759959 -42.497454
 2.728750 2.664154 -42.183686
 2.731000 2.569209 -41.746919
 2.733250 2.475387 -41.178691
 2.735500 2.382997 -40.502511
 2.737750 2.292248 -39.736636
 2.740000 2.203290 -38.935841
 2.742250 2.116137 -38.137520
 2.744500 2.030729 -37.385861
 2.746750 1.946953 -36.708662
 2.749000 1.864659 -36.096062
 2.751250 1.783666 -35.510996
 2.753500 1.704007 -34.943270
 2.755750 1.625679 -34.336541
 2.758000 1.548800 -33.653054
 2.760250 1.473570 -32.871549
 2.762500 1.400223 -31.993189
 2.764750 1.328977 -31.028753
 2.767000 1.259974 -29.995754
 2.769250 1.193354 -28.929948
 2.771500 1.129161 -27.859061
 2.773750 1.067384 -26.788750
 2.776000 1.008034 -25.725761
 2.778250 0.951088 -24.649161
 2.780500 0.896593 -23.548122
 2.782750 0.844613 -22.412579
 2.785000 0.795236 -21.254136
 2.787250 0.748495 -20.092319
 2.789500 0.704348 -18.954073
 2.791750 0.662706 -17.883325
 2.794000 0.623370 -16.910489
 2.796250 0.586102 -16.062871
 2.798500 0.550610 -15.339829
 2.800750 0.516621 -14.736407
 2.803000 0.483884 -14.226656
 2.805250 0.452224 -13.783901
 2.807500 0.421531 -13.373985
 2.809750 0.391762 -12.957944
 2.812000 0.362958 -12.504764
 2.814250 0.335251 -11.997562
 2.816500 0.308777 -11.411848
 2.818750 0.283726 -10.748073
 2.821000 0.260259 -10.012930
 2.823250 0.238502 -9.228287
 2.825500 0.218539 -8.434877
 2.827750 0.200345 -7.665648
 2.830000 0.183825 -6.956050
 2.832250 0.168820 -6.330423
 2.834500 0.155119 -5.796797
 2.836750 0.142517 -5.356105
 2.839000 0.130817 -4.993711
 2.841250 0.119870 -4.694619
 2.843500 0.109550 -4.433317
 2.845750 0.099794 -4.194308
 2.848000 0.090568 -3.962490
 2.850250 0.081864 -3.727799
 2.852500 0.073700 -3.487968
 2.854750 0.066092 -3.239753
 2.857000 0.059058 -2.982673
 2.859250 0.052613 -2.718501
 2.861500 0.046767 -2.453528
 2.863750 0.041515 -2.193154
 2.866000 0.036838 -1.944837
 2.868250 0.032702 -1.715437
 2.870500 0.029061 -1.510660
 2.872750 0.025848 -1.328971
 2.875000 0.023019 -1.173884
 2.877250 0.020516 -1.040326
 2.879500 0.018297 -0.923183
 2.881750 0.016327 -0.816672
 2.884000 0.014588 -0.718458
 2.886250 0.013064 -0.628035
 2.888500 0.011737 -0.546468
 2.890750 0.010581 -0.474745
 2.893000 0.009572 -0.416597
 2.895250 0.008678 -0.373144
 2.897500 0.007870 -0.344212
 2.899750 0.007114 -0.324964
 2.902000 0.006394 -0.311442
 2.904250 0.005703 -0.299795
 2.906500 0.005040 -0.285410
 2.908750 0.004414 -0.267072
 2.911000 0.003835 -0.244682
 2.913250 0.003310 -0.218655
 2.915500 0.002845 -0.191677
 2.917750 0.002442 -0.165228
 2.920000 0.002097 -0.140880
 2.922250 0.001803 -0.119558
 2.924500 0.001554 -0.101641
 2.926750 0.001341 -0.087450
 2.929000 0.001156 -0.076660
 2.931250 0.000992 -0.068387
 2.933500 0.000844 -0.062308
 2.935750 0.000708 -0.057426
 2.938000 0.000583 -0.052823
 2.940250 0.000469 -0.048162
 2.942500 0.000366 -0.042578
 2.944750 0.000277 -0.036568
 2.947000 0.000201 -0.029923
 2.949250 0.000141 -0.023492
 2.951500 0.000094 -0.017493
 2.953750 0.000061 -0.012417
 2.956000 0.000037 -0.008422
 2.958250 0.000022 -0.005277
 2.960500 0.000012 -0.003240
 2.962750 0.000007 -0.001883
 2.965000 0.000003 -0.000985
 2.967250 0.000002 -0.000518
 2.969500 0.000001 -0.000178
 2.971750 0.000000 0.000000
 2.974000 0.000000 0.000000
 2.976250 0.000000 0.000000
 2.978500 0.000000 0.000000
 2.980750 0.000000 0.000000
 2.983000 0.000000 0.000000
 2.985250 0.000000 0.000000
 2.987500 0.000000 0.000000
 2.989750 0.000000 0.000000
 2.992000 0.000000 0.000000
 2.994250 0.000000 0.000000
 2.996500 0.000000 0.000000
 2.998750 0.000000 0.000000
 3.001000 0.000000 0.000000
 3.003250 0.000000 0.000000
 3.005500 0.000000 0.000000
 3.007750 0.000000 0.000000
 3.010000 0.000000 0.000000
 3.012250 0.000000 0.000000
 3.014500 0.000000 0.000000
 3.016750 0.000000 0.000000
 3.019000 0.000000 0.000000
 3.021250 0.000000 0.000000
 3.023500 0.000000 0.000000
 3.025750 0.000000 0.000000
 3.028000 0.000000 0.000000
 3.030250 0.000000 0.000000
 3.032500 0.000000 0.000000
 3.034750 0.000000 0.000000
 3.037000 0.000000 0.000000
 3.039250 0.000000 0.000000
 3.041500 0.000000 0.000000
 3.043750 0.000000 0.000000
 3.046000 0.000000 0.000000
 3.048250 0.000000 0.000000
 3.050500 0.000000 0.000000
 3.052750 0.000000 0.000000
 3.055000 0.000000 0.000000
 3.057250 0.000000 0.000000
 3.059500 0.000000 0.000000
 3.061750 0.000000 0.000000
 3.064000 0.000000 0.000000
 3.066250 0.000000 0.000000
 3.068500 0.000000 0.000000
 3.070750 0.000000 0.000000
 3.073000 0.000000 0.000000
 3.075250 0.000000 0.000000
 3.077500 0.000000 0.000000
 3.079750 0.000000 0.000000
 3.082000 0.000000 0.000000
 3.084250 0.000000 0.000000
 3.086500 0.000000 0.000000
 3.088750 0.000000 0.000000
 3.091000 0.000000 0.000000
 3.093250 0.000000 0.000000
 3.095500 0.000000 0.000000
 3.097750 0.000000 0.000000
 3.100000 0.000000 0.000000
 3.102250 0.000000 0.000000
 3.104500 0.000000 0.000000
 3.106750 0.000000 0.000000
 3.109000 0.000000 0.000000
 3.111250 0.000000 0.000000
 3.113500 0.000000 0.000000
 3.115750 0.000000 0.000000
 3.118000 0.000000 0.000000
 3.120250 0.000000 0.000000
 3.122500 0.000000 0.000000
 3.124750 0.000000 0.000000
 3.127000 0.000000 0.000000
 3.129250 0.000000 0.000000
 3.131500 0.000000 0.000000
 3.133750 0.000000 0.000000
 3.136000 0.000000 0.000000
 3.138250 0.000000 0.000000
 3.140500 0.000000 0.000000
 3.142750 0.000000 0.000000
 3.145000 0.000000 0.000000
 3.147250 0.000000 0.000000
 3.149500 0.000000 0.000000
 3.151750 0.000000 0.000000
 3.154000 0.000000 0.000000
 3.156250 0.000000 0.000000
 3.158500 0.000000 0.000000
 3.160750 0.000000 0.000000
 3.163000 0.000000 0.000000
 3.165250 0.000000 0.000000
 3.167500 0.000000 0.000000
 3.169750 0.000000 0.000000
 3.172000 0.000000 0.000000
 3.174250 0.000000 0.000000
 3.176500 0.000000 0.000000
 3.178750 0.000000 0.000000
 3.181000 0.000000 0.000000
 3.183250 0.000000 0.000000
 3.185500 0.000000 0.000000
 3.187750 0.000000 0.000000
 3.190000 0.000000 0.000000
 3.192250 0.000000 0.000000
 3.194500 0.000000 0.000000
 3.196750 0.000000 0.000000
 3.199000 0.000000 0.000000
 3.201250 0.000000 0.000000
 3.203500 0.000000 0.000000
 3.205750 0.000000 0.000000
 3.208000 0.000000 0.000000
 3.210250 0.000000 0.000000
 3.212500 0.000000 0.000000
 3.214750 0.000000 0.000000
 3.217000 0.000000 0.000000
 3.219250 0.000000 0.000000
 3.221500 0.000000 0.000000
 3.223750 0.000000 0.000000
 3.226000 0.000000 0.000000
 3.228250 0.000000 0.000000
 3.230500 0.000000 0.000000
 3.232750 0.000000 0.000000
 3.235000 0.000000 0.000000
 3.237250 0.000000 0.000000
 3.239500 0.000000 0.000000
 3.241750 0.000000 0.000000
 3.244000 0.000000 0.000000
 3.246250 0.000000 0.000000
 3.248500 0.000000 0.000000
 3.250750 0.000000 0.000000
 3.253000 0.000000 0.000000
 3.255250 0.000000 0.000000
 3.257500 0.000000 0.000000
 3.259750 0.000000 0.000000
 3.262000 0.000000 0.000000
 3.264250 0.000000 0.000000
 3.266500 0.000000 0.000000
 3.268750 0.000000 0.000000
 3.271000 0.000000 0.000000
 3.273250 0.000000 0.000000
 3.275500 0.000000 0.000000
 3.277750 0.000000 0.000000
 3.280000 0.000000 0.000000
 3.282250 0.000000 0.000000
 3.284500 0.000000 0.000000
 3.286750 0.000000 0.000000
 3.289000 0.000000 0.000000
 3.291250 0.000000 0.000000
 3.293500 0.000000 0.000000
 3.295750 0.000000 0.000000
 3.298000 0.000000 0.000000
 3.300250 0.000000 0.000000
 3.302500 0.000000 0.000000
 3.304750 0.000000 0.000000
 3.307000 0.000000 0.000000
 3.309250 0.000000 0.000000
 3.311500 0.000000 0.000000
 3.313750 0.000000 0.000000
 3.316000 0.000000 0.000000
 3.318250 0.000000 0.000000
 3.320500 0.000000 0.000000
 3.322750 0.000000 0.000000
 3.325000 0.000000 0.000000
 3.327250 0.000000 0.000000
 3.329500 0.000000 0.000000
 3.331750 0.000000 0.000000
 3.334000 0.000000 0.000000
 3.336250 0.000000 0.000000
 3.338500 0.000000 0.000000
 3.340750 0.000000 0.000000
 3.343000 0.000000 0.000000
 3.345250 0.000000 0.000000
 3.347500 0.000000 0.000000
 3.349750 0.000000 0.000000
 3.352000 0.000000 0.000000
 3.354250 0.000000 0.000000
 3.356500 0.000000 0.000000
 3.358750 0.000000 0.000000
 3.361000 0.000000 0.000000
 3.363250 0.000000 0.000000
 3.365500 0.000000 0.000000
 3.367750 0.000000 0.000000
 3.370000 0.000000 0.000000
 3.372250 0.000000 0.000000
 3.374500 0.000000 0.000000
 3.376750 0.000000 0.000000
 3.379000 0.000000 0.000000
 3.381250 0.000000 0.000000
 3.383500 0.000000 0.000000
 3.385750 0.000000 0.000000
 3.388000 0.000000 0.000000
 3.390250 0.000000 0.000000
 3.392500 0.000000 0.000000
 3.394750 0.000000 0.000000
 3.397000 0.000000 0.000000
 3.399250 0.000000 0.000000
 3.401500 0.000000 0.000000
 3.403750 0.000000 0.000000
 3.406000 0.000000 0.000000
 3.408250 0.000000 0.000000
 3.410500 0.000000 0.000000
 3.412750 0.000000 0.000000
 3.415000 0.000000 0.000000
 3.417250 0.000000 0.000000
 3.419500 0.000000 0.000000
 3.421750 0.000000 0.000000
 3.424000 0.000000 0.000000
 3.426250 0.000000 0.000000
 3.428500 0.000000 0.000000
 3.430750 0.000000 0.000000
 3.433000 0.000000 0.000000
 3.435250 0.000000 0.000000
 3.437500 0.000000 0.000000
 3.439750 0.000000 0.000000
 3.442000 0.000000 0.000000
 3.444250 0.000000 0.000000
 3.446500 0.000000 0.000000
 3.448750 0.000000 0.000000
 3.451000 0.000000 0.000000
 3.453250 0.000000 0.000000
 3.455500 0.000000 0.000000
 3.457750 0.000000 0.000000
 3.460000 0.000000 0.000000
 3.462250 0.000000 0.000000
 3.464500 0.000000 0.000000
 3.466750 0.000000 0.000000
 3.469000 0.000000 0.000000
 3.471250 0.000000 0.000000
 3.473500 0.000000 0.000000
 3.475750 0.000000 0.000000
 3.478000 0.000000 0.000000
 3.480250 0.000000 0.000000
 3.482500 0.000000 0.000000
 3.484750 0.000000 0.000000
 3.487000 0.000000 0.000000
 3.489250 0.000000 0.000000
 3.491500 0.000000 0.000000
 3.493750 0.000000 0.000000
 3.496000 0.000000 0.000000
 3.498250 0.000000 0.000000
 3.500500 0.000000 0.000000
 3.502750 0.000000 0.000000
 3.505000 0.000000 0.000000
 3.507250 0.000000 0.000000
 3.509500 0.000000 0.000000
 3.511750 0.000000 0.000000
 3.514000 0.000000 0.000000
 3.516250 0.000000 0.000000
 3.518500 0.000000 0.000000
 3.520750 0.000000 0.000000
 3.523000 0.000000 0.000000
 3.525250 0.000000 0.000000
 3.527500 0.000000 0.000000
 3.529750 0.000000 0.000000
 3.532000 0.000000 0.000000
 3.534250 0.000000 0.000000
 3.536500 0.000000 0.000000
 3.538750 0.000000 0.000000
 3.541000 0.000000 0.000000
 3.543250 0.000000 0.000000
 3.545500 0.000000 0.000000
 3.547750 0.000000 0.000000
 3.550000 0.000000 0.000000
 3.552250 0.000000 0.000000
 3.554500 0.000000 0.000000
 3.556750 0.000000 0.000000
 3.559000 0.000000 0.000000
 3.561250 0.000000 0.000000
 3.563500 0.000000 0.000000
 3.565750 0.000000 0.000000
 3.568000 0.000000 0.000000
 3.570250 0.000000 0.000000
 3.572500 0.000000 0.000000
 3.574750 0.000000 0.000000
 3.577000 0.000000 0.000000
 3.579250 0.000000 0.000000
 3.581500 0.000000 0.000000
 3.583750 0.000000 0.000000
 3.586000 0.000000 0.000000
 3.588250 0.000000 0.000000
 3.590500 0.000000 0.000000
 3.592750 0.000000 0.000000
 3.595000 0.000000 0.000000
 3.597250 0.000000 0.000000
 3.599500 0.000000 0.000000
 3.601750 0.000000 0.000000
 3.604000 0.000000 0.000000
 3.606250 0.000000 0.000000
 3.608500 0.000000 0.000000
 3.610750 0.000000 0.000000
 3.613000 0.000000 0.000000
 3.615250 0.000000 0.000000
 3.617500 0.000000 0.000000
 3.619750 0.000000 0.000000
 3.622000 0.000000 0.000000
 3.624250 0.000000 0.000000
 3.626500 0.000000 0.000000
 3.628750 0.000000 0.000000
 3.631000 0.000000 0.000000
 3.633250 0.000000 0.000000
 3.635500 0.000000 0.000000
 3.637750 0.000000 0.000000
 3.640000 0.000000 0.000000
 3.642250 0.000000 0.000000
 3.644500 0.000000 0.000000
 3.646750 0.000000 0.000000
 3.649000 0.000000 0.000000
 3.651250 0.000000 0.000000
 3.653500 0.000000 0.000000
 3.655750 0.000000 0.000000
 3.658000 0.000000 0.000000
 3.660250 0.000000 0.000000
 3.662500 0.000000 0.000000
 3.664750 0.000000 0.000000
 3.667000 0.000000 0.000000
 3.669250 0.000000 0.000000
 3.671500 0.000000 0.000000
 3.673750 0.000000 0.000000
 3.676000 0.000000 0.000000
 3.678250 0.000000 0.000000
 3.680500 0.000000 0.000000
 3.682750 0.000000 0.000000
 3.685000 0.000000 0.000000
 3.687250 0.000000 0.000000
 3.689500 0.000000 0.000000
 3.691750 0.000000 0.000000
 3.694000 0.000000 0.000000
 3.696250 0.000000 0.000000
 3.698500 0.000000 0.000000
 3.700750 0.000000 0.000000
 3.703000 0.000000 0.000000
 3.705250 0.000000 0.000000
 3.707500 0.000000 0.000000
 3.709750 0.000000 0.000000
 3.712000 0.000000 0.000000
 3.714250 0.000000 0.000000
 3.716500 0.000000 0.000000
 3.718750 0.000000 0.000000
 3.721000 0.000000 0.000000
 3.723250 0.000000 0.000000
 3.725500 0.000000 0.000000
 3.727750 0.000000 0.000000
 3.730000 0.000000 0.000000
 3.732250 0.000000 0.000000
 3.734500 0.000000 0.000000
 3.736750 0.000000 0.000000
 3.739000 0.000000 0.000000
 3.741250 0.000000 0.000000
 3.743500 0.000000 0.000000
 3.745750 0.000000 0.000000
 3.748000 0.000000 0.000000
 3.750250 0.000000 0.000000
 3.752500 0.000000 0.000000
 3.754750 0.000000 0.000000
 3.757000 0.000000 0.000000
 3.759250 0.000000 0.000000
 3.761500 0.000000 0.000000
 3.763750 0.000000 0.000000
 3.766000 0.000000 0.000000
 3.768250 0.000000 0.000000
 3.770500 0.000000 0.000000
 3.772750 0.000000 0.000000
 3.775000 0.000000 0.000000
 3.777250 0.000000 0.000000
 3.779500 0.000000 0.000000
 3.781750 0.000000 0.000000
 3.784000 0.000000 0.000000
 3.786250 0.000000 0.000000
 3.788500 0.000000 0.000000
 3.790750 0.000000 0.000000
 3.793000 0.000000 0.000000
 3.795250 0.000000 0.000000
 3.797500 0.000000 0.000000
 3.799750 0.000000 0.000000
 3.802000 0.000000 0.000000
 3.804250 0.000000 0.000000
 3.806500 0.000000 0.000000
 3.808750 0.000000 0.000000
 3.811000 0.000000 0.000000
 3.813250 0.000000 0.000000
 3.815500 0.000000 0.000000
 3.817750 0.000000 0.000000
 3.820000 0.000000 0.000000
 3.822250 0.000000 0.000000
 3.824500 0.000000 0.000000
 3.826750 0.000000 0.000000
 3.829000 0.000000 0.000000
 3.831250 0.000000 0.000000
 3.833500 0.000000 0.000000
 3.835750 0.000000 0.000000
 3.838000 0.000000 0.000000
 3.840250 0.000000 0.000000
 3.842500 0.000000 0.000000
 3.844750 0.000000 0.000000
 3.847000 0.000000 0.000000
 3.849250 0.000000 0.000000
 3.851500 0.000000 0.000000
 3.853750 0.000000 0.000000
 3.856000 0.000000 0.000000
 3.858250 0.000000 0.000000
 3.860500 0.000000 0.000000
 3.862750 0.000000 0.000000
 3.865000 0.000000 0.000000
 3.867250 0.000000 0.000000
 3.869500 0.000000 0.000000
 3.871750 0.000000 0.000000
 3.874000 0.000000 0.000000
 3.876250 0.000000 0.000000
 3.878500 0.000000 0.000000
 3.880750 0.000000 0.000000
 3.883000 0.000000 0.000000
 3.885250 0.000000 0.000000
 3.887500 0.000000 0.000000
 3.889750 0.000000 0.000000
 3.892000 0.000000 0.000000
 3.894250 0.000000 0.000000
 3.896500 0.000000 0.000000
 3.898750 0.000000 0.000000
 3.901000 0.000000 0.000000
 3.903250 0.000000 0.000000
 3.905500 0.000000 0.000000
 3.907750 0.000000 0.000000
 3.910000 0.000000 0.000000
 3.912250 0.000000 0.000000
 3.914500 0.000000 0.000000
 3.916750 0.000000 0.000000
 3.919000 0.000000 0.000000
 3.921250 0.000000 0.000000
 3.923500 0.000000 0.000000
 3.925750 0.000000 0.000000
 3.928000 0.000000 0.000000
 3.930250 0.000000 0.000000
 3.932500 0.000000 0.000000
 3.934750 0.000000 0.000000
 3.937000 0.000000 0.000000
 3.939250 0.000000 0.000000
 3.941500 0.000000 0.000000
 3.943750 0.000000 0.000000
 3.946000 0.000000 0.000000
 3.948250 0.000000 0.000000
 3.950500 0.000000 0.000000
 3.952750 0.000000 0.000000
 3.955000 0.000000 0.000000
 3.957250 0.000000 0.000000
 3.959500 0.000000 0.000000
 3.961750 0.000000 0.000000
 3.964000 0.000000 0.000000
 3.966250 0.000000 0.000000
 3.968500 0.000000 0.000000
 3.970750 0.000000 0.000000
 3.973000 0.000000 0.000000
 3.975250 0.000000 0.000000
 3.977500 0.000000 0.000000
 3.979750 0.000000 0.000000
 3.982000 0.000000 0.000000
 3.984250 0.000000 0.000000
 3.986500 0.000000 0.000000
 3.988750 0.000000 0.000000
 3.991000 0.000000 0.000000
 3.993250 0.000000 0.000000
 3.995500 0.000000 0.000000
 3.997750 0.000000 0.000000
 4.000000 0.000000 0.000000
