#! FIELDS time refcv.mean refcv.morethan
 0.000000 1.349591 287.897806
 0.500000 1.337065 287.888243
 1.000000 1.327434 287.881048
 1.500000 1.330001 287.883952
 2.000000 1.338525 287.889992
 2.500000 1.326506 287.880992
 3.000000 1.330697 287.884077
 3.500000 1.334009 287.886836
 4.000000 1.327736 287.882502
 4.500000 1.331610 287.884592
 5.000000 1.326021 287.881004
 5.500000 1.333002 287.886353
 6.000000 1.338434 287.889952
 6.500000 1.328153 287.882614
 7.000000 1.338190 287.889858
 7.500000 1.328318 287.882659
 8.000000 1.334399 287.886586
 8.500000 1.331014 287.884564
 9.000000 1.327808 287.882504
 9.500000 1.338439 287.889528
 10.000000 1.324093 287.879103
 10.500000 1.334760 287.887228
 11.000000 1.326256 287.881651
 11.500000 1.336102 287.888235
 12.000000 1.334584 287.886850
 12.500000 1.317983 287.874750
 13.000000 1.334856 287.887196
 13.500000 1.330130 287.883886
 14.000000 1.326169 287.881386
 14.500000 1.334478 287.887132
 15.000000 1.324724 287.880212
 15.500000 1.336745 287.888673
 16.000000 1.318580 287.875206
 16.500000 1.327131 287.881316
 17.000000 1.335168 287.887335
 17.500000 1.320384 287.876989
 18.000000 1.338144 287.889561
 18.500000 1.325729 287.880737
 19.000000 1.339125 287.890463
 19.500000 1.322903 287.878462
 20.000000 1.328589 287.883323
 20.500000 1.334930 287.887154
 21.000000 1.325882 287.880786
 21.500000 1.340569 287.891330
 22.000000 1.326483 287.881312
 22.500000 1.333388 287.886380
 23.000000 1.336214 287.888160
 23.500000 1.319180 287.875631
 24.000000 1.340991 287.891589
 24.500000 1.329169 287.882982
 25.000000 1.331804 287.885408
 25.500000 1.328012 287.882418
 26.000000 1.328745 287.882760
 26.500000 1.339971 287.890773
 27.000000 1.325932 287.880770
 27.500000 1.331244 287.884895
 28.000000 1.327621 287.882438
 28.500000 1.330953 287.884494
 29.000000 1.334202 287.886464
 29.500000 1.320837 287.876868
 30.000000 1.332031 287.885242
 30.500000 1.323461 287.879078
 31.000000 1.330836 287.884447
 31.500000 1.329723 287.883500
 32.000000 1.334059 287.887042
 32.500000 1.337323 287.889035
 33.000000 1.322160 287.878022
 33.500000 1.334620 287.887261
 34.000000 1.330880 287.884546
 34.500000 1.338916 287.890122
 35.000000 1.329381 287.883755
 35.500000 1.333557 287.886092
 36.000000 1.336055 287.888360
 36.500000 1.325831 287.881046
 37.000000 1.331070 287.884604
 37.500000 1.333274 287.886184
 38.000000 1.325073 287.880031
 38.500000 1.329063 287.882828
 39.000000 1.327112 287.882088
 39.500000 1.326479 287.881235
 40.000000 1.341196 287.891502
 40.500000 1.316442 287.873731
 41.000000 1.339706 287.890156
 41.500000 1.325716 287.880870
 42.000000 1.332270 287.885671
 42.500000 1.329484 287.883742
 43.000000 1.323623 287.879164
 43.500000 1.337205 287.888948
 44.000000 1.322155 287.878008
 44.500000 1.337070 287.888810
 45.000000 1.324889 287.880367
 45.500000 1.332914 287.886258
 46.000000 1.325404 287.880587
 46.500000 1.326923 287.881761
 47.000000 1.324597 287.879851
 47.500000 1.325799 287.880559
 48.000000 1.326560 287.881455
 48.500000 1.328404 287.882281
 49.000000 1.322593 287.878601
 49.500000 1.314522 287.871796
 50.000000 1.327023 287.881819
 50.500000 1.322905 287.878358
 51.000000 1.331151 287.884784
 51.500000 1.318666 287.875200
 52.000000 1.331172 287.884642
 52.500000 1.325349 287.880616
 53.000000 1.324327 287.879936
 53.500000 1.328078 287.882296
 54.000000 1.322661 287.878394
 54.500000 1.332023 287.885454
 55.000000 1.322350 287.878496
 55.500000 1.334202 287.886874
 56.000000 1.321497 287.877417
 56.500000 1.330877 287.884356
 57.000000 1.329038 287.883213
 57.500000 1.326130 287.881223
 58.000000 1.327128 287.881345
 58.500000 1.323026 287.878532
 59.000000 1.327907 287.882237
 59.500000 1.322861 287.878625
 60.000000 1.324007 287.879423
 60.500000 1.329185 287.883209
 61.000000 1.323648 287.879026
 61.500000 1.335895 287.887951
 62.000000 1.318909 287.875875
 62.500000 1.334009 287.886500
 63.000000 1.320497 287.877059
 63.500000 1.324263 287.879848
 64.000000 1.330078 287.883824
 64.500000 1.320317 287.877033
 65.000000 1.334349 287.887002
 65.500000 1.324615 287.879922
 66.000000 1.327223 287.880918
 66.500000 1.327981 287.882829
 67.000000 1.325035 287.879983
 67.500000 1.336003 287.887822
 68.000000 1.321230 287.877812
 68.500000 1.334699 287.886874
 69.000000 1.320562 287.876898
 69.500000 1.331809 287.885136
 70.000000 1.326486 287.881459
 70.500000 1.327369 287.882126
 71.000000 1.328324 287.882520
 71.500000 1.330263 287.884116
 72.000000 1.319556 287.876457
 72.500000 1.322742 287.878240
 73.000000 1.331709 287.884986
 73.500000 1.320210 287.876735
 74.000000 1.336615 287.888332
 74.500000 1.325856 287.881126
 75.000000 1.323106 287.878528
 75.500000 1.333213 287.886263
 76.000000 1.318948 287.875560
 76.500000 1.334474 287.887093
 77.000000 1.334984 287.887644
 77.500000 1.324108 287.879909
 78.000000 1.329219 287.882939
 78.500000 1.326911 287.881847
 79.000000 1.338947 287.890225
 79.500000 1.323864 287.879445
 80.000000 1.331933 287.884886
 80.500000 1.322585 287.878532
 81.000000 1.330072 287.884311
 81.500000 1.331739 287.885185
 82.000000 1.323720 287.879738
 82.500000 1.330573 287.884089
 83.000000 1.323195 287.879160
 83.500000 1.327895 287.882258
 84.000000 1.328291 287.882831
 84.500000 1.320766 287.876753
 85.000000 1.328282 287.882820
 85.500000 1.327762 287.882279
 86.000000 1.321067 287.877194
 86.500000 1.334375 287.887181
 87.000000 1.330324 287.884342
 87.500000 1.325156 287.880308
 88.000000 1.335327 287.887409
 88.500000 1.325374 287.880592
 89.000000 1.326044 287.881215
 89.500000 1.345432 287.894327
 90.000000 1.319894 287.876526
 90.500000 1.334063 287.886761
 91.000000 1.321696 287.877629
 91.500000 1.330862 287.884831
 92.000000 1.329357 287.883246
 92.500000 1.321714 287.877508
 93.000000 1.329660 287.883688
 93.500000 1.323735 287.879635
 94.000000 1.330106 287.884079
 94.500000 1.331500 287.885266
 95.000000 1.322645 287.878532
 95.500000 1.333373 287.885976
 96.000000 1.317519 287.874531
 96.500000 1.328540 287.882899
 97.000000 1.328043 287.882322
 97.500000 1.327070 287.881866
 98.000000 1.324554 287.879705
 98.500000 1.327568 287.882341
 99.000000 1.323538 287.878637
 99.500000 1.331743 287.884623
 100.000000 1.310429 287.868292
 100.500000 1.335360 287.887524
 101.000000 1.319149 287.876106
 101.500000 1.329969 287.883969
 102.000000 1.329031 287.883147
 102.500000 1.328787 287.883370
 103.000000 1.335368 287.887451
 103.500000 1.318851 287.875796
 104.000000 1.330851 287.884602
 104.500000 1.324691 287.880045
 105.000000 1.331893 287.885088
 105.500000 1.328702 287.882888
 106.000000 1.324017 287.879196
 106.500000 1.335105 287.887411
 107.000000 1.324132 287.879800
 107.500000 1.328988 287.883013
 108.000000 1.326610 287.881537
 108.500000 1.329502 287.883469
 109.000000 1.330957 287.884634
 109.500000 1.322845 287.878630
 110.000000 1.332585 287.885587
 110.500000 1.322128 287.877887
 111.000000 1.335172 287.887450
 111.500000 1.323783 287.879257
 112.000000 1.329362 287.883252
 112.500000 1.330212 287.883816
 113.000000 1.324845 287.879616
 113.500000 1.333522 287.886112
 114.000000 1.326466 287.881209
 114.500000 1.317867 287.874406
 115.000000 1.336274 287.887984
 115.500000 1.317108 287.874014
 116.000000 1.333236 287.886235
 116.500000 1.330424 287.883892
 117.000000 1.327892 287.882718
 117.500000 1.326308 287.881231
 118.000000 1.328413 287.882545
 118.500000 1.328134 287.882475
 119.000000 1.327612 287.882339
 119.500000 1.332658 287.886029
 120.000000 1.327570 287.882257
 120.500000 1.329264 287.883600
 121.000000 1.323186 287.878948
 121.500000 1.333217 287.886002
 122.000000 1.329894 287.883990
 122.500000 1.322035 287.877780
 123.000000 1.331672 287.885195
 123.500000 1.325089 287.880313
 124.000000 1.328170 287.882536
 124.500000 1.329492 287.883215
 125.000000 1.320066 287.876676
 125.500000 1.329252 287.883278
 126.000000 1.323493 287.879108
 126.500000 1.330168 287.884323
 127.000000 1.330994 287.884347
 127.500000 1.325143 287.880182
 128.000000 1.333422 287.886425
 128.500000 1.326864 287.881276
 129.000000 1.323922 287.878914
 129.500000 1.337845 287.889445
 130.000000 1.325572 287.880694
 130.500000 1.324217 287.879687
 131.000000 1.335659 287.887703
 131.500000 1.322239 287.878137
 132.000000 1.333283 287.886334
 132.500000 1.319550 287.875907
 133.000000 1.323781 287.879000
 133.500000 1.332053 287.885354
 134.000000 1.331306 287.884642
 134.500000 1.334454 287.886948
 135.000000 1.322346 287.878507
 135.500000 1.334315 287.886509
 136.000000 1.329977 287.884299
 136.500000 1.330001 287.883876
 137.000000 1.331139 287.884611
 137.500000 1.321381 287.877547
 138.000000 1.327882 287.882086
 138.500000 1.325574 287.880922
 139.000000 1.339907 287.890844
 139.500000 1.322869 287.878519
 140.000000 1.326314 287.881081
 140.500000 1.328495 287.882745
 141.000000 1.323293 287.879015
 141.500000 1.333555 287.886588
 142.000000 1.324569 287.879770
 142.500000 1.325764 287.880691
 143.000000 1.324277 287.879667
 143.500000 1.323965 287.879226
 144.000000 1.327350 287.882146
 144.500000 1.315383 287.872613
 145.000000 1.329510 287.883052
 145.500000 1.318772 287.875679
 146.000000 1.329168 287.882949
 146.500000 1.325645 287.880181
 147.000000 1.318847 287.875710
 147.500000 1.335022 287.887400
 148.000000 1.327060 287.881560
 148.500000 1.327346 287.881864
 149.000000 1.327186 287.881669
 149.500000 1.323505 287.879394
 150.000000 1.326868 287.881625
 150.500000 1.329785 287.883575
 151.000000 1.325702 287.880912
 151.500000 1.327251 287.882048
 152.000000 1.326799 287.881736
 152.500000 1.332146 287.885575
 153.000000 1.319811 287.875384
 153.500000 1.331294 287.884811
 154.000000 1.325163 287.880162
 154.500000 1.325419 287.880479
 155.000000 1.328775 287.883251
 155.500000 1.325770 287.880405
 156.000000 1.331536 287.885241
 156.500000 1.328188 287.881723
 157.000000 1.330681 287.884360
 157.500000 1.335236 287.887413
 158.000000 1.324543 287.880253
 158.500000 1.331637 287.884866
 159.000000 1.331203 287.884742
 159.500000 1.318890 287.876010
 160.000000 1.335357 287.887664
 160.500000 1.318883 287.875424
 161.000000 1.328206 287.882609
 161.500000 1.326404 287.881455
 162.000000 1.328723 287.883045
 162.500000 1.322535 287.878287
 163.000000 1.333920 287.886727
 163.500000 1.319078 287.876064
 164.000000 1.324586 287.879492
 164.500000 1.326701 287.881762
 165.000000 1.318892 287.875792
 165.500000 1.327433 287.882012
 166.000000 1.321954 287.877995
 166.500000 1.324700 287.879956
 167.000000 1.330817 287.884725
 167.500000 1.329031 287.882947
 168.000000 1.328173 287.882153
 168.500000 1.316347 287.873420
 169.000000 1.336291 287.888217
 169.500000 1.318952 287.875547
 170.000000 1.317704 287.874065
 170.500000 1.335272 287.887520
 171.000000 1.318650 287.875569
 171.500000 1.334669 287.887164
 172.000000 1.320636 287.876962
 172.500000 1.322644 287.878527
 173.000000 1.321371 287.877196
 173.500000 1.325643 287.880724
 174.000000 1.321970 287.878020
 174.500000 1.327165 287.881822
 175.000000 1.328343 287.882840
 175.500000 1.319062 287.875820
 176.000000 1.333028 287.885883
 176.500000 1.327967 287.882621
 177.000000 1.326069 287.881172
 177.500000 1.328742 287.882906
 178.000000 1.328669 287.882949
 178.500000 1.325977 287.880982
 179.000000 1.331985 287.884745
 179.500000 1.325410 287.880459
 180.000000 1.328046 287.882017
 180.500000 1.324048 287.879592
 181.000000 1.324579 287.879756
 181.500000 1.329848 287.883335
 182.000000 1.327180 287.881505
 182.500000 1.329534 287.883743
 183.000000 1.320086 287.875905
 183.500000 1.333932 287.886008
 184.000000 1.318654 287.875229
 184.500000 1.331282 287.884807
 185.000000 1.328050 287.882288
 185.500000 1.331764 287.885285
 186.000000 1.320165 287.876104
 186.500000 1.325953 287.880998
 187.000000 1.323624 287.879149
 187.500000 1.335192 287.887692
 188.000000 1.324325 287.879783
 188.500000 1.323112 287.878455
 189.000000 1.328741 287.882837
 189.500000 1.323457 287.879259
 190.000000 1.325250 287.880465
 190.500000 1.325803 287.880453
 191.000000 1.318278 287.875345
 191.500000 1.330272 287.883617
 192.000000 1.323241 287.878662
 192.500000 1.322105 287.877968
 193.000000 1.332382 287.885665
 193.500000 1.323074 287.879114
 194.000000 1.331501 287.884705
 194.500000 1.326052 287.880847
 195.000000 1.324442 287.879955
 195.500000 1.336230 287.888127
 196.000000 1.315212 287.872878
 196.500000 1.333549 287.886117
 197.000000 1.317948 287.874905
 197.500000 1.330107 287.883485
 198.000000 1.324737 287.879611
 198.500000 1.328697 287.882621
 199.000000 1.320374 287.876498
 199.500000 1.333597 287.886467
 200.000000 1.319462 287.875989
 200.500000 1.330221 287.884168
 201.000000 1.322370 287.877988
 201.500000 1.330463 287.884089
 202.000000 1.319985 287.876726
 202.500000 1.329955 287.883797
 203.000000 1.333011 287.886052
 203.500000 1.322337 287.878511
 204.000000 1.332142 287.885189
 204.500000 1.321423 287.877567
 205.000000 1.334578 287.887329
 205.500000 1.322709 287.877845
 206.000000 1.329410 287.883927
 206.500000 1.331700 287.885000
 207.000000 1.326063 287.880937
 207.500000 1.336965 287.887897
 208.000000 1.323012 287.878696
 208.500000 1.326138 287.881095
 209.000000 1.338792 287.889734
 209.500000 1.321047 287.876952
 210.000000 1.330932 287.884380
 210.500000 1.327181 287.881297
 211.000000 1.322869 287.878841
 211.500000 1.330743 287.884156
 212.000000 1.322373 287.878275
 212.500000 1.327685 287.882194
 213.000000 1.322001 287.877152
 213.500000 1.330694 287.884633
 214.000000 1.319621 287.876215
 214.500000 1.327167 287.881406
 215.000000 1.333001 287.885955
 215.500000 1.324757 287.880024
 216.000000 1.324368 287.879289
 216.500000 1.325568 287.880397
 217.000000 1.324655 287.879644
 217.500000 1.323014 287.878396
 218.000000 1.323108 287.878697
 218.500000 1.326459 287.880945
 219.000000 1.321445 287.877057
 219.500000 1.331122 287.884216
 220.000000 1.322008 287.878015
 220.500000 1.329808 287.883390
 221.000000 1.325944 287.880916
 221.500000 1.330118 287.884311
 222.000000 1.336985 287.888626
 222.500000 1.317089 287.874060
 223.000000 1.335102 287.887385
 223.500000 1.320843 287.876614
 224.000000 1.326097 287.881267
 224.500000 1.331801 287.885059
 225.000000 1.321228 287.877694
 225.500000 1.330823 287.884489
 226.000000 1.319513 287.875750
 226.500000 1.335975 287.887985
 227.000000 1.313018 287.871232
 227.500000 1.343857 287.893203
 228.000000 1.311443 287.868317
 228.500000 1.328022 287.882526
 229.000000 1.323374 287.878817
 229.500000 1.324590 287.880015
 230.000000 1.320768 287.876424
 230.500000 1.327985 287.882311
 231.000000 1.321313 287.877596
 231.500000 1.319717 287.875834
 232.000000 1.324799 287.880007
 232.500000 1.320662 287.876923
 233.000000 1.330350 287.883724
 233.500000 1.324570 287.880116
 234.000000 1.324813 287.879159
 234.500000 1.327602 287.881193
 235.000000 1.322213 287.877612
 235.500000 1.332970 287.885833
 236.000000 1.313340 287.871450
 236.500000 1.332203 287.884975
 237.000000 1.320881 287.877043
 237.500000 1.334693 287.886968
 238.000000 1.319774 287.876168
 238.500000 1.329527 287.883455
 239.000000 1.332711 287.885920
 239.500000 1.315323 287.872699
 240.000000 1.334083 287.885712
 240.500000 1.317771 287.874836
 241.000000 1.327691 287.882090
 241.500000 1.322503 287.878049
 242.000000 1.321510 287.877409
 242.500000 1.321803 287.878011
 243.000000 1.319073 287.875358
 243.500000 1.331299 287.885050
 244.000000 1.325134 287.880313
 244.500000 1.329383 287.883582
 245.000000 1.315695 287.872861
 245.500000 1.331398 287.884381
 246.000000 1.319255 287.876073
 246.500000 1.335421 287.887887
 247.000000 1.326134 287.880856
 247.500000 1.325715 287.880850
 248.000000 1.328740 287.882528
 248.500000 1.328620 287.883084
 249.000000 1.326850 287.881580
 249.500000 1.323746 287.879506
 250.000000 1.332653 287.885520
 250.500000 1.320198 287.876401
 251.000000 1.324741 287.879995
 251.500000 1.324483 287.879777
 252.000000 1.331418 287.884858
 252.500000 1.324366 287.879795
 253.000000 1.324133 287.879243
 253.500000 1.322797 287.878563
 254.000000 1.324781 287.880073
 254.500000 1.331115 287.884949
 255.000000 1.325793 287.880644
 255.500000 1.328496 287.882687
 256.000000 1.333099 287.886261
 256.500000 1.318862 287.875869
 257.000000 1.333214 287.885812
 257.500000 1.324920 287.880652
 258.000000 1.324597 287.879789
 258.500000 1.326234 287.880893
 259.000000 1.322008 287.878467
 259.500000 1.337912 287.889365
 260.000000 1.318890 287.875804
 260.500000 1.334049 287.886716
 261.000000 1.321619 287.877042
 261.500000 1.331204 287.885078
 262.000000 1.321515 287.877264
 262.500000 1.327559 287.882271
 263.000000 1.320337 287.876654
 263.500000 1.323610 287.878172
 264.000000 1.322786 287.878179
 264.500000 1.330650 287.884323
 265.000000 1.323586 287.878464
 265.500000 1.328379 287.882768
 266.000000 1.332757 287.885134
 266.500000 1.323097 287.878645
 267.000000 1.327274 287.881757
 267.500000 1.330852 287.884642
 268.000000 1.323132 287.878940
 268.500000 1.335090 287.887709
 269.000000 1.325444 287.880743
 269.500000 1.333272 287.886204
 270.000000 1.324637 287.879272
 270.500000 1.321546 287.877947
 271.000000 1.333190 287.885935
 271.500000 1.328530 287.882658
 272.000000 1.318283 287.875143
 272.500000 1.324238 287.879615
 273.000000 1.328132 287.882588
 273.500000 1.319805 287.876537
 274.000000 1.331585 287.884675
 274.500000 1.322450 287.878392
 275.000000 1.326637 287.881200
 275.500000 1.325545 287.880449
 276.000000 1.326206 287.881127
 276.500000 1.330535 287.884246
 277.000000 1.325791 287.880888
 277.500000 1.322602 287.878386
 278.000000 1.328866 287.882905
 278.500000 1.321468 287.877818
 279.000000 1.331311 287.884477
 279.500000 1.323928 287.879355
 280.000000 1.327584 287.882275
 280.500000 1.331985 287.885140
 281.000000 1.314819 287.872907
 281.500000 1.328323 287.882306
 282.000000 1.320786 287.876822
 282.500000 1.328210 287.882113
 283.000000 1.329892 287.883598
 283.500000 1.319398 287.876077
 284.000000 1.339100 287.889676
 284.500000 1.318146 287.875541
 285.000000 1.333815 287.886761
 285.500000 1.325104 287.879995
 286.000000 1.325357 287.880456
 286.500000 1.331092 287.884129
 287.000000 1.321776 287.878194
 287.500000 1.334764 287.887174
 288.000000 1.325150 287.880701
 288.500000 1.334972 287.887683
 289.000000 1.321260 287.876679
 289.500000 1.327555 287.882172
 290.000000 1.329844 287.884177
 290.500000 1.320295 287.877052
 291.000000 1.332519 287.885406
 291.500000 1.319254 287.876033
 292.000000 1.327858 287.882515
 292.500000 1.329917 287.884005
 293.000000 1.321486 287.877723
 293.500000 1.331944 287.884987
 294.000000 1.321507 287.877816
 294.500000 1.327357 287.881912
 295.000000 1.325893 287.880518
 295.500000 1.322575 287.878469
 296.000000 1.326833 287.881657
 296.500000 1.321537 287.877606
 297.000000 1.327873 287.882696
 297.500000 1.329251 287.883025
 298.000000 1.325173 287.880535
 298.500000 1.332539 287.885850
 299.000000 1.326748 287.881467
 299.500000 1.323702 287.878959
 300.000000 1.327575 287.882391
 300.500000 1.329308 287.883114
 301.000000 1.320592 287.877107
 301.500000 1.324509 287.879965
 302.000000 1.326333 287.881082
 302.500000 1.333461 287.886417
 303.000000 1.326667 287.881060
 303.500000 1.322080 287.877505
 304.000000 1.329198 287.883051
 304.500000 1.318739 287.875502
 305.000000 1.331727 287.884710
 305.500000 1.322707 287.878351
 306.000000 1.322054 287.877784
 306.500000 1.328447 287.882816
 307.000000 1.316208 287.873733
 307.500000 1.325504 287.880105
 308.000000 1.325380 287.880493
 308.500000 1.319040 287.875622
 309.000000 1.328568 287.882857
 309.500000 1.316216 287.873546
 310.000000 1.329650 287.883202
 310.500000 1.317457 287.874128
 311.000000 1.319788 287.875897
 311.500000 1.327582 287.882078
 312.000000 1.322788 287.878598
 312.500000 1.322322 287.878122
 313.000000 1.329140 287.882961
 313.500000 1.311841 287.869667
 314.000000 1.326855 287.881555
 314.500000 1.325134 287.879933
 315.000000 1.318532 287.874998
 315.500000 1.319831 287.876199
 316.000000 1.324797 287.880047
 316.500000 1.315646 287.872944
 317.000000 1.328106 287.882216
 317.500000 1.325734 287.880348
 318.000000 1.322426 287.878557
 318.500000 1.328281 287.882379
 319.000000 1.314857 287.871695
 319.500000 1.327896 287.882411
 320.000000 1.325181 287.880269
 320.500000 1.322611 287.878120
 321.000000 1.329145 287.883568
 321.500000 1.319301 287.875606
 322.000000 1.331127 287.884481
 322.500000 1.321117 287.877575
 323.000000 1.325976 287.880573
 323.500000 1.323456 287.878462
 324.000000 1.323551 287.879308
 324.500000 1.327157 287.881274
 325.000000 1.314996 287.872969
 325.500000 1.333150 287.885910
 326.000000 1.318040 287.875148
 326.500000 1.331791 287.885359
 327.000000 1.323346 287.879224
 327.500000 1.327671 287.882292
 328.000000 1.330441 287.883677
 328.500000 1.314208 287.871559
 329.000000 1.335569 287.887904
 329.500000 1.320020 287.876712
 330.000000 1.332345 287.885527
 330.500000 1.320132 287.876432
 331.000000 1.333289 287.885582
 331.500000 1.324022 287.879608
 332.000000 1.316605 287.873699
 332.500000 1.331488 287.884475
 333.000000 1.323661 287.879490
 333.500000 1.324082 287.879475
 334.000000 1.322136 287.877891
 334.500000 1.324418 287.879828
 335.000000 1.328866 287.882715
 335.500000 1.330491 287.884322
 336.000000 1.317710 287.874923
 336.500000 1.326672 287.881349
 337.000000 1.316650 287.873707
 337.500000 1.331323 287.884589
 338.000000 1.318760 287.875311
 338.500000 1.328521 287.882692
 339.000000 1.317730 287.874635
 339.500000 1.326640 287.881590
 340.000000 1.322607 287.878350
 340.500000 1.316514 287.873732
 341.000000 1.322823 287.878351
 341.500000 1.324555 287.879622
 342.000000 1.322412 287.877516
 342.500000 1.328641 287.882862
 343.000000 1.326372 287.880700
 343.500000 1.324004 287.878922
 344.000000 1.327329 287.882104
 344.500000 1.325014 287.880093
 345.000000 1.331490 287.884939
 345.500000 1.323283 287.878887
 346.000000 1.321515 287.877037
 346.500000 1.332361 287.885371
 347.000000 1.315055 287.872287
 347.500000 1.328625 287.882778
 348.000000 1.323421 287.878733
 348.500000 1.322904 287.878495
 349.000000 1.334580 287.887114
 349.500000 1.321230 287.877002
 350.000000 1.329299 287.883524
 350.500000 1.321261 287.877144
 351.000000 1.325561 287.880532
 351.500000 1.323237 287.878623
 352.000000 1.333591 287.886346
 352.500000 1.323972 287.879835
 353.000000 1.331921 287.884635
 353.500000 1.324852 287.879994
 354.000000 1.328583 287.882645
 354.500000 1.328947 287.882518
 355.000000 1.320479 287.876598
 355.500000 1.325453 287.880658
 356.000000 1.335268 287.887584
 356.500000 1.320253 287.876496
 357.000000 1.329285 287.882846
 357.500000 1.320118 287.876036
 358.000000 1.328616 287.882545
 358.500000 1.327100 287.881690
 359.000000 1.319613 287.876128
 359.500000 1.336532 287.888220
 360.000000 1.311648 287.868974
 360.500000 1.339590 287.890237
 361.000000 1.322080 287.877911
 361.500000 1.317013 287.873968
 362.000000 1.335023 287.886943
 362.500000 1.315547 287.873043
 363.000000 1.334369 287.886765
 363.500000 1.319405 287.876023
 364.000000 1.326390 287.881274
 364.500000 1.327190 287.881730
 365.000000 1.322692 287.878178
 365.500000 1.326711 287.881327
 366.000000 1.327527 287.882034
 366.500000 1.320082 287.877150
 367.000000 1.329638 287.883813
 367.500000 1.329992 287.883330
 368.000000 1.321188 287.877809
 368.500000 1.331296 287.885096
 369.000000 1.324728 287.879953
 369.500000 1.326664 287.881124
 370.000000 1.329547 287.883769
 370.500000 1.321786 287.877728
 371.000000 1.333895 287.886354
 371.500000 1.314788 287.872776
 372.000000 1.335309 287.887530
 372.500000 1.319680 287.876336
 373.000000 1.329049 287.882585
 373.500000 1.323518 287.879075
 374.000000 1.322566 287.876783
 374.500000 1.323610 287.879004
 375.000000 1.316694 287.873975
 375.500000 1.330121 287.883797
 376.000000 1.314793 287.871800
 376.500000 1.330502 287.884261
 377.000000 1.320107 287.876530
 377.500000 1.324069 287.879310
 378.000000 1.324160 287.879074
 378.500000 1.328381 287.882917
 379.000000 1.317329 287.874435
 379.500000 1.326211 287.881460
 380.000000 1.326417 287.881198
 380.500000 1.330662 287.884516
 381.000000 1.322131 287.877778
 381.500000 1.326555 287.881305
 382.000000 1.318990 287.875455
 382.500000 1.328770 287.882905
 383.000000 1.323104 287.878716
 383.500000 1.321491 287.877450
 384.000000 1.320310 287.877124
 384.500000 1.331286 287.884554
 385.000000 1.324593 287.879822
 385.500000 1.329312 287.883319
 386.000000 1.322791 287.878535
 386.500000 1.317628 287.874109
 387.000000 1.329284 287.883356
 387.500000 1.322672 287.878775
 388.000000 1.327054 287.881461
 388.500000 1.327585 287.881758
 389.000000 1.330715 287.884327
 389.500000 1.328658 287.882978
 390.000000 1.327865 287.882513
 390.500000 1.328657 287.882987
 391.000000 1.321028 287.877764
 391.500000 1.332794 287.886003
 392.000000 1.322461 287.878567
 392.500000 1.335973 287.887904
 393.000000 1.319151 287.875666
 393.500000 1.328527 287.883050
 394.000000 1.332132 287.885449
 394.500000 1.318808 287.875592
 395.000000 1.335074 287.887562
 395.500000 1.322245 287.878630
 396.000000 1.339687 287.890484
 396.500000 1.323208 287.879110
 397.000000 1.330897 287.884421
 397.500000 1.332819 287.886010
 398.000000 1.322754 287.878777
 398.500000 1.333199 287.886358
 399.000000 1.324303 287.879905
 399.500000 1.334944 287.887150
 400.000000 1.329668 287.883460
