#! FIELDS time refcv.mean refcv.morethan
 0.000000 1.463458 287.946533
 0.500000 1.469979 287.947910
 1.000000 1.463854 287.945945
 1.500000 1.456716 287.944129
 2.000000 1.465073 287.946724
 2.500000 1.455329 287.943553
 3.000000 1.462566 287.945784
 3.500000 1.459834 287.945087
 4.000000 1.451512 287.942501
 4.500000 1.464227 287.946233
 5.000000 1.455284 287.943635
 5.500000 1.458148 287.944660
 6.000000 1.464909 287.946659
 6.500000 1.457674 287.944413
 7.000000 1.464929 287.946679
 7.500000 1.451753 287.942531
 8.000000 1.463477 287.946030
 8.500000 1.460019 287.945097
 9.000000 1.454520 287.943450
 9.500000 1.465370 287.946637
 10.000000 1.451698 287.942386
 10.500000 1.461491 287.945567
 11.000000 1.452539 287.942924
 11.500000 1.462255 287.945813
 12.000000 1.463324 287.946049
 12.500000 1.444191 287.939953
 13.000000 1.462948 287.945950
 13.500000 1.456488 287.943999
 14.000000 1.453403 287.943139
 14.500000 1.461987 287.945728
 15.000000 1.450245 287.942113
 15.500000 1.465264 287.946710
 16.000000 1.445443 287.940428
 16.500000 1.455883 287.943691
 17.000000 1.462187 287.945732
 17.500000 1.444951 287.940379
 18.000000 1.466491 287.947052
 18.500000 1.452393 287.942717
 19.000000 1.464062 287.946427
 19.500000 1.449561 287.941747
 20.000000 1.457897 287.944594
 20.500000 1.461599 287.945522
 21.000000 1.451030 287.942238
 21.500000 1.468365 287.947649
 22.000000 1.451334 287.942390
 22.500000 1.459658 287.945038
 23.000000 1.462638 287.945870
 23.500000 1.445597 287.940402
 24.000000 1.469085 287.947850
 24.500000 1.453413 287.942930
 25.000000 1.458324 287.944677
 25.500000 1.456079 287.943882
 26.000000 1.454486 287.943309
 26.500000 1.464849 287.946563
 27.000000 1.452170 287.942617
 27.500000 1.459972 287.945132
 28.000000 1.453066 287.943000
 28.500000 1.455177 287.943560
 29.000000 1.461842 287.945504
 29.500000 1.446694 287.940725
 30.000000 1.458419 287.944592
 30.500000 1.448905 287.941551
 31.000000 1.458693 287.944685
 31.500000 1.456351 287.943876
 32.000000 1.458114 287.944648
 32.500000 1.462594 287.945907
 33.000000 1.450447 287.942035
 33.500000 1.461416 287.945588
 34.000000 1.455052 287.943597
 34.500000 1.465092 287.946672
 35.000000 1.455446 287.943786
 35.500000 1.460990 287.945323
 36.000000 1.461018 287.945536
 36.500000 1.451006 287.942344
 37.000000 1.458730 287.944685
 37.500000 1.458601 287.944714
 38.000000 1.450345 287.941983
 38.500000 1.457980 287.944364
 39.000000 1.453227 287.943051
 39.500000 1.452711 287.942805
 40.000000 1.467640 287.947378
 40.500000 1.442485 287.939456
 41.000000 1.468055 287.947375
 41.500000 1.450278 287.942092
 42.000000 1.458300 287.944637
 42.500000 1.458438 287.944709
 43.000000 1.449668 287.941837
 43.500000 1.464297 287.946405
 44.000000 1.447140 287.940998
 44.500000 1.465816 287.946823
 45.000000 1.451924 287.942666
 45.500000 1.458390 287.944699
 46.000000 1.453728 287.943175
 46.500000 1.454099 287.943308
 47.000000 1.452378 287.942659
 47.500000 1.452206 287.942587
 48.000000 1.452225 287.942646
 48.500000 1.457215 287.944077
 49.000000 1.448530 287.941534
 49.500000 1.442756 287.939429
 50.000000 1.454926 287.943544
 50.500000 1.449203 287.941605
 51.000000 1.459278 287.944883
 51.500000 1.446166 287.940586
 52.000000 1.457472 287.944308
 52.500000 1.453014 287.942983
 53.000000 1.451195 287.942371
 53.500000 1.455569 287.943677
 54.000000 1.449975 287.941908
 54.500000 1.459126 287.944926
 55.000000 1.450466 287.942127
 55.500000 1.461180 287.945499
 56.000000 1.447084 287.940923
 56.500000 1.460437 287.945158
 57.000000 1.456510 287.943997
 57.500000 1.451518 287.942493
 58.000000 1.455562 287.943569
 58.500000 1.450312 287.941951
 59.000000 1.455145 287.943553
 59.500000 1.449610 287.941834
 60.000000 1.452123 287.942596
 60.500000 1.455797 287.943780
 61.000000 1.449834 287.941805
 61.500000 1.462956 287.945944
 62.000000 1.444635 287.940247
 62.500000 1.462163 287.945657
 63.000000 1.447300 287.941130
 63.500000 1.450714 287.942231
 64.000000 1.457519 287.944314
 64.500000 1.445572 287.940600
 65.000000 1.461363 287.945532
 65.500000 1.450978 287.942254
 66.000000 1.454615 287.943099
 66.500000 1.452840 287.943030
 67.000000 1.451749 287.942427
 67.500000 1.463013 287.945981
 68.000000 1.445699 287.940688
 68.500000 1.461785 287.945602
 69.000000 1.447642 287.941165
 69.500000 1.458925 287.944763
 70.000000 1.452697 287.942879
 70.500000 1.453439 287.943125
 71.000000 1.455831 287.943776
 71.500000 1.456236 287.943949
 72.000000 1.444178 287.940156
 72.500000 1.451229 287.942270
 73.000000 1.459192 287.944822
 73.500000 1.444965 287.940318
 74.000000 1.464423 287.946399
 74.500000 1.451475 287.942502
 75.000000 1.448930 287.941540
 75.500000 1.461490 287.945640
 76.000000 1.443226 287.939680
 76.500000 1.462046 287.945784
 77.000000 1.459764 287.945147
 77.500000 1.449578 287.941933
 78.000000 1.457111 287.944108
 78.500000 1.451987 287.942654
 79.000000 1.463697 287.946262
 79.500000 1.449203 287.941750
 80.000000 1.460094 287.944979
 80.500000 1.447735 287.941239
 81.000000 1.456276 287.944096
 81.500000 1.458058 287.944558
 82.000000 1.447078 287.941128
 82.500000 1.458306 287.944489
 83.000000 1.448620 287.941584
 83.500000 1.453384 287.942989
 84.000000 1.455215 287.943678
 84.500000 1.446831 287.940835
 85.000000 1.453934 287.943270
 85.500000 1.455547 287.943727
 86.000000 1.445986 287.940600
 86.500000 1.459936 287.945181
 87.000000 1.456974 287.944263
 87.500000 1.449175 287.941680
 88.000000 1.463881 287.946182
 88.500000 1.452745 287.942869
 89.000000 1.449928 287.941979
 89.500000 1.472612 287.948828
 90.000000 1.444732 287.940239
 90.500000 1.462755 287.945925
 91.000000 1.446239 287.940667
 91.500000 1.456146 287.944016
 92.000000 1.457023 287.944156
 92.500000 1.447823 287.941157
 93.000000 1.456866 287.944168
 93.500000 1.449350 287.941891
 94.000000 1.457191 287.944262
 94.500000 1.455610 287.943894
 95.000000 1.447998 287.941325
 95.500000 1.463823 287.946149
 96.000000 1.443089 287.939635
 96.500000 1.454613 287.943441
 97.000000 1.454179 287.943194
 97.500000 1.454038 287.943263
 98.000000 1.451941 287.942517
 98.500000 1.452788 287.942906
 99.000000 1.450062 287.941782
 99.500000 1.460679 287.945135
 100.000000 1.436553 287.937193
 100.500000 1.462307 287.945783
 101.000000 1.445423 287.940540
 101.500000 1.457448 287.944377
 102.000000 1.454231 287.943315
 102.500000 1.453651 287.943248
 103.000000 1.461557 287.945562
 103.500000 1.445232 287.940447
 104.000000 1.458347 287.944647
 104.500000 1.450198 287.942043
 105.000000 1.457815 287.944391
 105.500000 1.455010 287.943562
 106.000000 1.450702 287.942101
 106.500000 1.461415 287.945496
 107.000000 1.447937 287.941346
 107.500000 1.456794 287.944036
 108.000000 1.453074 287.942965
 108.500000 1.454282 287.943291
 109.000000 1.457544 287.944362
 109.500000 1.447602 287.941175
 110.000000 1.461033 287.945335
 110.500000 1.447861 287.941154
 111.000000 1.460279 287.945156
 111.500000 1.450440 287.942045
 112.000000 1.455936 287.943766
 112.500000 1.457104 287.944122
 113.000000 1.451721 287.942365
 113.500000 1.460448 287.945158
 114.000000 1.451388 287.942352
 114.500000 1.444949 287.940180
 115.000000 1.465287 287.946565
 115.500000 1.442268 287.939262
 116.000000 1.458893 287.944780
 116.500000 1.457762 287.944368
 117.000000 1.453650 287.943203
 117.500000 1.452983 287.942913
 118.000000 1.456641 287.944015
 118.500000 1.455640 287.943687
 119.000000 1.452531 287.942842
 119.500000 1.458850 287.944824
 120.000000 1.453912 287.943251
 120.500000 1.457092 287.944293
 121.000000 1.449673 287.941853
 121.500000 1.458894 287.944719
 122.000000 1.456343 287.944036
 122.500000 1.448253 287.941330
 123.000000 1.459906 287.945075
 123.500000 1.450471 287.942086
 124.000000 1.452874 287.942885
 124.500000 1.457139 287.944114
 125.000000 1.445904 287.940653
 125.500000 1.455574 287.943741
 126.000000 1.449062 287.941634
 126.500000 1.455175 287.943688
 127.000000 1.459514 287.944930
 127.500000 1.449676 287.941824
 128.000000 1.458344 287.944655
 128.500000 1.453986 287.943068
 129.000000 1.449168 287.941488
 129.500000 1.463147 287.946115
 130.000000 1.451474 287.942456
 130.500000 1.450841 287.942254
 131.000000 1.463073 287.945974
 131.500000 1.446896 287.940898
 132.000000 1.460283 287.945244
 132.500000 1.447305 287.941017
 133.000000 1.450572 287.942055
 133.500000 1.456939 287.944134
 134.000000 1.457564 287.944305
 134.500000 1.461231 287.945471
 135.000000 1.446150 287.940762
 135.500000 1.461873 287.945526
 136.000000 1.455916 287.943993
 136.500000 1.456115 287.943921
 137.000000 1.458215 287.944575
 137.500000 1.448837 287.941593
 138.000000 1.453518 287.943043
 138.500000 1.451605 287.942577
 139.000000 1.469366 287.947930
 139.500000 1.445595 287.940450
 140.000000 1.453051 287.942927
 140.500000 1.456979 287.944143
 141.000000 1.448064 287.941344
 141.500000 1.459763 287.945109
 142.000000 1.450593 287.942076
 142.500000 1.452106 287.942596
 143.000000 1.450440 287.942087
 143.500000 1.450057 287.941846
 144.000000 1.453562 287.943137
 144.500000 1.442694 287.939447
 145.000000 1.457523 287.944176
 145.500000 1.442816 287.939610
 146.000000 1.455778 287.943706
 146.500000 1.453843 287.943009
 147.000000 1.444829 287.940322
 147.500000 1.461546 287.945585
 148.000000 1.451742 287.942410
 148.500000 1.453071 287.942935
 149.000000 1.455190 287.943569
 149.500000 1.449080 287.941709
 150.000000 1.452166 287.942695
 150.500000 1.456952 287.944158
 151.000000 1.452725 287.942884
 151.500000 1.451737 287.942577
 152.000000 1.451848 287.942580
 152.500000 1.460680 287.945387
 153.000000 1.445902 287.940248
 153.500000 1.455796 287.943848
 154.000000 1.451435 287.942362
 154.500000 1.451974 287.942523
 155.000000 1.454599 287.943521
 155.500000 1.451667 287.942356
 156.000000 1.457428 287.944411
 156.500000 1.452856 287.942604
 157.000000 1.456600 287.944053
 157.500000 1.463227 287.946014
 158.000000 1.449675 287.941940
 158.500000 1.457664 287.944278
 159.000000 1.455716 287.943797
 159.500000 1.443439 287.939909
 160.000000 1.464182 287.946359
 160.500000 1.444320 287.939976
 161.000000 1.451854 287.942527
 161.500000 1.452407 287.942781
 162.000000 1.455323 287.943670
 162.500000 1.448388 287.941423
 163.000000 1.459714 287.945039
 163.500000 1.442928 287.939729
 164.000000 1.454122 287.943177
 164.500000 1.452284 287.942813
 165.000000 1.444035 287.940014
 165.500000 1.455627 287.943693
 166.000000 1.448154 287.941317
 166.500000 1.452777 287.942812
 167.000000 1.455620 287.943836
 167.500000 1.454854 287.943417
 168.000000 1.457150 287.944115
 168.500000 1.441596 287.939077
 169.000000 1.463113 287.946051
 169.500000 1.444784 287.940218
 170.000000 1.445968 287.940363
 170.500000 1.462781 287.945944
 171.000000 1.443902 287.939982
 171.500000 1.461873 287.945684
 172.000000 1.446582 287.940838
 172.500000 1.448929 287.941640
 173.000000 1.448810 287.941441
 173.500000 1.454092 287.943289
 174.000000 1.446549 287.940870
 174.500000 1.453965 287.943242
 175.000000 1.455254 287.943692
 175.500000 1.445463 287.940458
 176.000000 1.461451 287.945483
 176.500000 1.454915 287.943609
 177.000000 1.450919 287.942313
 177.500000 1.456176 287.943885
 178.000000 1.456802 287.944141
 178.500000 1.451353 287.942405
 179.000000 1.458703 287.944531
 179.500000 1.451530 287.942455
 180.000000 1.455698 287.943656
 180.500000 1.451241 287.942371
 181.000000 1.450057 287.941929
 181.500000 1.457216 287.944080
 182.000000 1.454362 287.943253
 182.500000 1.455462 287.943778
 183.000000 1.447108 287.940694
 183.500000 1.461504 287.945394
 184.000000 1.444317 287.939978
 184.500000 1.457760 287.944417
 185.000000 1.453895 287.943199
 185.500000 1.456527 287.944082
 186.000000 1.447596 287.940991
 186.500000 1.452723 287.942865
 187.000000 1.450129 287.941988
 187.500000 1.460849 287.945404
 188.000000 1.450910 287.942232
 188.500000 1.450488 287.942008
 189.000000 1.456295 287.943914
 189.500000 1.447704 287.941281
 190.000000 1.451759 287.942514
 190.500000 1.454862 287.943342
 191.000000 1.443533 287.939873
 191.500000 1.458164 287.944402
 192.000000 1.448868 287.941468
 192.500000 1.448994 287.941586
 193.000000 1.460485 287.945291
 193.500000 1.446553 287.940961
 194.000000 1.459119 287.944752
 194.500000 1.454541 287.943342
 195.000000 1.448681 287.941561
 195.500000 1.462735 287.945872
 196.000000 1.441294 287.939017
 196.500000 1.461721 287.945543
 197.000000 1.444022 287.939941
 197.500000 1.455253 287.943442
 198.000000 1.452799 287.942737
 198.500000 1.455676 287.943625
 199.000000 1.446744 287.940792
 199.500000 1.460588 287.945284
 200.000000 1.445688 287.940499
 200.500000 1.456845 287.944171
 201.000000 1.448887 287.941496
 201.500000 1.456867 287.944111
 202.000000 1.446010 287.940714
 202.500000 1.457194 287.944208
 203.000000 1.457486 287.944402
 203.500000 1.448934 287.941698
 204.000000 1.461437 287.945472
 204.500000 1.444724 287.940194
 205.000000 1.460250 287.945255
 205.500000 1.450297 287.941794
 206.000000 1.455098 287.943746
 206.500000 1.457949 287.944480
 207.000000 1.450522 287.942101
 207.500000 1.464191 287.946062
 208.000000 1.448572 287.941451
 208.500000 1.451647 287.942507
 209.000000 1.466541 287.946969
 209.500000 1.445219 287.940273
 210.000000 1.458594 287.944539
 210.500000 1.453363 287.942812
 211.000000 1.448807 287.941579
 211.500000 1.458325 287.944467
 212.000000 1.449349 287.941743
 212.500000 1.454812 287.943446
 213.000000 1.447775 287.940894
 213.500000 1.458125 287.944594
 214.000000 1.447327 287.941075
 214.500000 1.452900 287.942747
 215.000000 1.460154 287.945155
 215.500000 1.450403 287.942076
 216.000000 1.450835 287.942045
 216.500000 1.453870 287.943117
 217.000000 1.450236 287.941902
 217.500000 1.450052 287.941806
 218.000000 1.450238 287.941979
 218.500000 1.454358 287.943252
 219.000000 1.447549 287.941031
 219.500000 1.458057 287.944354
 220.000000 1.448052 287.941289
 220.500000 1.458021 287.944318
 221.000000 1.452421 287.942667
 221.500000 1.455689 287.943865
 222.000000 1.464443 287.946372
 222.500000 1.442073 287.939248
 223.000000 1.463985 287.946244
 223.500000 1.447197 287.940783
 224.000000 1.451240 287.942428
 224.500000 1.459587 287.944945
 225.000000 1.448250 287.941481
 225.500000 1.456577 287.944045
 226.000000 1.446464 287.940630
 226.500000 1.463364 287.946097
 227.000000 1.437067 287.937670
 227.500000 1.471128 287.948323
 228.000000 1.438510 287.937639
 228.500000 1.455143 287.943647
 229.000000 1.449833 287.941828
 229.500000 1.451426 287.942415
 230.000000 1.449414 287.941549
 230.500000 1.454359 287.943272
 231.000000 1.446634 287.940883
 231.500000 1.448102 287.941236
 232.000000 1.453935 287.943164
 232.500000 1.445641 287.940489
 233.000000 1.458413 287.944539
 233.500000 1.449396 287.941835
 234.000000 1.453070 287.942684
 234.500000 1.454029 287.942891
 235.000000 1.447410 287.940879
 235.500000 1.459974 287.945020
 236.000000 1.440230 287.938723
 236.500000 1.458742 287.944553
 237.000000 1.446139 287.940600
 237.500000 1.461134 287.945361
 238.000000 1.445827 287.940491
 238.500000 1.455181 287.943596
 239.000000 1.459292 287.944941
 239.500000 1.440211 287.938596
 240.000000 1.463503 287.945793
 240.500000 1.443326 287.939728
 241.000000 1.453173 287.942946
 241.500000 1.449151 287.941570
 242.000000 1.447372 287.940993
 242.500000 1.449692 287.941901
 243.000000 1.446210 287.940572
 243.500000 1.455646 287.943828
 244.000000 1.451361 287.942409
 244.500000 1.458582 287.944701
 245.000000 1.440499 287.938639
 245.500000 1.457448 287.944188
 246.000000 1.445505 287.940506
 246.500000 1.460339 287.945321
 247.000000 1.452707 287.942739
 247.500000 1.452332 287.942746
 248.000000 1.454351 287.943189
 248.500000 1.453904 287.943247
 249.000000 1.454460 287.943373
 249.500000 1.448559 287.941522
 250.000000 1.458809 287.944644
 250.500000 1.446619 287.940763
 251.000000 1.450625 287.942124
 251.500000 1.451125 287.942311
 252.000000 1.456848 287.944148
 252.500000 1.450094 287.942026
 253.000000 1.450389 287.941982
 253.500000 1.450654 287.942114
 254.000000 1.448462 287.941388
 254.500000 1.456543 287.944126
 255.000000 1.451966 287.942546
 255.500000 1.453589 287.943027
 256.000000 1.459807 287.945102
 256.500000 1.443380 287.939843
 257.000000 1.459797 287.944913
 257.500000 1.450653 287.942336
 258.000000 1.450995 287.942173
 258.500000 1.454186 287.943215
 259.000000 1.447325 287.941224
 259.500000 1.464232 287.946392
 260.000000 1.444420 287.940212
 260.500000 1.461306 287.945530
 261.000000 1.448172 287.941196
 261.500000 1.456562 287.944178
 262.000000 1.448550 287.941377
 262.500000 1.453718 287.943194
 263.000000 1.447826 287.941231
 263.500000 1.449553 287.941536
 264.000000 1.448580 287.941363
 264.500000 1.456915 287.944157
 265.000000 1.448297 287.941126
 265.500000 1.455273 287.943647
 266.000000 1.460892 287.945191
 266.500000 1.445806 287.940492
 267.000000 1.454035 287.943197
 267.500000 1.457974 287.944524
 268.000000 1.448507 287.941490
 268.500000 1.460167 287.945251
 269.000000 1.451542 287.942547
 269.500000 1.460187 287.945129
 270.000000 1.451522 287.942215
 270.500000 1.445717 287.940647
 271.000000 1.460598 287.945239
 271.500000 1.456041 287.943827
 272.000000 1.441384 287.939089
 272.500000 1.452092 287.942587
 273.000000 1.456822 287.944138
 273.500000 1.444752 287.940299
 274.000000 1.458124 287.944439
 274.500000 1.448590 287.941504
 275.000000 1.453243 287.942917
 275.500000 1.452186 287.942594
 276.000000 1.451995 287.942593
 276.500000 1.456299 287.943903
 277.000000 1.451071 287.942271
 277.500000 1.450377 287.942047
 278.000000 1.455275 287.943588
 278.500000 1.445502 287.940526
 279.000000 1.458983 287.944649
 279.500000 1.449223 287.941666
 280.000000 1.453880 287.943247
 280.500000 1.458723 287.944678
 281.000000 1.439197 287.938466
 281.500000 1.456449 287.943893
 282.000000 1.447323 287.940978
 282.500000 1.454478 287.943237
 283.000000 1.455531 287.943647
 283.500000 1.444792 287.940274
 284.000000 1.467879 287.947314
 284.500000 1.442257 287.939547
 285.000000 1.459524 287.945008
 285.500000 1.451922 287.942498
 286.000000 1.450972 287.942213
 286.500000 1.457676 287.944197
 287.000000 1.446056 287.940756
 287.500000 1.462810 287.945931
 288.000000 1.451588 287.942594
 288.500000 1.460070 287.945236
 289.000000 1.447416 287.940830
 289.500000 1.454274 287.943338
 290.000000 1.456614 287.944217
 290.500000 1.444108 287.940123
 291.000000 1.460284 287.945099
 291.500000 1.443942 287.939968
 292.000000 1.453635 287.943184
 292.500000 1.456389 287.944045
 293.000000 1.447636 287.941212
 293.500000 1.458447 287.944495
 294.000000 1.446430 287.940816
 294.500000 1.453738 287.943133
 295.000000 1.452267 287.942523
 295.500000 1.447646 287.941188
 296.000000 1.454701 287.943454
 296.500000 1.449321 287.941688
 297.000000 1.453510 287.943175
 297.500000 1.455416 287.943561
 298.000000 1.451083 287.942333
 298.500000 1.459068 287.944902
 299.000000 1.451959 287.942544
 299.500000 1.449874 287.941756
 300.000000 1.453458 287.943170
 300.500000 1.456868 287.944021
 301.000000 1.445757 287.940572
 301.500000 1.450971 287.942268
 302.000000 1.453702 287.943121
 302.500000 1.458595 287.944711
 303.000000 1.452100 287.942504
 303.500000 1.450047 287.941789
 304.000000 1.457021 287.944080
 304.500000 1.442339 287.939417
 305.000000 1.458107 287.944382
 305.500000 1.451088 287.942253
 306.000000 1.448711 287.941455
 306.500000 1.454661 287.943459
 307.000000 1.441464 287.939182
 307.500000 1.455259 287.943413
 308.000000 1.451279 287.942327
 308.500000 1.445466 287.940377
 309.000000 1.455173 287.943604
 309.500000 1.443344 287.939734
 310.000000 1.455716 287.943667
 310.500000 1.443844 287.939735
 311.000000 1.448633 287.941387
 311.500000 1.452799 287.942873
 312.000000 1.447850 287.941262
 312.500000 1.449339 287.941676
 313.000000 1.457731 287.944308
 313.500000 1.437768 287.937752
 314.000000 1.453544 287.943060
 314.500000 1.452346 287.942569
 315.000000 1.444917 287.940141
 315.500000 1.447159 287.940971
 316.000000 1.453246 287.942969
 316.500000 1.441581 287.939054
 317.000000 1.454435 287.943247
 317.500000 1.452668 287.942704
 318.000000 1.448519 287.941567
 318.500000 1.458184 287.944463
 319.000000 1.440071 287.938398
 319.500000 1.454507 287.943389
 320.000000 1.453780 287.943126
 320.500000 1.448189 287.941281
 321.000000 1.456214 287.944006
 321.500000 1.446687 287.940760
 322.000000 1.457725 287.944355
 322.500000 1.445402 287.940528
 323.000000 1.454320 287.943243
 323.500000 1.449856 287.941694
 324.000000 1.450415 287.942148
 324.500000 1.455980 287.943693
 325.000000 1.439034 287.938367
 325.500000 1.461184 287.945393
 326.000000 1.444917 287.940331
 326.500000 1.457285 287.944356
 327.000000 1.449291 287.941796
 327.500000 1.454290 287.943386
 328.000000 1.455215 287.943495
 328.500000 1.440710 287.938760
 329.000000 1.462250 287.945858
 329.500000 1.445501 287.940506
 330.000000 1.458176 287.944520
 330.500000 1.446125 287.940684
 331.000000 1.460117 287.944976
 331.500000 1.451113 287.942354
 332.000000 1.442070 287.939285
 332.500000 1.461059 287.945297
 333.000000 1.449912 287.942023
 333.500000 1.449620 287.941801
 334.000000 1.449853 287.941855
 334.500000 1.451994 287.942607
 335.000000 1.455411 287.943582
 335.500000 1.454641 287.943461
 336.000000 1.445132 287.940410
 336.500000 1.455583 287.943696
 337.000000 1.442158 287.939276
 337.500000 1.457409 287.944144
 338.000000 1.445192 287.940281
 338.500000 1.455483 287.943679
 339.000000 1.443314 287.939677
 339.500000 1.455316 287.943676
 340.000000 1.448809 287.941512
 340.500000 1.440890 287.938873
 341.000000 1.450417 287.941980
 341.500000 1.452332 287.942603
 342.000000 1.448587 287.941205
 342.500000 1.454434 287.943354
 343.000000 1.453080 287.942781
 343.500000 1.450704 287.942030
 344.000000 1.454202 287.943358
 344.500000 1.450456 287.942092
 345.000000 1.458539 287.944665
 345.500000 1.449616 287.941790
 346.000000 1.447641 287.940995
 346.500000 1.460984 287.945312
 347.000000 1.441416 287.938964
 347.500000 1.454676 287.943414
 348.000000 1.451694 287.942336
 348.500000 1.449233 287.941634
 349.000000 1.460366 287.945174
 349.500000 1.448273 287.941163
 350.000000 1.455992 287.943875
 350.500000 1.447332 287.940951
 351.000000 1.452392 287.942685
 351.500000 1.449923 287.941781
 352.000000 1.459686 287.944930
 352.500000 1.450209 287.942101
 353.000000 1.458451 287.944333
 353.500000 1.451414 287.942311
 354.000000 1.455268 287.943546
 354.500000 1.454196 287.943023
 355.000000 1.446031 287.940507
 355.500000 1.454028 287.943259
 356.000000 1.461959 287.945683
 356.500000 1.444594 287.940060
 357.000000 1.457853 287.944235
 357.500000 1.447793 287.941026
 358.000000 1.454814 287.943403
 358.500000 1.454504 287.943347
 359.000000 1.445417 287.940392
 359.500000 1.464073 287.946242
 360.000000 1.437731 287.937418
 360.500000 1.466244 287.946911
 361.000000 1.448386 287.941376
 361.500000 1.444256 287.939970
 362.000000 1.463410 287.946009
 362.500000 1.439656 287.938473
 363.000000 1.461830 287.945606
 363.500000 1.446632 287.940827
 364.000000 1.451961 287.942562
 364.500000 1.453634 287.943072
 365.000000 1.449695 287.941754
 365.500000 1.453898 287.943171
 366.000000 1.454721 287.943433
 366.500000 1.444178 287.940230
 367.000000 1.457500 287.944406
 367.500000 1.459216 287.944704
 368.000000 1.445066 287.940471
 368.500000 1.456973 287.944250
 369.000000 1.452996 287.942877
 369.500000 1.453038 287.942837
 370.000000 1.454263 287.943421
 370.500000 1.448448 287.941427
 371.000000 1.460909 287.945348
 371.500000 1.440641 287.938941
 372.000000 1.463703 287.946158
 372.500000 1.445866 287.940623
 373.000000 1.456164 287.943716
 373.500000 1.449914 287.941971
 374.000000 1.449566 287.941242
 374.500000 1.450079 287.941863
 375.000000 1.445281 287.940436
 375.500000 1.458327 287.944536
 376.000000 1.440467 287.938541
 376.500000 1.458056 287.944479
 377.000000 1.446427 287.940768
 377.500000 1.453068 287.942869
 378.000000 1.451155 287.942165
 378.500000 1.453462 287.943142
 379.000000 1.445122 287.940336
 379.500000 1.453651 287.943235
 380.000000 1.453439 287.943022
 380.500000 1.456724 287.944130
 381.000000 1.447991 287.941161
 381.500000 1.453853 287.943119
 382.000000 1.445158 287.940269
 382.500000 1.454198 287.943280
 383.000000 1.451612 287.942458
 383.500000 1.448149 287.941285
 384.000000 1.444843 287.940376
 384.500000 1.459577 287.944899
 385.000000 1.451368 287.942337
 385.500000 1.455957 287.943810
 386.000000 1.450011 287.941913
 386.500000 1.443678 287.939687
 387.000000 1.457968 287.944466
 387.500000 1.449138 287.941763
 388.000000 1.453443 287.942949
 388.500000 1.454941 287.943393
 389.000000 1.456718 287.944068
 389.500000 1.454342 287.943352
 390.000000 1.453210 287.943066
 390.500000 1.457164 287.944231
 391.000000 1.447168 287.941192
 391.500000 1.457397 287.944342
 392.000000 1.446991 287.941072
 392.500000 1.465880 287.946830
 393.000000 1.444069 287.939910
 393.500000 1.453787 287.943256
 394.000000 1.458645 287.944698
 394.500000 1.445408 287.940428
 395.000000 1.462145 287.945816
 395.500000 1.446838 287.941047
 396.000000 1.465171 287.946596
 396.500000 1.448712 287.941586
 397.000000 1.457147 287.944194
 397.500000 1.458043 287.944519
 398.000000 1.448230 287.941451
 398.500000 1.461162 287.945525
 399.000000 1.447471 287.941201
 399.500000 1.461226 287.945391
 400.000000 1.455685 287.943723
