#! FIELDS time refcv.mean refcv.morethan
 0.000000 1.033131 287.135679
 0.500000 0.922781 285.604331
 1.000000 0.897205 284.928264
 1.500000 0.946900 286.139096
 2.000000 0.955520 286.296289
 2.500000 0.930417 285.807362
 3.000000 0.919775 285.590101
 3.500000 0.952588 286.248270
 4.000000 0.955777 286.316525
 4.500000 0.918123 285.553583
 5.000000 0.930189 285.841141
 5.500000 0.954984 286.306316
 6.000000 0.952682 286.260648
 6.500000 0.927775 285.793988
 7.000000 0.951586 286.267075
 7.500000 0.956852 286.287970
 8.000000 0.937222 285.920595
 8.500000 0.934509 285.918036
 9.000000 0.945481 286.141938
 9.500000 0.950866 286.200071
 10.000000 0.933369 285.821707
 10.500000 0.950394 286.212951
 11.000000 0.942274 286.103669
 11.500000 0.953428 286.258624
 12.000000 0.939236 285.977919
 12.500000 0.935144 285.926312
 13.000000 0.944750 286.119583
 13.500000 0.944801 286.102291
 14.000000 0.937397 285.997985
 14.500000 0.948471 286.200263
 15.000000 0.942296 286.076365
 15.500000 0.945640 286.130590
 16.000000 0.931715 285.831975
 16.500000 0.932365 285.826149
 17.000000 0.945424 286.085919
 17.500000 0.942061 286.076045
 18.000000 0.947029 286.170371
 18.500000 0.937201 285.940069
 19.000000 0.961879 286.408800
 19.500000 0.939358 285.972653
 20.000000 0.933219 285.970863
 20.500000 0.951865 286.218958
 21.000000 0.946390 286.115887
 21.500000 0.952292 286.252023
 22.000000 0.947194 286.156788
 22.500000 0.949805 286.216749
 23.000000 0.950485 286.208837
 23.500000 0.930919 285.829913
 24.000000 0.951191 286.242998
 24.500000 0.953496 286.237464
 25.000000 0.946660 286.165392
 25.500000 0.934366 285.910457
 26.000000 0.947468 286.120163
 26.500000 0.964698 286.415987
 27.000000 0.941339 286.017248
 27.500000 0.935928 285.977914
 28.000000 0.945307 286.137198
 28.500000 0.958979 286.346670
 29.000000 0.945445 286.102143
 29.500000 0.937966 285.983761
 30.000000 0.949209 286.167709
 30.500000 0.942375 286.065863
 31.000000 0.940256 286.026454
 31.500000 0.942187 286.033508
 32.000000 0.959690 286.347931
 32.500000 0.958577 286.339576
 33.000000 0.932758 285.896376
 33.500000 0.945691 286.131501
 34.000000 0.957353 286.307026
 34.500000 0.957383 286.320371
 35.000000 0.947406 286.176712
 35.500000 0.945308 286.050897
 36.000000 0.957672 286.321668
 36.500000 0.945179 286.126180
 37.000000 0.939589 286.032954
 37.500000 0.954301 286.261961
 38.000000 0.942421 286.023122
 38.500000 0.934675 285.898844
 39.000000 0.941091 286.096546
 39.500000 0.943962 286.081536
 40.000000 0.957680 286.294751
 40.500000 0.930725 285.825823
 41.000000 0.947708 286.129584
 41.500000 0.948142 286.151074
 42.000000 0.946975 286.159645
 42.500000 0.936980 285.983886
 43.000000 0.938580 285.993450
 43.500000 0.949414 286.205420
 44.000000 0.942500 286.025683
 44.500000 0.943773 286.124299
 45.000000 0.934206 285.910200
 45.500000 0.954106 286.305648
 46.000000 0.930650 285.842872
 46.500000 0.937764 285.983621
 47.000000 0.935098 285.900468
 47.500000 0.941352 285.999086
 48.000000 0.944765 286.130907
 48.500000 0.931707 285.840256
 49.000000 0.939924 286.008654
 49.500000 0.919137 285.513023
 50.000000 0.937397 285.987797
 50.500000 0.937185 285.907559
 51.000000 0.939905 286.048112
 51.500000 0.930436 285.798420
 52.000000 0.947127 286.135812
 52.500000 0.935139 285.893589
 53.000000 0.937435 285.986955
 53.500000 0.938613 285.985046
 54.000000 0.933428 285.879079
 54.500000 0.943972 286.049391
 55.000000 0.929635 285.873407
 55.500000 0.947476 286.136511
 56.000000 0.936858 285.930279
 56.500000 0.931625 285.830695
 57.000000 0.940230 286.059598
 57.500000 0.944593 286.091573
 58.000000 0.930804 285.790526
 58.500000 0.931535 285.846475
 59.000000 0.939473 285.999329
 59.500000 0.933865 285.889089
 60.000000 0.929571 285.796705
 60.500000 0.942297 286.028116
 61.000000 0.939329 285.991826
 61.500000 0.948701 286.199270
 62.000000 0.937534 285.965677
 62.500000 0.942666 286.066004
 63.000000 0.931970 285.864423
 63.500000 0.939546 286.041100
 64.000000 0.942200 286.028905
 64.500000 0.939545 286.039416
 65.000000 0.946545 286.159200
 65.500000 0.938840 285.991437
 66.000000 0.937980 285.895698
 66.500000 0.948392 286.183382
 67.000000 0.936095 285.886917
 67.500000 0.948011 286.095331
 68.000000 0.943868 286.095615
 68.500000 0.946270 286.089181
 69.000000 0.931748 285.856301
 69.500000 0.943824 286.086442
 70.000000 0.942785 286.072410
 70.500000 0.941825 286.056909
 71.000000 0.934984 285.922493
 71.500000 0.948362 286.177541
 72.000000 0.939182 286.014323
 72.500000 0.926137 285.667937
 73.000000 0.942872 286.048152
 73.500000 0.944226 286.038664
 74.000000 0.948170 286.117626
 74.500000 0.942103 286.094838
 75.000000 0.941607 285.987618
 75.500000 0.940677 286.007923
 76.000000 0.941761 285.988544
 76.500000 0.946357 286.105562
 77.000000 0.958856 286.345959
 77.500000 0.942705 286.089213
 78.000000 0.937786 285.879065
 78.500000 0.949043 286.190383
 79.000000 0.963522 286.422910
 79.500000 0.943450 286.069371
 80.000000 0.940853 286.020813
 80.500000 0.944392 286.113545
 81.000000 0.947654 286.172139
 81.500000 0.948354 286.150726
 82.000000 0.950890 286.249822
 82.500000 0.939800 286.006949
 83.000000 0.941198 286.065441
 83.500000 0.948063 286.155895
 84.000000 0.940699 286.056478
 84.500000 0.933605 285.842591
 85.000000 0.945495 286.141600
 85.500000 0.936783 285.960977
 86.000000 0.941119 286.003682
 86.500000 0.955154 286.283861
 87.000000 0.946881 286.146517
 87.500000 0.950680 286.184957
 88.000000 0.942677 286.073194
 88.500000 0.936138 285.942607
 89.000000 0.954591 286.295568
 89.500000 0.960249 286.344075
 90.000000 0.939071 286.009923
 90.500000 0.939473 286.042774
 91.000000 0.941865 286.057576
 91.500000 0.949641 286.227620
 92.000000 0.937980 285.978144
 92.500000 0.936298 285.889467
 93.000000 0.943175 286.076824
 93.500000 0.941397 286.055308
 94.000000 0.939504 286.033839
 94.500000 0.955354 286.285703
 95.000000 0.944142 286.100171
 95.500000 0.932778 285.878708
 96.000000 0.935286 285.931154
 96.500000 0.946760 286.148259
 97.000000 0.945094 286.131868
 97.500000 0.938260 286.000133
 98.000000 0.936987 285.934624
 98.500000 0.948062 286.189592
 99.000000 0.936051 285.892187
 99.500000 0.937547 285.931603
 100.000000 0.925727 285.662287
 100.500000 0.949372 286.172126
 101.000000 0.932667 285.892390
 101.500000 0.940773 286.018594
 102.000000 0.947530 286.137818
 102.500000 0.948998 286.222729
 103.000000 0.952064 286.180039
 103.500000 0.931286 285.858042
 104.000000 0.942384 286.093618
 104.500000 0.942889 286.075681
 105.000000 0.951549 286.205473
 105.500000 0.945183 286.097219
 106.000000 0.936586 285.886154
 106.500000 0.951384 286.222777
 107.000000 0.948622 286.163104
 107.500000 0.938927 285.999381
 108.000000 0.940876 286.056486
 108.500000 0.951743 286.217681
 109.000000 0.943565 286.100265
 109.500000 0.943887 286.030564
 110.000000 0.938466 286.022529
 110.500000 0.935480 285.916244
 111.000000 0.956513 286.289042
 111.500000 0.936898 285.952150
 112.000000 0.942000 286.042760
 112.500000 0.945892 286.083294
 113.000000 0.934306 285.807453
 113.500000 0.947906 286.138933
 114.000000 0.948261 286.152617
 114.500000 0.924965 285.630937
 115.000000 0.941636 286.047606
 115.500000 0.935991 285.950503
 116.000000 0.952010 286.221524
 116.500000 0.941000 285.976644
 117.000000 0.946380 286.184723
 117.500000 0.939205 285.995255
 118.000000 0.934124 285.874218
 118.500000 0.941140 286.024688
 119.000000 0.948257 286.175380
 119.500000 0.949358 286.207473
 120.000000 0.943506 286.075171
 120.500000 0.938908 286.017033
 121.000000 0.939308 286.022744
 121.500000 0.954850 286.242308
 122.000000 0.943855 286.080582
 122.500000 0.936330 285.905076
 123.000000 0.939247 286.025533
 123.500000 0.946508 286.144447
 124.000000 0.950701 286.172666
 124.500000 0.938764 285.961049
 125.000000 0.935238 285.938368
 125.500000 0.942345 286.039122
 126.000000 0.942795 286.071871
 126.500000 0.952788 286.279260
 127.000000 0.934028 285.823086
 127.500000 0.947260 286.104897
 128.000000 0.955923 286.306014
 128.500000 0.938004 285.983756
 129.000000 0.940515 285.978011
 129.500000 0.958763 286.313857
 130.000000 0.943358 286.087452
 130.500000 0.937206 285.969989
 131.000000 0.948499 286.162780
 131.500000 0.941731 286.044553
 132.000000 0.946301 286.152727
 132.500000 0.931469 285.791018
 133.000000 0.937469 285.912875
 133.500000 0.955544 286.299341
 134.000000 0.948926 286.165732
 134.500000 0.947277 286.148634
 135.000000 0.946983 286.156771
 135.500000 0.946807 286.091331
 136.000000 0.947961 286.206749
 136.500000 0.946823 286.139409
 137.000000 0.941523 285.983811
 137.500000 0.930510 285.818512
 138.000000 0.946367 286.068220
 138.500000 0.941330 286.058479
 139.000000 0.943648 286.083862
 139.500000 0.953503 286.230220
 140.000000 0.938092 285.924817
 140.500000 0.933961 285.902986
 141.000000 0.943637 286.076558
 141.500000 0.950600 286.211145
 142.000000 0.936362 285.946702
 142.500000 0.936812 285.931435
 143.000000 0.940705 286.027929
 143.500000 0.939200 285.991189
 144.000000 0.941260 286.073183
 144.500000 0.923570 285.632139
 145.000000 0.938561 285.942809
 145.500000 0.942930 286.067059
 146.000000 0.942141 286.009900
 146.500000 0.930322 285.759637
 147.000000 0.933651 285.866706
 147.500000 0.951653 286.210776
 148.000000 0.948354 286.182335
 148.500000 0.944776 286.057851
 149.000000 0.932889 285.860590
 149.500000 0.940462 286.062966
 150.000000 0.946618 286.111389
 150.500000 0.939979 285.979184
 151.000000 0.937332 285.979276
 151.500000 0.948083 286.166349
 152.000000 0.947933 286.165165
 152.500000 0.937856 285.979309
 153.000000 0.934489 285.808718
 153.500000 0.955972 286.274829
 154.000000 0.938555 285.938939
 154.500000 0.936476 285.972893
 155.000000 0.947602 286.167324
 155.500000 0.940188 285.969976
 156.000000 0.949372 286.197158
 156.500000 0.949288 285.994296
 157.000000 0.949444 286.183689
 157.500000 0.947211 286.154528
 158.000000 0.944095 286.130447
 158.500000 0.945923 286.131761
 159.000000 0.953191 286.238725
 159.500000 0.942876 286.089816
 160.000000 0.940182 286.031487
 160.500000 0.934108 285.867726
 161.000000 0.953356 286.250438
 161.500000 0.941932 286.061373
 162.000000 0.942055 286.077194
 162.500000 0.936942 285.882173
 163.000000 0.954067 286.273341
 163.500000 0.941071 286.049094
 164.000000 0.922485 285.589111
 164.500000 0.943372 286.081987
 165.000000 0.938109 285.976085
 165.500000 0.935750 285.959090
 166.000000 0.936352 285.980377
 166.500000 0.932993 285.871416
 167.000000 0.955059 286.300238
 167.500000 0.944399 286.067011
 168.000000 0.933756 285.828169
 168.500000 0.934640 285.858626
 169.000000 0.948445 286.135115
 169.500000 0.935527 285.880483
 170.000000 0.923247 285.634687
 170.500000 0.946799 286.128824
 171.000000 0.935743 285.945704
 171.500000 0.947091 286.150115
 172.000000 0.935189 285.897539
 172.500000 0.936133 285.910214
 173.000000 0.928797 285.761646
 173.500000 0.933137 285.868490
 174.000000 0.944806 286.054451
 174.500000 0.937327 285.954457
 175.000000 0.940736 286.042509
 175.500000 0.933921 285.924142
 176.000000 0.939965 286.018682
 176.500000 0.941895 286.056243
 177.000000 0.949260 286.161221
 177.500000 0.936933 285.972085
 178.000000 0.937516 285.961325
 178.500000 0.943318 286.077913
 179.000000 0.944751 286.060138
 179.500000 0.942703 286.024342
 180.000000 0.936939 285.850962
 180.500000 0.933611 285.891239
 181.000000 0.943437 286.047980
 181.500000 0.938346 285.954111
 182.000000 0.937888 285.915017
 182.500000 0.949386 286.186578
 183.000000 0.932922 285.873703
 183.500000 0.942376 285.948270
 184.000000 0.934283 285.872015
 184.500000 0.946281 286.135267
 185.000000 0.942675 285.987558
 185.500000 0.949783 286.204947
 186.000000 0.930485 285.763354
 186.500000 0.939099 285.980452
 187.000000 0.938000 285.947580
 187.500000 0.951634 286.242123
 188.000000 0.939053 285.995320
 188.500000 0.934431 285.849433
 189.000000 0.937702 285.952495
 189.500000 0.946174 286.113371
 190.000000 0.939253 286.021958
 190.500000 0.926838 285.749436
 191.000000 0.936541 285.944631
 191.500000 0.937276 285.902994
 192.000000 0.939291 285.967225
 192.500000 0.930360 285.806497
 193.000000 0.939948 286.033493
 193.500000 0.948385 286.150569
 194.000000 0.942990 286.053798
 194.500000 0.931845 285.860222
 195.000000 0.948489 286.170004
 195.500000 0.952120 286.209418
 196.000000 0.929008 285.821243
 196.500000 0.941921 286.025059
 197.000000 0.932278 285.896312
 197.500000 0.953004 286.176087
 198.000000 0.931087 285.764574
 198.500000 0.944169 286.080163
 199.000000 0.933940 285.850279
 199.500000 0.947446 286.166288
 200.000000 0.929369 285.799826
 200.500000 0.946110 286.151313
 201.000000 0.937728 285.916417
 201.500000 0.942264 286.035770
 202.000000 0.935356 285.969701
 202.500000 0.942406 286.067250
 203.000000 0.957139 286.286283
 203.500000 0.932357 285.887880
 204.000000 0.935144 285.909348
 204.500000 0.948098 286.157388
 205.000000 0.952599 286.266787
 205.500000 0.928634 285.756802
 206.000000 0.946153 286.168450
 206.500000 0.947614 286.102729
 207.000000 0.948214 286.135841
 207.500000 0.947342 286.076156
 208.000000 0.938828 285.996952
 208.500000 0.942559 286.056378
 209.000000 0.950610 286.188055
 209.500000 0.941775 285.983061
 210.000000 0.940477 286.059752
 210.500000 0.943249 286.032355
 211.000000 0.938947 286.038371
 211.500000 0.940550 286.030409
 212.000000 0.934169 285.876697
 212.500000 0.940626 286.053949
 213.000000 0.937054 285.855326
 213.500000 0.941264 286.083183
 214.000000 0.931486 285.842904
 214.500000 0.942380 286.038049
 215.000000 0.943889 286.084246
 215.500000 0.942752 286.042638
 216.000000 0.937922 285.908825
 216.500000 0.928651 285.742901
 217.000000 0.940494 285.998646
 217.500000 0.933694 285.894315
 218.000000 0.935215 285.903794
 218.500000 0.932440 285.788171
 219.000000 0.934929 285.723430
 219.500000 0.944249 286.025838
 220.000000 0.935421 285.936773
 220.500000 0.935762 285.952213
 221.000000 0.940687 286.048537
 221.500000 0.946508 286.172012
 222.000000 0.947733 286.181970
 222.500000 0.937110 285.909128
 223.000000 0.938754 286.013151
 223.500000 0.934700 285.917951
 224.000000 0.947058 286.148796
 224.500000 0.939443 286.005388
 225.000000 0.931713 285.868147
 225.500000 0.949499 286.147001
 226.000000 0.930779 285.811679
 226.500000 0.947785 286.157727
 227.000000 0.935030 285.903592
 227.500000 0.956439 286.307743
 228.000000 0.919495 285.391588
 228.500000 0.939262 286.005011
 229.000000 0.935931 285.894828
 229.500000 0.937978 286.004596
 230.000000 0.920404 285.553739
 230.500000 0.941083 286.047808
 231.000000 0.938710 285.999667
 231.500000 0.921563 285.510551
 232.000000 0.929001 285.785998
 232.500000 0.940271 286.016315
 233.000000 0.937007 285.881369
 233.500000 0.944382 286.083699
 234.000000 0.931731 285.652047
 234.500000 0.940441 285.959896
 235.000000 0.940591 285.974750
 235.500000 0.944800 286.085507
 236.000000 0.921908 285.655280
 236.500000 0.944663 286.062539
 237.000000 0.936990 285.957855
 237.500000 0.948916 286.160617
 238.000000 0.933844 285.890657
 238.500000 0.945744 286.086493
 239.000000 0.947911 286.148164
 239.500000 0.937163 285.937110
 240.000000 0.933565 285.808186
 240.500000 0.936508 285.947969
 241.000000 0.946747 286.115742
 241.500000 0.934075 285.873031
 242.000000 0.934355 285.882762
 242.500000 0.930166 285.824765
 243.000000 0.930339 285.751574
 243.500000 0.954315 286.295411
 244.000000 0.941792 286.030289
 244.500000 0.931276 285.885773
 245.000000 0.934387 285.889130
 245.500000 0.946034 286.062406
 246.000000 0.934185 285.939778
 246.500000 0.956395 286.292402
 247.000000 0.941155 286.020834
 247.500000 0.939298 285.996881
 248.000000 0.948614 286.101535
 248.500000 0.949980 286.224175
 249.000000 0.935069 285.925493
 249.500000 0.946019 286.154099
 250.000000 0.950574 286.215769
 250.500000 0.934703 285.876847
 251.000000 0.942710 286.082887
 251.500000 0.937913 285.960596
 252.000000 0.951653 286.207103
 252.500000 0.942927 286.060884
 253.000000 0.936058 285.900033
 253.500000 0.931898 285.873858
 254.000000 0.949829 286.210061
 254.500000 0.951300 286.237744
 255.000000 0.940980 285.998576
 255.500000 0.947188 286.159025
 256.000000 0.949064 286.201145
 256.500000 0.938256 285.965407
 257.000000 0.946901 286.097653
 257.500000 0.942610 286.113568
 258.000000 0.936568 285.957354
 258.500000 0.933628 285.860202
 259.000000 0.941058 286.067979
 259.500000 0.954754 286.264060
 260.000000 0.938645 285.992298
 260.500000 0.944325 286.083668
 261.000000 0.934604 285.814869
 261.500000 0.953740 286.273455
 262.000000 0.932538 285.817057
 262.500000 0.944164 286.104789
 263.000000 0.927801 285.751278
 263.500000 0.937710 285.757799
 264.000000 0.936824 285.871671
 264.500000 0.945961 286.111472
 265.000000 0.944238 285.986064
 265.500000 0.943172 286.060602
 266.000000 0.937503 285.794728
 266.500000 0.954622 286.252411
 267.000000 0.940587 286.012554
 267.500000 0.942709 286.097583
 268.000000 0.939863 286.018047
 268.500000 0.956058 286.297780
 269.000000 0.942893 286.052293
 269.500000 0.947575 286.158781
 270.000000 0.939153 285.914502
 270.500000 0.946381 286.140698
 271.000000 0.943870 286.043796
 271.500000 0.937453 285.956644
 272.000000 0.948259 286.136742
 272.500000 0.932753 285.885579
 273.000000 0.928429 285.818569
 273.500000 0.940595 286.017587
 274.000000 0.946302 286.085737
 274.500000 0.937890 285.972529
 275.000000 0.940927 286.003180
 275.500000 0.937589 285.958055
 276.000000 0.944285 286.089163
 276.500000 0.948795 286.197107
 277.000000 0.943534 286.114182
 277.500000 0.931123 285.827918
 278.000000 0.942958 286.060316
 278.500000 0.944699 286.114328
 279.000000 0.940334 286.019382
 279.500000 0.943111 286.076858
 280.000000 0.943478 286.074364
 280.500000 0.946613 286.104660
 281.000000 0.933874 285.942729
 281.500000 0.936150 285.888505
 282.000000 0.933106 285.860190
 282.500000 0.942915 286.021119
 283.000000 0.945331 286.099242
 283.500000 0.935305 285.900346
 284.000000 0.944773 286.033674
 284.500000 0.943237 286.105068
 285.000000 0.952318 286.239467
 285.500000 0.935777 285.884869
 286.000000 0.945346 286.112279
 286.500000 0.946487 286.076959
 287.000000 0.944196 286.115073
 287.500000 0.944266 286.098555
 288.000000 0.939492 286.033185
 288.500000 0.958833 286.357369
 289.000000 0.936475 285.864025
 289.500000 0.940373 286.032535
 290.000000 0.945416 286.151099
 290.500000 0.945768 286.129536
 291.000000 0.943229 286.068025
 291.500000 0.939166 286.016242
 292.000000 0.945595 286.132178
 292.500000 0.945489 286.129026
 293.000000 0.934580 285.929735
 293.500000 0.945860 286.081024
 294.000000 0.942559 286.098023
 294.500000 0.941120 286.037390
 295.000000 0.938279 285.964096
 295.500000 0.942067 286.064960
 296.000000 0.934245 285.948006
 296.500000 0.932777 285.845097
 297.000000 0.948680 286.215844
 297.500000 0.945374 286.060724
 298.000000 0.941258 286.054044
 298.500000 0.946719 286.126491
 299.000000 0.945494 286.122943
 299.500000 0.940285 285.998438
 300.000000 0.944448 286.082743
 300.500000 0.938717 285.989090
 301.000000 0.939456 286.044025
 301.500000 0.940688 286.045435
 302.000000 0.935798 285.896826
 302.500000 0.952609 286.253324
 303.000000 0.945860 286.075432
 303.500000 0.928364 285.734208
 304.000000 0.936947 285.953483
 304.500000 0.942265 286.032971
 305.000000 0.945938 286.083821
 305.500000 0.929425 285.784517
 306.000000 0.934508 285.842206
 306.500000 0.947946 286.157366
 307.000000 0.933896 285.907641
 307.500000 0.924923 285.714354
 308.000000 0.942120 286.069773
 308.500000 0.931301 285.861376
 309.000000 0.940376 286.020510
 309.500000 0.925640 285.691257
 310.000000 0.947392 285.994935
 310.500000 0.930019 285.806806
 311.000000 0.918769 285.472972
 311.500000 0.944113 286.044414
 312.000000 0.941682 286.046273
 312.500000 0.930569 285.840762
 313.000000 0.933243 285.853944
 313.500000 0.923565 285.575416
 314.000000 0.940507 285.953804
 314.500000 0.931672 285.835767
 315.000000 0.929117 285.719646
 315.500000 0.927829 285.757490
 316.000000 0.928932 285.811622
 316.500000 0.928551 285.784593
 317.000000 0.941866 286.038914
 317.500000 0.937682 285.879606
 318.000000 0.939080 286.014531
 318.500000 0.928534 285.768824
 319.000000 0.931494 285.727216
 319.500000 0.941863 286.081437
 320.000000 0.931898 285.854085
 320.500000 0.940408 285.946570
 321.000000 0.942399 286.116402
 321.500000 0.928022 285.758756
 322.000000 0.942830 286.025884
 322.500000 0.945409 286.098148
 323.000000 0.931170 285.788611
 323.500000 0.936433 285.872376
 324.000000 0.933749 285.901038
 324.500000 0.930788 285.760668
 325.000000 0.937359 285.998957
 325.500000 0.941031 286.043076
 326.000000 0.924803 285.734696
 326.500000 0.949771 286.204161
 327.000000 0.940640 286.036946
 327.500000 0.940233 285.997334
 328.000000 0.951602 286.075599
 328.500000 0.925554 285.620542
 329.000000 0.949731 286.183074
 329.500000 0.936143 285.960309
 330.000000 0.948987 286.194389
 330.500000 0.932288 285.810747
 331.000000 0.945914 286.019496
 331.500000 0.936356 285.943173
 332.000000 0.935325 285.811061
 332.500000 0.932552 285.789957
 333.000000 0.939328 286.020472
 333.500000 0.940493 286.018078
 334.000000 0.926994 285.712283
 334.500000 0.933627 285.882075
 335.000000 0.943952 286.040591
 335.500000 0.954561 286.278893
 336.000000 0.925549 285.737149
 336.500000 0.931570 285.838520
 337.000000 0.933942 285.874875
 337.500000 0.947410 286.168441
 338.000000 0.933216 285.840058
 338.500000 0.940095 286.006842
 339.000000 0.940348 285.994483
 339.500000 0.931672 285.870134
 340.000000 0.934824 285.896365
 340.500000 0.939978 286.028952
 341.000000 0.929008 285.790171
 341.500000 0.933027 285.880726
 342.000000 0.936791 285.867627
 342.500000 0.947301 286.140446
 343.000000 0.939333 285.903865
 343.500000 0.935859 285.837935
 344.000000 0.939439 286.013265
 344.500000 0.942857 286.018719
 345.000000 0.941772 286.045155
 345.500000 0.938794 285.983677
 346.000000 0.934425 285.788613
 346.500000 0.937096 285.954255
 347.000000 0.930210 285.789659
 347.500000 0.944352 286.093464
 348.000000 0.932147 285.853930
 348.500000 0.935081 285.912596
 349.000000 0.953736 286.272874
 349.500000 0.933336 285.876459
 350.000000 0.940876 286.032780
 350.500000 0.935127 285.861539
 351.000000 0.937224 285.940890
 351.500000 0.935554 285.915734
 352.000000 0.951121 286.230898
 352.500000 0.939324 286.043848
 353.000000 0.947610 286.144037
 353.500000 0.937231 285.988211
 354.000000 0.941718 286.010694
 354.500000 0.947606 286.131454
 355.000000 0.938536 285.959042
 355.500000 0.929478 285.839393
 356.000000 0.951229 286.218544
 356.500000 0.941696 286.047507
 357.000000 0.934109 285.887988
 357.500000 0.927413 285.721369
 358.000000 0.945086 286.059545
 358.500000 0.935344 285.929214
 359.000000 0.936768 285.967907
 359.500000 0.946401 286.129491
 360.000000 0.924118 285.620753
 360.500000 0.953529 286.178348
 361.000000 0.939063 285.991584
 361.500000 0.925626 285.734826
 362.000000 0.940809 285.983899
 362.500000 0.937336 285.970211
 363.000000 0.946489 286.122624
 363.500000 0.927878 285.793500
 364.000000 0.942332 286.079637
 364.500000 0.940372 286.003649
 365.000000 0.933493 285.840274
 365.500000 0.935589 285.884258
 366.000000 0.938227 285.991716
 366.500000 0.945072 286.144662
 367.000000 0.937991 286.003601
 367.500000 0.931633 285.778216
 368.000000 0.947927 286.181237
 368.500000 0.949986 286.231028
 369.000000 0.931265 285.840230
 369.500000 0.942460 286.015510
 370.000000 0.952095 286.242162
 370.500000 0.932095 285.848593
 371.000000 0.946166 286.043017
 371.500000 0.935061 285.935844
 372.000000 0.943080 286.080384
 372.500000 0.935250 285.925501
 373.000000 0.940686 285.982464
 373.500000 0.937404 285.898669
 374.000000 0.933546 285.627911
 374.500000 0.935202 285.920912
 375.000000 0.922651 285.642947
 375.500000 0.935262 285.890901
 376.000000 0.930037 285.742595
 376.500000 0.939582 286.025348
 377.000000 0.934819 285.890034
 377.500000 0.927518 285.736740
 378.000000 0.932994 285.795749
 378.500000 0.948159 286.169803
 379.000000 0.920514 285.599443
 379.500000 0.937706 286.006101
 380.000000 0.939780 285.994253
 380.500000 0.947339 286.173682
 381.000000 0.938738 285.951696
 381.500000 0.935298 285.967795
 382.000000 0.931802 285.798705
 382.500000 0.948192 286.084693
 383.000000 0.924525 285.663893
 383.500000 0.932584 285.835117
 384.000000 0.942836 286.102523
 384.500000 0.936878 285.946265
 385.000000 0.937314 285.960281
 385.500000 0.942713 286.072327
 386.000000 0.931952 285.877038
 386.500000 0.930383 285.741387
 387.000000 0.934831 285.937224
 387.500000 0.936758 285.974222
 388.000000 0.939910 285.993589
 388.500000 0.941619 286.013528
 389.000000 0.946206 286.128480
 389.500000 0.948042 286.176794
 390.000000 0.945036 286.131117
 390.500000 0.934077 285.935592
 391.000000 0.933038 285.946303
 391.500000 0.954205 286.273891
 392.000000 0.944423 286.099482
 392.500000 0.938366 285.989831
 393.000000 0.937916 285.950185
 393.500000 0.948077 286.167910
 394.000000 0.947141 286.151196
 394.500000 0.930975 285.863777
 395.000000 0.951157 286.225013
 395.500000 0.946291 286.173731
 396.000000 0.959476 286.354247
 396.500000 0.941712 286.067335
 397.000000 0.945351 286.097845
 397.500000 0.954622 286.294596
 398.000000 0.940338 286.027705
 398.500000 0.942895 286.109123
 399.000000 0.951679 286.214280
 399.500000 0.948688 286.158171
 400.000000 0.945011 286.055712
