#! FIELDS time refcv.mean refcv.morethan
 0.000000 0.960681 286.455030
 0.500000 0.651238 235.340671
 1.000000 0.595740 212.861026
 1.500000 0.718916 262.592571
 2.000000 0.734003 266.993633
 2.500000 0.677492 249.105705
 3.000000 0.647357 238.323328
 3.500000 0.730565 265.559351
 4.000000 0.741446 269.937009
 4.500000 0.641939 236.850794
 5.000000 0.674900 249.416131
 5.500000 0.736191 269.103422
 6.000000 0.725805 265.884831
 6.500000 0.667759 247.439423
 7.000000 0.722600 267.334359
 7.500000 0.745467 267.273707
 8.000000 0.688964 252.288523
 8.500000 0.681957 251.902923
 9.000000 0.713206 262.702894
 9.500000 0.722686 263.330227
 10.000000 0.688787 249.757484
 10.500000 0.723050 264.395678
 11.000000 0.705168 261.612927
 11.500000 0.730319 265.928768
 12.000000 0.695102 254.407888
 12.500000 0.696712 256.764025
 13.000000 0.706979 261.906473
 13.500000 0.711131 260.371083
 14.000000 0.693109 255.921540
 14.500000 0.716581 264.592155
 15.000000 0.708957 260.485956
 15.500000 0.707172 260.374892
 16.000000 0.685330 251.155280
 16.500000 0.684631 250.901801
 17.000000 0.710482 259.758182
 17.500000 0.710248 261.364941
 18.000000 0.712052 262.726857
 18.500000 0.695823 257.547289
 19.000000 0.752064 272.109162
 19.500000 0.703667 255.956706
 20.000000 0.679211 256.178023
 20.500000 0.728054 265.778381
 21.000000 0.719871 263.080306
 21.500000 0.724336 264.834853
 22.000000 0.720962 263.623823
 22.500000 0.722299 265.050940
 23.000000 0.723019 263.943797
 23.500000 0.682266 252.581603
 24.000000 0.719969 265.639266
 24.500000 0.736015 267.101858
 25.000000 0.715935 263.974254
 25.500000 0.686097 252.451549
 26.000000 0.721890 262.451616
 26.500000 0.758688 270.882256
 27.000000 0.706972 258.610238
 27.500000 0.685106 255.637675
 28.000000 0.714049 262.688527
 28.500000 0.748548 269.923561
 29.000000 0.710550 260.253979
 29.500000 0.699164 257.641920
 30.000000 0.723178 263.649997
 30.500000 0.710407 260.296369
 31.000000 0.698920 257.436331
 31.500000 0.705322 261.020929
 32.000000 0.750080 270.023706
 32.500000 0.743487 269.144845
 33.000000 0.685984 253.426682
 33.500000 0.712073 261.994209
 34.000000 0.745242 267.787431
 34.500000 0.739761 267.595634
 35.000000 0.719766 264.216353
 35.500000 0.712927 261.898213
 36.000000 0.742141 268.465075
 36.500000 0.716064 262.518933
 37.000000 0.697251 258.018749
 37.500000 0.736053 266.023218
 38.000000 0.710050 259.046806
 38.500000 0.687820 251.745712
 39.000000 0.702741 262.192481
 39.500000 0.711929 260.139166
 40.000000 0.740087 266.038846
 40.500000 0.685674 252.585950
 41.000000 0.713896 260.365274
 41.500000 0.723880 262.306248
 42.000000 0.715736 263.178767
 42.500000 0.691003 256.040424
 43.000000 0.701318 257.444015
 43.500000 0.719792 264.245540
 44.000000 0.711861 258.850989
 44.500000 0.702520 260.942136
 45.000000 0.688862 253.362412
 45.500000 0.733193 269.650235
 46.000000 0.677999 250.315885
 46.500000 0.696230 257.311813
 47.000000 0.690074 254.830434
 47.500000 0.706878 256.902888
 48.000000 0.713587 263.012930
 48.500000 0.678717 249.810815
 49.000000 0.704740 257.528719
 49.500000 0.657908 241.156640
 50.000000 0.693865 256.886868
 50.500000 0.700671 255.484357
 51.000000 0.696941 259.971032
 51.500000 0.681402 252.345923
 52.000000 0.716441 261.929787
 52.500000 0.689856 250.216764
 53.000000 0.696708 258.223164
 53.500000 0.696345 257.030185
 54.000000 0.688354 252.039718
 54.500000 0.709892 258.387565
 55.000000 0.675168 252.770647
 55.500000 0.716140 261.187324
 56.000000 0.697586 255.015489
 56.500000 0.676837 249.493117
 57.000000 0.699909 259.844847
 57.500000 0.715386 260.556760
 58.000000 0.679154 248.288796
 58.500000 0.681945 249.492817
 59.000000 0.698814 255.735245
 59.500000 0.688358 252.468674
 60.000000 0.676385 248.691179
 60.500000 0.705666 260.546273
 61.000000 0.702190 258.241797
 61.500000 0.717707 264.158477
 62.000000 0.699806 257.929374
 62.500000 0.702551 258.225924
 63.000000 0.683680 252.446487
 63.500000 0.700630 259.111906
 64.000000 0.705678 257.750415
 64.500000 0.703097 260.211229
 65.000000 0.713124 262.943136
 65.500000 0.699014 256.539848
 66.000000 0.697406 254.455360
 66.500000 0.722829 264.438116
 67.000000 0.691932 252.639594
 67.500000 0.716921 260.164068
 68.000000 0.714716 261.629681
 68.500000 0.715146 258.610234
 69.000000 0.683289 253.768307
 69.500000 0.707207 259.222629
 70.000000 0.707693 259.292484
 70.500000 0.706122 258.696678
 71.000000 0.686470 254.101146
 71.500000 0.720985 263.624855
 72.000000 0.703314 257.573881
 72.500000 0.669496 245.042250
 73.000000 0.705435 258.662867
 73.500000 0.717628 261.739901
 74.000000 0.716765 261.560398
 74.500000 0.706301 261.010033
 75.000000 0.709390 256.514939
 75.500000 0.698494 255.815635
 76.000000 0.712382 260.892866
 76.500000 0.712750 259.698759
 77.000000 0.747813 269.932480
 77.500000 0.709394 260.380868
 78.000000 0.694412 252.942098
 78.500000 0.724249 264.419882
 79.000000 0.755190 272.031002
 79.500000 0.712102 259.298714
 80.000000 0.701018 256.150408
 80.500000 0.715246 262.353371
 81.000000 0.719000 263.381185
 81.500000 0.721779 262.840545
 82.000000 0.732795 268.783340
 82.500000 0.698433 257.937079
 83.000000 0.705016 260.574472
 83.500000 0.722298 263.201925
 84.000000 0.700637 258.284596
 84.500000 0.689866 251.717675
 85.000000 0.713615 262.940099
 85.500000 0.690684 253.680138
 86.000000 0.710248 258.596793
 86.500000 0.735867 266.218918
 87.000000 0.717086 262.949821
 87.500000 0.731782 265.106441
 88.000000 0.702574 258.839900
 88.500000 0.692245 253.926892
 89.000000 0.740087 269.716126
 89.500000 0.744041 267.527271
 90.000000 0.702876 259.206404
 90.500000 0.692771 257.546009
 91.000000 0.709338 260.250984
 91.500000 0.723379 266.402363
 92.000000 0.694270 255.598167
 92.500000 0.697631 253.228470
 93.000000 0.705590 258.886201
 93.500000 0.708083 260.126588
 94.000000 0.696959 257.444641
 94.500000 0.739431 268.057878
 95.000000 0.714925 261.774248
 95.500000 0.677960 250.893303
 96.000000 0.693637 255.575313
 96.500000 0.717493 262.217413
 97.000000 0.712867 262.817270
 97.500000 0.696213 256.134750
 98.000000 0.695477 256.033601
 98.500000 0.720594 264.598072
 99.000000 0.694537 252.704612
 99.500000 0.691251 252.300755
 100.000000 0.675865 247.416692
 100.500000 0.719398 261.996625
 101.000000 0.686513 252.549863
 101.500000 0.700647 256.185239
 102.000000 0.720527 261.434502
 102.500000 0.723294 267.334950
 103.000000 0.728181 262.739621
 103.500000 0.682573 251.519509
 104.000000 0.702396 260.555236
 104.500000 0.709052 259.180173
 105.000000 0.728789 263.937388
 105.500000 0.712948 259.547119
 106.000000 0.695545 252.554570
 106.500000 0.727659 265.133886
 107.000000 0.725809 265.410791
 107.500000 0.696406 256.128786
 108.000000 0.702881 259.699313
 108.500000 0.730988 264.273848
 109.000000 0.707775 261.293012
 109.500000 0.715929 260.671542
 110.000000 0.692113 257.435367
 110.500000 0.693697 254.228853
 111.000000 0.741230 266.607019
 111.500000 0.695004 255.032907
 112.000000 0.704218 257.485828
 112.500000 0.714460 261.386893
 113.000000 0.688653 251.208599
 113.500000 0.716853 261.198393
 114.000000 0.723450 262.961261
 114.500000 0.669911 242.563660
 115.000000 0.697757 256.608823
 115.500000 0.694946 256.580335
 116.000000 0.730190 265.519730
 116.500000 0.702826 256.499234
 117.000000 0.716050 265.483406
 117.500000 0.698276 258.531417
 118.000000 0.686338 254.434400
 118.500000 0.702150 260.085567
 119.000000 0.720896 263.919374
 119.500000 0.720280 264.343132
 120.000000 0.710096 258.567286
 120.500000 0.696216 256.435056
 121.000000 0.700512 258.976965
 121.500000 0.737082 265.081249
 122.000000 0.709577 259.356781
 122.500000 0.696711 253.709351
 123.000000 0.695686 256.582514
 123.500000 0.719128 263.316454
 124.000000 0.728919 264.683974
 124.500000 0.694778 253.675622
 125.000000 0.692760 255.171761
 125.500000 0.705223 256.495103
 126.000000 0.711294 261.342483
 126.500000 0.731532 268.533024
 127.000000 0.682459 250.918680
 127.500000 0.723029 262.386392
 128.000000 0.738224 268.661618
 128.500000 0.695078 255.847556
 129.000000 0.705062 255.881237
 129.500000 0.745176 267.985011
 130.000000 0.709962 260.548481
 130.500000 0.694721 254.982366
 131.000000 0.717371 261.610526
 131.500000 0.708977 259.343918
 132.000000 0.712906 261.880308
 132.500000 0.684211 250.334021
 133.000000 0.697015 254.617033
 133.500000 0.738802 268.753000
 134.000000 0.723481 263.940476
 134.500000 0.715642 261.522645
 135.000000 0.721932 264.386366
 135.500000 0.712961 262.505736
 136.000000 0.717576 265.442811
 136.500000 0.715860 260.956704
 137.000000 0.703522 255.194151
 137.500000 0.679714 249.861191
 138.000000 0.719366 261.152358
 138.500000 0.704302 260.526706
 139.000000 0.700677 257.078784
 139.500000 0.741605 265.620748
 140.000000 0.698170 253.895350
 140.500000 0.683428 250.752416
 141.000000 0.713956 259.945282
 141.500000 0.723365 264.723755
 142.000000 0.694394 254.445264
 142.500000 0.693628 254.358246
 143.000000 0.704279 258.531257
 143.500000 0.699356 255.657962
 144.000000 0.702656 259.615077
 144.500000 0.667379 242.500846
 145.000000 0.696638 253.576711
 145.500000 0.713213 260.524405
 146.000000 0.706324 257.469944
 146.500000 0.676530 247.687801
 147.000000 0.690527 253.864890
 147.500000 0.725932 263.913038
 148.000000 0.721962 264.785854
 148.500000 0.714813 258.959242
 149.000000 0.684345 250.905653
 149.500000 0.703414 260.403781
 150.000000 0.719117 261.364995
 150.500000 0.699828 254.836685
 151.000000 0.693648 255.866596
 151.500000 0.722751 263.101383
 152.000000 0.722352 264.862165
 152.500000 0.690758 253.650355
 153.000000 0.692501 252.776315
 153.500000 0.741695 266.069036
 154.000000 0.700282 255.865875
 154.500000 0.693131 256.972975
 155.000000 0.717813 263.941165
 155.500000 0.702433 257.750876
 156.000000 0.722188 263.517628
 156.500000 0.728376 263.663910
 157.000000 0.724079 264.339436
 157.500000 0.713110 262.717903
 158.000000 0.711739 263.030485
 158.500000 0.713602 261.387931
 159.000000 0.734231 264.452896
 159.500000 0.712090 261.554092
 160.000000 0.694545 256.341280
 160.500000 0.690883 254.686734
 161.000000 0.736592 266.465327
 161.500000 0.706914 258.952056
 162.000000 0.703151 259.620968
 162.500000 0.696391 257.259459
 163.000000 0.732483 266.810925
 163.500000 0.708717 260.245345
 164.000000 0.657862 238.352740
 164.500000 0.709540 261.355111
 165.000000 0.700810 258.876115
 165.500000 0.688166 255.322765
 166.000000 0.692754 256.774704
 166.500000 0.682256 250.066606
 167.000000 0.736824 268.247065
 167.500000 0.709839 259.562277
 168.000000 0.685551 251.328003
 168.500000 0.693782 255.304622
 169.000000 0.716652 261.489407
 169.500000 0.696027 252.529815
 170.000000 0.663940 243.262094
 170.500000 0.714548 261.895735
 171.000000 0.694703 255.258577
 171.500000 0.714157 261.477998
 172.000000 0.692850 253.362998
 172.500000 0.694453 252.862564
 173.000000 0.676660 249.843505
 173.500000 0.683556 251.276074
 174.000000 0.717801 259.308583
 174.500000 0.693596 254.960664
 175.000000 0.700950 257.317516
 175.500000 0.688402 254.023111
 176.000000 0.694867 254.572201
 176.500000 0.705407 258.982572
 177.000000 0.726547 262.463516
 177.500000 0.690158 254.335757
 178.000000 0.692705 255.652485
 178.500000 0.711164 260.334619
 179.000000 0.711615 258.502224
 179.500000 0.709493 259.078390
 180.000000 0.693418 252.771542
 180.500000 0.686120 252.732202
 181.000000 0.713444 259.100173
 181.500000 0.695840 254.386761
 182.000000 0.696405 252.124930
 182.500000 0.722246 263.591438
 183.000000 0.686713 253.021098
 183.500000 0.706755 256.847262
 184.000000 0.691995 252.664759
 184.500000 0.713504 261.550657
 185.000000 0.708078 257.178224
 185.500000 0.723560 265.071158
 186.000000 0.681973 248.263349
 186.500000 0.700494 255.912529
 187.000000 0.698052 257.494895
 187.500000 0.724816 265.516135
 188.000000 0.700189 257.492101
 188.500000 0.690181 254.689384
 189.000000 0.694803 252.630522
 189.500000 0.720319 262.176993
 190.000000 0.699063 257.478205
 190.500000 0.667141 244.956719
 191.000000 0.696910 255.249115
 191.500000 0.691931 253.243861
 192.000000 0.702752 256.070766
 192.500000 0.679049 248.230662
 193.000000 0.697936 257.339522
 193.500000 0.725020 264.312960
 194.000000 0.706021 258.334122
 194.500000 0.679964 251.839467
 195.000000 0.724286 263.599376
 195.500000 0.725554 266.094905
 196.000000 0.678908 250.277893
 196.500000 0.700808 254.671305
 197.000000 0.685986 254.339718
 197.500000 0.734859 264.917118
 198.000000 0.681171 248.053318
 198.500000 0.711500 259.887478
 199.000000 0.689490 252.368139
 199.500000 0.715230 262.499541
 200.000000 0.677973 251.107739
 200.500000 0.714240 263.770187
 201.000000 0.697684 256.161992
 201.500000 0.703897 257.207406
 202.000000 0.691203 257.664302
 202.500000 0.705660 258.741763
 203.000000 0.744109 266.603150
 203.500000 0.683569 252.863296
 204.000000 0.683352 250.295837
 204.500000 0.727057 264.038832
 205.000000 0.727052 266.776716
 205.500000 0.675433 248.120783
 206.000000 0.714181 264.236637
 206.500000 0.720031 259.169206
 207.000000 0.723715 262.302159
 207.500000 0.716583 259.556039
 208.000000 0.699471 256.600975
 208.500000 0.708692 258.185881
 209.000000 0.719420 263.206955
 209.500000 0.711951 258.139672
 210.000000 0.697166 258.843319
 210.500000 0.709270 258.346390
 211.000000 0.698359 260.201104
 211.500000 0.699162 256.558693
 212.000000 0.688877 251.205853
 212.500000 0.700144 259.607792
 213.000000 0.697697 254.114013
 213.500000 0.698184 259.401231
 214.000000 0.682340 251.587010
 214.500000 0.707894 259.106453
 215.000000 0.708313 260.458994
 215.500000 0.708888 258.018092
 216.000000 0.699877 254.143870
 216.500000 0.674226 245.922523
 217.000000 0.705457 257.542618
 217.500000 0.686848 251.536672
 218.000000 0.689344 253.474974
 218.500000 0.682702 250.542577
 219.000000 0.694818 253.184530
 219.500000 0.711232 258.632304
 220.000000 0.691990 254.769644
 220.500000 0.687713 254.179316
 221.000000 0.702330 260.412874
 221.500000 0.714451 263.204481
 222.000000 0.714346 263.140818
 222.500000 0.701585 256.607815
 223.000000 0.690770 255.505733
 223.500000 0.690050 254.766198
 224.000000 0.721234 264.597580
 224.500000 0.694513 253.048646
 225.000000 0.681442 251.497213
 225.500000 0.723331 264.865495
 226.000000 0.682319 251.563226
 226.500000 0.715468 261.149234
 227.000000 0.696808 254.723760
 227.500000 0.732862 266.637863
 228.000000 0.661349 242.140381
 228.500000 0.699085 255.733490
 229.000000 0.694562 254.842564
 229.500000 0.695255 256.975280
 230.000000 0.655035 237.466840
 230.500000 0.702788 258.550109
 231.000000 0.700613 258.128182
 231.500000 0.660124 239.123734
 232.000000 0.671739 247.938380
 232.500000 0.706243 258.768867
 233.000000 0.692714 249.837655
 233.500000 0.714085 259.837676
 234.000000 0.683806 245.243986
 234.500000 0.701643 256.061087
 235.000000 0.705595 256.699987
 235.500000 0.709654 258.750954
 236.000000 0.662124 244.341577
 236.500000 0.710584 257.824229
 237.000000 0.697703 254.856548
 237.500000 0.719959 262.940499
 238.000000 0.689486 253.178847
 238.500000 0.716055 260.107121
 239.000000 0.718992 261.739900
 239.500000 0.702761 256.018463
 240.000000 0.682711 247.124843
 240.500000 0.697093 257.099269
 241.000000 0.718847 261.557597
 241.500000 0.688175 251.029808
 242.000000 0.690533 251.330157
 242.500000 0.678546 248.535023
 243.000000 0.683942 249.934018
 243.500000 0.735271 268.613302
 244.000000 0.707901 257.927079
 244.500000 0.673833 250.584548
 245.000000 0.693959 254.864122
 245.500000 0.716053 257.918389
 246.000000 0.690360 255.487161
 246.500000 0.739718 266.806659
 247.000000 0.703172 257.950933
 247.500000 0.700110 257.143127
 248.000000 0.725920 262.581675
 248.500000 0.725313 265.981105
 249.000000 0.686816 252.373372
 249.500000 0.717321 263.895959
 250.000000 0.725522 264.861418
 250.500000 0.693159 253.164142
 251.000000 0.708309 260.146422
 251.500000 0.698317 256.519610
 252.000000 0.728785 264.931077
 252.500000 0.711801 259.161132
 253.000000 0.692980 253.831805
 253.500000 0.681396 251.533603
 254.000000 0.727281 265.965869
 254.500000 0.727587 266.215209
 255.000000 0.705836 259.140790
 255.500000 0.719542 263.002291
 256.000000 0.718532 264.197962
 256.500000 0.700142 254.762480
 257.000000 0.716555 259.643945
 257.500000 0.706966 262.694585
 258.000000 0.692783 255.054283
 258.500000 0.685982 249.593219
 259.000000 0.705423 260.743481
 259.500000 0.734011 265.612973
 260.000000 0.702534 258.485916
 260.500000 0.708544 258.835467
 261.000000 0.692764 251.512441
 261.500000 0.733956 267.625484
 262.000000 0.686706 250.260284
 262.500000 0.710694 260.705692
 263.000000 0.675994 248.237093
 263.500000 0.700453 249.854163
 264.000000 0.697785 254.101011
 264.500000 0.715212 260.225603
 265.000000 0.715782 259.224932
 265.500000 0.708449 258.746469
 266.000000 0.692883 253.058394
 266.500000 0.744342 266.790407
 267.000000 0.703238 256.770720
 267.500000 0.701768 259.649984
 268.000000 0.702593 257.460060
 268.500000 0.739194 266.579247
 269.000000 0.709825 258.850552
 269.500000 0.716559 261.475949
 270.000000 0.702412 254.551677
 270.500000 0.720793 262.952871
 271.000000 0.707279 257.125660
 271.500000 0.692935 254.216399
 272.000000 0.728696 263.491606
 272.500000 0.681909 250.185353
 273.000000 0.669617 247.880448
 273.500000 0.707518 259.821194
 274.000000 0.715830 259.936882
 274.500000 0.697461 256.715716
 275.000000 0.704596 259.190916
 275.500000 0.695996 255.266394
 276.000000 0.712178 259.242603
 276.500000 0.720804 264.559567
 277.000000 0.709734 262.425262
 277.500000 0.681115 249.301386
 278.000000 0.707561 258.039257
 278.500000 0.716897 262.795909
 279.000000 0.697649 257.305735
 279.500000 0.710912 260.862077
 280.000000 0.708928 258.494867
 280.500000 0.716918 259.644815
 281.000000 0.691293 255.957662
 281.500000 0.689550 252.598527
 282.000000 0.686837 252.421058
 282.500000 0.710397 258.355232
 283.000000 0.713832 259.885870
 283.500000 0.694217 252.960245
 284.000000 0.706645 256.495251
 284.500000 0.715406 262.880869
 285.000000 0.729159 265.601988
 285.500000 0.692159 251.549076
 286.000000 0.716554 261.765171
 286.500000 0.716384 261.037006
 287.000000 0.714874 263.631598
 287.500000 0.707002 259.438316
 288.000000 0.699323 256.988215
 288.500000 0.744823 270.038026
 289.000000 0.697396 252.124400
 289.500000 0.702505 257.586238
 290.000000 0.711995 262.668904
 290.500000 0.719432 264.167326
 291.000000 0.705991 260.236684
 291.500000 0.704611 259.584865
 292.000000 0.714181 261.532554
 292.500000 0.711495 261.741258
 293.000000 0.691419 254.625255
 293.500000 0.714867 259.660319
 294.000000 0.709699 262.529732
 294.500000 0.702428 258.326067
 295.000000 0.697620 255.505970
 295.500000 0.709170 260.227784
 296.000000 0.683533 253.751309
 296.500000 0.685042 252.139969
 297.000000 0.721257 266.147381
 297.500000 0.714275 260.001346
 298.000000 0.704219 259.428138
 298.500000 0.715708 260.030821
 299.000000 0.715460 262.115032
 299.500000 0.703917 257.867108
 300.000000 0.712541 261.248136
 300.500000 0.695969 255.487014
 301.000000 0.703374 260.673503
 301.500000 0.701935 258.523631
 302.000000 0.690865 251.183347
 302.500000 0.730061 265.853753
 303.000000 0.717017 260.215519
 303.500000 0.674068 248.267982
 304.000000 0.690204 253.588797
 304.500000 0.712476 259.395400
 305.000000 0.713721 262.249068
 305.500000 0.676348 246.887872
 306.000000 0.690139 251.917065
 306.500000 0.720942 263.286937
 307.000000 0.692274 255.441101
 307.500000 0.660231 244.293833
 308.000000 0.706399 261.219913
 308.500000 0.682951 251.691731
 309.000000 0.702270 256.598568
 309.500000 0.671773 247.840782
 310.000000 0.720605 262.337189
 310.500000 0.681200 250.683183
 311.000000 0.654698 239.877311
 311.500000 0.713154 258.623089
 312.000000 0.709061 259.961645
 312.500000 0.679628 250.105932
 313.000000 0.682800 248.963906
 313.500000 0.670587 245.679116
 314.000000 0.701712 258.870164
 314.500000 0.681650 251.217140
 315.000000 0.678583 249.997885
 315.500000 0.674517 248.713429
 316.000000 0.672314 247.567026
 316.500000 0.678271 248.978582
 317.000000 0.707269 258.085734
 317.500000 0.696876 252.359603
 318.000000 0.699895 257.525819
 318.500000 0.670140 246.439054
 319.000000 0.689638 250.701171
 319.500000 0.703091 260.536761
 320.000000 0.679069 250.225276
 320.500000 0.705878 255.879440
 321.000000 0.703316 262.150251
 321.500000 0.675187 247.644974
 322.000000 0.707081 257.170719
 322.500000 0.719145 263.706603
 323.000000 0.677055 249.475545
 323.500000 0.695135 251.707454
 324.000000 0.686719 252.736057
 324.500000 0.677301 247.935648
 325.000000 0.700126 258.973741
 325.500000 0.698575 256.946964
 326.000000 0.667017 246.615521
 326.500000 0.723215 265.128943
 327.000000 0.704377 258.309133
 327.500000 0.701781 256.675337
 328.000000 0.732155 265.456385
 328.500000 0.675789 245.994423
 329.000000 0.720889 262.901049
 329.500000 0.694060 256.114885
 330.000000 0.718695 263.867620
 330.500000 0.686451 251.383570
 331.000000 0.715067 259.236788
 331.500000 0.692348 254.187837
 332.000000 0.695459 253.480765
 332.500000 0.680412 250.988075
 333.000000 0.701333 257.198861
 333.500000 0.703613 257.734077
 334.000000 0.671398 244.542418
 334.500000 0.686335 251.803976
 335.000000 0.710889 259.205523
 335.500000 0.737794 267.819873
 336.000000 0.668703 246.475933
 336.500000 0.678693 248.276294
 337.000000 0.691851 253.168472
 337.500000 0.716640 262.729072
 338.000000 0.688013 253.010954
 338.500000 0.701272 255.368167
 339.000000 0.707373 257.866828
 339.500000 0.677817 250.251455
 340.000000 0.689007 252.131046
 340.500000 0.707015 260.107047
 341.000000 0.676229 248.450220
 341.500000 0.685704 253.202292
 342.000000 0.698192 252.025699
 342.500000 0.718542 262.688144
 343.000000 0.701281 255.341905
 343.500000 0.695753 254.496257
 344.000000 0.697566 257.578243
 344.500000 0.710134 256.720754
 345.000000 0.702808 256.462301
 345.500000 0.700321 255.643707
 346.000000 0.693033 252.891285
 346.500000 0.690313 254.730117
 347.000000 0.684098 249.404970
 347.500000 0.710197 259.449090
 348.000000 0.682468 249.826844
 348.500000 0.690084 253.127113
 349.000000 0.731729 266.921758
 349.500000 0.687595 253.550029
 350.000000 0.701837 256.242002
 350.500000 0.692849 250.643477
 351.000000 0.695630 253.886691
 351.500000 0.691238 252.774881
 352.000000 0.724850 265.578009
 352.500000 0.698880 258.556144
 353.000000 0.717189 260.980047
 353.500000 0.695053 257.378343
 354.000000 0.703101 255.839218
 354.500000 0.721670 261.582144
 355.000000 0.699738 256.839913
 355.500000 0.671848 247.695074
 356.000000 0.725168 264.786810
 356.500000 0.710630 259.865603
 357.000000 0.684367 250.884472
 357.500000 0.673897 245.616612
 358.000000 0.714505 260.306973
 358.500000 0.688715 252.748449
 359.000000 0.697099 256.944683
 359.500000 0.711444 260.848780
 360.000000 0.670696 244.152755
 360.500000 0.729715 262.159715
 361.000000 0.701085 256.250527
 361.500000 0.670136 246.542932
 362.000000 0.698374 254.505011
 362.500000 0.701514 256.805302
 363.000000 0.714344 260.216383
 363.500000 0.674065 249.105093
 364.000000 0.706416 260.363635
 364.500000 0.703040 255.921067
 365.000000 0.687545 250.770505
 365.500000 0.690755 252.427035
 366.000000 0.692880 255.706153
 366.500000 0.716199 264.179437
 367.000000 0.692362 256.669138
 367.500000 0.679754 246.669435
 368.000000 0.725478 264.905126
 368.500000 0.721683 266.160596
 369.000000 0.679573 248.454120
 369.500000 0.709971 257.422044
 370.000000 0.732443 266.728693
 370.500000 0.684202 250.500638
 371.000000 0.714255 257.122912
 371.500000 0.694720 255.142414
 372.000000 0.702855 257.172431
 372.500000 0.693426 255.031405
 373.000000 0.702348 255.693433
 373.500000 0.697412 254.747947
 374.000000 0.691142 253.370303
 374.500000 0.690008 254.509637
 375.000000 0.661953 239.913828
 375.500000 0.687431 251.153307
 376.000000 0.684355 249.215307
 376.500000 0.696523 257.482276
 377.000000 0.691075 253.646138
 377.500000 0.671313 242.996452
 378.000000 0.685848 249.757412
 378.500000 0.721560 262.990841
 379.000000 0.655327 241.129287
 379.500000 0.693718 257.088609
 380.000000 0.702178 257.114286
 380.500000 0.717012 263.708307
 381.000000 0.702784 255.234490
 381.500000 0.687348 255.323122
 382.000000 0.686591 250.254614
 382.500000 0.721939 263.371292
 383.000000 0.665294 245.070216
 383.500000 0.686526 251.106161
 384.000000 0.711574 262.203319
 384.500000 0.689328 252.984201
 385.000000 0.694879 255.373068
 385.500000 0.708109 260.872486
 386.000000 0.680945 251.429897
 386.500000 0.683725 249.884030
 387.000000 0.686376 253.504181
 387.500000 0.693867 256.307963
 388.000000 0.701015 255.956857
 388.500000 0.705837 257.148292
 389.000000 0.714815 261.293036
 389.500000 0.720438 264.517703
 390.000000 0.713568 262.253718
 390.500000 0.683821 253.816213
 391.000000 0.686253 256.169698
 391.500000 0.735914 267.119010
 392.000000 0.716686 261.210143
 392.500000 0.689857 252.957116
 393.000000 0.701331 256.333625
 393.500000 0.720870 264.023945
 394.000000 0.715276 263.006030
 394.500000 0.682361 253.572868
 395.000000 0.725179 265.531400
 395.500000 0.719387 265.710978
 396.000000 0.745535 269.523936
 396.500000 0.707225 260.457699
 397.000000 0.712220 259.820421
 397.500000 0.735355 268.395574
 398.000000 0.705187 259.715384
 398.500000 0.703795 260.817854
 399.000000 0.735527 266.696015
 399.500000 0.718653 260.722725
 400.000000 0.714941 258.916113
