#! FIELDS time refcv.mean refcv.morethan
 0.000000 1.205826 287.748429
 0.500000 1.166931 287.663391
 1.000000 1.152752 287.626287
 1.500000 1.169658 287.673177
 2.000000 1.177481 287.691355
 2.500000 1.162342 287.653968
 3.000000 1.161820 287.652922
 3.500000 1.174346 287.684351
 4.000000 1.171393 287.678485
 4.500000 1.162066 287.653227
 5.000000 1.161515 287.653440
 5.500000 1.173739 287.684020
 6.000000 1.176764 287.690289
 6.500000 1.162266 287.655898
 7.000000 1.176115 287.689347
 7.500000 1.171128 287.676330
 8.000000 1.169746 287.671543
 8.500000 1.166221 287.665011
 9.000000 1.166896 287.667880
 9.500000 1.175952 287.686715
 10.000000 1.161978 287.652239
 10.500000 1.172850 287.680408
 11.000000 1.165240 287.664996
 11.500000 1.175379 287.686411
 12.000000 1.169889 287.672418
 12.500000 1.157464 287.643537
 13.000000 1.172017 287.678602
 13.500000 1.169062 287.671550
 14.000000 1.164074 287.661107
 14.500000 1.172109 287.679807
 15.000000 1.164723 287.662287
 15.500000 1.173824 287.683028
 16.000000 1.156928 287.640729
 16.500000 1.162501 287.653877
 17.000000 1.172286 287.678022
 17.500000 1.161612 287.654912
 18.000000 1.174459 287.684589
 18.500000 1.163029 287.656663
 19.000000 1.179700 287.696644
 19.500000 1.161782 287.653067
 20.000000 1.164149 287.662757
 20.500000 1.173593 287.681449
 21.000000 1.165963 287.664113
 21.500000 1.177661 287.691950
 22.000000 1.166926 287.666882
 22.500000 1.172214 287.679822
 23.000000 1.174441 287.683965
 23.500000 1.156721 287.640796
 24.000000 1.177493 287.691700
 24.500000 1.170915 287.675165
 25.000000 1.170054 287.675424
 25.500000 1.163727 287.658848
 26.000000 1.168944 287.670386
 26.500000 1.180918 287.698075
 27.000000 1.164790 287.660947
 27.500000 1.166950 287.667822
 28.000000 1.167143 287.668917
 28.500000 1.173973 287.683631
 29.000000 1.171752 287.676629
 29.500000 1.160484 287.650702
 30.000000 1.171658 287.677603
 30.500000 1.163460 287.658607
 31.000000 1.167465 287.667961
 31.500000 1.167210 287.666619
 32.000000 1.175708 287.688047
 32.500000 1.177144 287.690543
 33.000000 1.159839 287.649514
 33.500000 1.172167 287.679552
 34.000000 1.172943 287.680631
 34.500000 1.178026 287.692068
 35.000000 1.168741 287.672567
 35.500000 1.171211 287.674727
 36.000000 1.176797 287.689973
 36.500000 1.166003 287.665523
 37.000000 1.167703 287.668951
 37.500000 1.173668 287.682426
 38.000000 1.164710 287.660095
 38.500000 1.165340 287.661516
 39.000000 1.165404 287.665164
 39.500000 1.165977 287.664209
 40.000000 1.179922 287.695369
 40.500000 1.155370 287.638112
 41.000000 1.175470 287.684274
 41.500000 1.166387 287.665693
 42.000000 1.170181 287.675469
 42.500000 1.165649 287.664622
 43.000000 1.162221 287.655205
 43.500000 1.174536 287.684723
 44.000000 1.162772 287.655949
 44.500000 1.172888 287.681106
 45.000000 1.162045 287.655335
 45.500000 1.173209 287.683317
 46.000000 1.161052 287.652816
 46.500000 1.164101 287.660429
 47.000000 1.162478 287.655646
 47.500000 1.164969 287.660368
 48.000000 1.165311 287.663943
 48.500000 1.163433 287.656278
 49.000000 1.162757 287.656739
 49.500000 1.151031 287.624028
 50.000000 1.164028 287.660605
 50.500000 1.161451 287.651482
 51.000000 1.168196 287.670615
 51.500000 1.157575 287.642514
 52.000000 1.169858 287.673390
 52.500000 1.162470 287.655733
 53.000000 1.162381 287.656888
 53.500000 1.165492 287.662563
 54.000000 1.160469 287.650429
 54.500000 1.170075 287.673889
 55.000000 1.159118 287.649411
 55.500000 1.171664 287.677744
 56.000000 1.160574 287.650279
 56.500000 1.165005 287.661632
 57.000000 1.165752 287.664940
 57.500000 1.165670 287.664299
 58.000000 1.162693 287.653864
 58.500000 1.160072 287.649407
 59.000000 1.165581 287.662870
 59.500000 1.160625 287.650994
 60.000000 1.160089 287.649687
 60.500000 1.167268 287.666831
 61.000000 1.162697 287.655962
 61.500000 1.173551 287.682375
 62.000000 1.159431 287.649263
 62.500000 1.170975 287.675601
 63.000000 1.158590 287.646842
 63.500000 1.163529 287.659703
 64.000000 1.167719 287.667820
 64.500000 1.160532 287.652941
 65.000000 1.171391 287.677840
 65.500000 1.162656 287.656251
 66.000000 1.165089 287.657875
 66.500000 1.167812 287.670523
 67.000000 1.162771 287.655130
 67.500000 1.173876 287.680967
 68.000000 1.162383 287.657219
 68.500000 1.172454 287.677742
 69.000000 1.158293 287.645631
 69.500000 1.169540 287.672536
 70.000000 1.166056 287.665160
 70.500000 1.165932 287.664916
 71.000000 1.164623 287.660759
 71.500000 1.169489 287.672947
 72.000000 1.160130 287.651527
 72.500000 1.158158 287.643111
 73.000000 1.169219 287.671420
 73.500000 1.161534 287.653313
 74.000000 1.174093 287.682009
 74.500000 1.165438 287.664675
 75.000000 1.163256 287.655769
 75.500000 1.169779 287.673177
 76.000000 1.160653 287.650338
 76.500000 1.172422 287.679026
 77.000000 1.175904 287.688237
 77.500000 1.164065 287.661462
 78.000000 1.165889 287.661605
 78.500000 1.167967 287.670385
 79.000000 1.179771 287.696635
 79.500000 1.164123 287.659987
 80.000000 1.169043 287.670407
 80.500000 1.163654 287.659526
 81.000000 1.169342 287.673756
 81.500000 1.170766 287.675804
 82.000000 1.166393 287.667773
 82.500000 1.167735 287.668011
 83.000000 1.163430 287.659640
 83.500000 1.167786 287.668476
 84.000000 1.165467 287.664280
 84.500000 1.158806 287.645007
 85.000000 1.167435 287.668747
 85.500000 1.164539 287.661075
 86.000000 1.161450 287.652478
 86.500000 1.174392 287.684597
 87.000000 1.169477 287.673457
 87.500000 1.167403 287.667429
 88.000000 1.171815 287.677441
 88.500000 1.163047 287.657571
 89.000000 1.168157 287.670823
 89.500000 1.183296 287.702649
 90.000000 1.159837 287.649922
 90.500000 1.170321 287.675235
 91.000000 1.161499 287.653384
 91.500000 1.170395 287.676771
 92.000000 1.165876 287.663760
 92.500000 1.160449 287.649125
 93.000000 1.168185 287.669934
 93.500000 1.163408 287.659511
 94.000000 1.167134 287.668196
 94.500000 1.173156 287.682238
 95.000000 1.163840 287.659524
 95.500000 1.166897 287.665804
 96.000000 1.157764 287.644164
 96.500000 1.168104 287.670108
 97.000000 1.167240 287.667942
 97.500000 1.164804 287.662255
 98.000000 1.162481 287.654996
 98.500000 1.168047 287.670667
 99.000000 1.162018 287.652539
 99.500000 1.167668 287.666433
 100.000000 1.150393 287.621661
 100.500000 1.174220 287.683003
 101.000000 1.158387 287.646938
 101.500000 1.167524 287.668254
 102.000000 1.168605 287.670448
 102.500000 1.169063 287.673796
 103.000000 1.174501 287.682953
 103.500000 1.157440 287.643984
 104.000000 1.169222 287.673061
 104.500000 1.164779 287.661609
 105.000000 1.171660 287.677228
 105.500000 1.168125 287.668939
 106.000000 1.162313 287.653147
 106.500000 1.173580 287.682019
 107.000000 1.165831 287.665056
 107.500000 1.166707 287.665877
 108.000000 1.165428 287.663762
 108.500000 1.170493 287.674917
 109.000000 1.168962 287.672244
 109.500000 1.163580 287.657938
 110.000000 1.168289 287.670251
 110.500000 1.160541 287.650261
 111.000000 1.176169 287.687671
 111.500000 1.162105 287.654694
 112.000000 1.167333 287.667164
 112.500000 1.169010 287.670544
 113.000000 1.161944 287.651690
 113.500000 1.172085 287.677787
 114.000000 1.166707 287.665838
 114.500000 1.154860 287.633676
 115.000000 1.172195 287.677906
 115.500000 1.157917 287.644214
 116.000000 1.172641 287.680000
 116.500000 1.167747 287.666997
 117.000000 1.168192 287.671904
 117.500000 1.164609 287.661405
 118.000000 1.164536 287.659519
 118.500000 1.166684 287.666060
 119.000000 1.168086 287.670152
 119.500000 1.171546 287.679104
 120.000000 1.166736 287.666892
 120.500000 1.166558 287.667000
 121.000000 1.162379 287.656592
 121.500000 1.174009 287.682128
 122.000000 1.168338 287.670858
 122.500000 1.161018 287.650710
 123.000000 1.168344 287.670840
 123.500000 1.166249 287.665481
 124.000000 1.168872 287.670692
 124.500000 1.166945 287.665339
 125.000000 1.159961 287.650687
 125.500000 1.167448 287.667284
 126.000000 1.163309 287.658296
 126.500000 1.171138 287.678484
 127.000000 1.166241 287.663064
 127.500000 1.166311 287.664264
 128.000000 1.174355 287.684428
 128.500000 1.164891 287.661074
 129.000000 1.163717 287.656672
 129.500000 1.177565 287.691103
 130.000000 1.164905 287.662212
 130.500000 1.162873 287.657145
 131.000000 1.173904 287.682346
 131.500000 1.162028 287.655016
 132.000000 1.171240 287.677570
 132.500000 1.158285 287.643815
 133.000000 1.162998 287.654987
 133.500000 1.173650 287.682830
 134.000000 1.170751 287.674860
 134.500000 1.172249 287.678898
 135.000000 1.164234 287.661508
 135.500000 1.172493 287.677896
 136.000000 1.169921 287.676095
 136.500000 1.169415 287.672519
 137.000000 1.169476 287.671351
 137.500000 1.158728 287.646577
 138.000000 1.167891 287.667214
 138.500000 1.165121 287.663429
 139.000000 1.175202 287.685995
 139.500000 1.166200 287.664732
 140.000000 1.164666 287.659968
 140.500000 1.164743 287.661147
 141.000000 1.163899 287.659680
 141.500000 1.172754 287.681015
 142.000000 1.162871 287.656569
 142.500000 1.163198 287.656873
 143.000000 1.164125 287.659654
 143.500000 1.163145 287.656528
 144.000000 1.165824 287.665311
 144.500000 1.152645 287.629010
 145.000000 1.166616 287.663653
 145.500000 1.160363 287.651538
 146.000000 1.167504 287.666536
 146.500000 1.161670 287.651164
 147.000000 1.158064 287.645034
 147.500000 1.174054 287.683162
 148.000000 1.167621 287.668374
 148.500000 1.167211 287.666137
 149.000000 1.163629 287.657469
 149.500000 1.162703 287.658240
 150.000000 1.166953 287.666467
 150.500000 1.167189 287.666197
 151.000000 1.163553 287.659081
 151.500000 1.167429 287.668616
 152.000000 1.167124 287.668238
 152.500000 1.167567 287.668703
 153.000000 1.158851 287.642527
 153.500000 1.173575 287.681732
 154.000000 1.163331 287.656862
 154.500000 1.163709 287.659441
 155.000000 1.168533 287.671660
 155.500000 1.164289 287.658283
 156.000000 1.171041 287.677392
 156.500000 1.168423 287.665213
 157.000000 1.171008 287.676260
 157.500000 1.173074 287.680667
 158.000000 1.165024 287.664004
 158.500000 1.170215 287.674234
 159.000000 1.171512 287.677468
 159.500000 1.160502 287.652907
 160.000000 1.170879 287.676209
 160.500000 1.158419 287.645062
 161.000000 1.169928 287.674252
 161.500000 1.165273 287.663690
 162.000000 1.167466 287.668591
 162.500000 1.161631 287.652455
 163.000000 1.174522 287.684659
 163.500000 1.160024 287.651336
 164.000000 1.158931 287.644431
 164.500000 1.166186 287.665989
 165.000000 1.159818 287.650119
 165.500000 1.164283 287.661003
 166.000000 1.160709 287.652520
 166.500000 1.161486 287.653540
 167.000000 1.172613 287.681240
 167.500000 1.167420 287.666961
 168.000000 1.163798 287.657071
 168.500000 1.156321 287.639033
 169.000000 1.174388 287.682978
 169.500000 1.158028 287.643692
 170.000000 1.154308 287.632421
 170.500000 1.172504 287.679179
 171.000000 1.159171 287.647958
 171.500000 1.172848 287.680440
 172.000000 1.159277 287.647745
 172.500000 1.161032 287.651996
 173.000000 1.158188 287.643445
 173.500000 1.162828 287.656446
 174.000000 1.162781 287.656038
 174.500000 1.165008 287.661896
 175.000000 1.166653 287.666760
 175.500000 1.158634 287.647190
 176.000000 1.169831 287.673117
 176.500000 1.166621 287.666752
 177.000000 1.167221 287.667665
 177.500000 1.165785 287.664036
 178.000000 1.165443 287.663147
 178.500000 1.165171 287.662514
 179.000000 1.170363 287.672540
 179.500000 1.165046 287.661429
 180.000000 1.165700 287.660651
 180.500000 1.161495 287.653776
 181.000000 1.164284 287.659357
 181.500000 1.166880 287.664902
 182.000000 1.165414 287.660903
 182.500000 1.169949 287.674247
 183.000000 1.158280 287.643632
 183.500000 1.170470 287.671142
 184.000000 1.157689 287.642685
 184.500000 1.169608 287.673049
 185.000000 1.166729 287.664642
 185.500000 1.171146 287.677328
 186.000000 1.157897 287.642081
 186.500000 1.164470 287.660633
 187.000000 1.162648 287.656139
 187.500000 1.173960 287.683877
 188.000000 1.163063 287.657438
 188.500000 1.161150 287.650805
 189.000000 1.166580 287.664733
 189.500000 1.165020 287.662607
 190.000000 1.163569 287.659058
 190.500000 1.160259 287.649245
 191.000000 1.158639 287.646817
 191.500000 1.166962 287.664164
 192.000000 1.162574 287.655044
 192.500000 1.159209 287.647311
 193.000000 1.168758 287.671459
 193.500000 1.165387 287.663868
 194.000000 1.168938 287.670492
 194.500000 1.162406 287.655416
 195.000000 1.165610 287.664320
 195.500000 1.175220 287.685425
 196.000000 1.154080 287.635750
 196.500000 1.170251 287.672851
 197.000000 1.156950 287.642793
 197.500000 1.171314 287.675012
 198.000000 1.160656 287.648645
 198.500000 1.168053 287.668057
 199.000000 1.158832 287.645493
 199.500000 1.171843 287.678606
 200.000000 1.157398 287.642973
 200.500000 1.169106 287.672708
 201.000000 1.161921 287.653287
 201.500000 1.168678 287.670374
 202.000000 1.159492 287.650247
 202.500000 1.167578 287.668151
 203.000000 1.173990 287.682843
 203.500000 1.159573 287.650032
 204.000000 1.167969 287.668318
 204.500000 1.163345 287.658372
 205.000000 1.173780 287.684006
 205.500000 1.159599 287.646092
 206.000000 1.168412 287.672461
 206.500000 1.170428 287.673559
 207.000000 1.167228 287.666830
 207.500000 1.174313 287.679980
 208.000000 1.161911 287.654378
 208.500000 1.165767 287.664139
 209.000000 1.176155 287.686682
 209.500000 1.161046 287.650488
 210.000000 1.168334 287.670146
 210.500000 1.166550 287.663333
 211.000000 1.162647 287.657874
 211.500000 1.167815 287.668198
 212.000000 1.160440 287.650538
 212.500000 1.166037 287.665149
 213.000000 1.160657 287.647162
 213.500000 1.168755 287.672468
 214.000000 1.157767 287.644585
 214.500000 1.165924 287.662773
 215.000000 1.170176 287.674173
 215.500000 1.165255 287.662110
 216.000000 1.163506 287.655723
 216.500000 1.160768 287.650057
 217.000000 1.163235 287.656644
 217.500000 1.160994 287.651203
 218.000000 1.161655 287.653182
 218.500000 1.162951 287.654587
 219.000000 1.159737 287.645303
 219.500000 1.169838 287.670939
 220.000000 1.161006 287.652705
 220.500000 1.166346 287.664510
 221.000000 1.165167 287.663188
 221.500000 1.169494 287.674738
 222.000000 1.174111 287.683524
 222.500000 1.158824 287.645676
 223.000000 1.170456 287.674986
 223.500000 1.160041 287.648584
 224.000000 1.166927 287.667589
 224.500000 1.168370 287.669744
 225.000000 1.159283 287.649094
 225.500000 1.171037 287.676218
 226.000000 1.157183 287.640989
 226.500000 1.173749 287.682179
 227.000000 1.155050 287.637724
 227.500000 1.181706 287.699529
 228.000000 1.148866 287.613516
 228.500000 1.165595 287.663762
 229.000000 1.161633 287.652782
 229.500000 1.163526 287.659435
 230.000000 1.155713 287.635713
 230.500000 1.166693 287.666393
 231.000000 1.161194 287.653458
 231.500000 1.155307 287.634401
 232.000000 1.161138 287.652093
 232.500000 1.161473 287.653556
 233.000000 1.166409 287.662829
 233.500000 1.164341 287.661017
 234.000000 1.161588 287.647589
 234.500000 1.166199 287.661327
 235.000000 1.162684 287.653953
 235.500000 1.170156 287.673879
 236.000000 1.150782 287.626594
 236.500000 1.170511 287.672819
 237.000000 1.160564 287.651428
 237.500000 1.173156 287.680340
 238.000000 1.158598 287.645718
 238.500000 1.168889 287.670797
 239.000000 1.171429 287.677457
 239.500000 1.156943 287.641263
 240.000000 1.168444 287.665405
 240.500000 1.158225 287.645594
 241.000000 1.167530 287.667651
 241.500000 1.160815 287.650433
 242.000000 1.159749 287.648489
 242.500000 1.159415 287.648806
 243.000000 1.157536 287.641086
 243.500000 1.172194 287.680581
 244.000000 1.164955 287.661664
 244.500000 1.164746 287.662403
 245.000000 1.155888 287.638770
 245.500000 1.169777 287.670725
 246.000000 1.158300 287.646863
 246.500000 1.176367 287.688812
 247.000000 1.165921 287.663333
 247.500000 1.163826 287.659493
 248.000000 1.168733 287.668967
 248.500000 1.169611 287.674291
 249.000000 1.163849 287.659416
 249.500000 1.165261 287.664009
 250.000000 1.171564 287.677554
 250.500000 1.159553 287.647554
 251.000000 1.164865 287.661948
 251.500000 1.163134 287.657026
 252.000000 1.171946 287.678110
 252.500000 1.164718 287.661360
 253.000000 1.162472 287.654424
 253.500000 1.160642 287.651409
 254.000000 1.166422 287.666311
 254.500000 1.171774 287.679421
 255.000000 1.164276 287.659312
 255.500000 1.168540 287.670816
 256.000000 1.172291 287.680109
 256.500000 1.159566 287.649551
 257.000000 1.171035 287.674859
 257.500000 1.164536 287.663352
 258.000000 1.162919 287.656816
 258.500000 1.162777 287.655205
 259.000000 1.162003 287.657141
 259.500000 1.176386 287.688273
 260.000000 1.159470 287.648975
 260.500000 1.171511 287.676719
 261.000000 1.160081 287.646104
 261.500000 1.171458 287.678900
 262.000000 1.159502 287.646342
 262.500000 1.166839 287.667217
 263.000000 1.157711 287.643187
 263.500000 1.162578 287.649313
 264.000000 1.161370 287.650552
 264.500000 1.169567 287.672865
 265.000000 1.164350 287.656720
 265.500000 1.167498 287.668219
 266.000000 1.168263 287.665547
 266.500000 1.166680 287.665473
 267.000000 1.165757 287.663397
 267.500000 1.168819 287.672301
 268.000000 1.162950 287.657477
 268.500000 1.175977 287.688254
 269.000000 1.164692 287.661658
 269.500000 1.171624 287.678053
 270.000000 1.163417 287.654653
 270.500000 1.163736 287.660233
 271.000000 1.170216 287.673089
 271.500000 1.165485 287.662507
 272.000000 1.162010 287.654747
 272.500000 1.162030 287.654787
 273.000000 1.162831 287.657354
 273.500000 1.161231 287.653563
 274.000000 1.169695 287.671466
 274.500000 1.162057 287.655030
 275.000000 1.165295 287.661397
 275.500000 1.163445 287.657554
 276.000000 1.165974 287.664526
 276.500000 1.170740 287.676173
 277.000000 1.166108 287.665794
 277.500000 1.159745 287.648709
 278.000000 1.167822 287.668132
 278.500000 1.162221 287.656773
 279.000000 1.168125 287.668538
 279.500000 1.164814 287.661621
 280.000000 1.166331 287.665764
 280.500000 1.170647 287.674490
 281.000000 1.154968 287.639211
 281.500000 1.164976 287.659905
 282.000000 1.159166 287.646614
 282.500000 1.166602 287.663827
 283.000000 1.168622 287.669999
 283.500000 1.159085 287.647510
 284.000000 1.174556 287.681542
 284.500000 1.160092 287.652054
 285.000000 1.172931 287.681499
 285.500000 1.162658 287.654512
 286.000000 1.165369 287.663144
 286.500000 1.170163 287.671853
 287.000000 1.162360 287.657608
 287.500000 1.171689 287.677766
 288.000000 1.163658 287.660675
 288.500000 1.175842 287.688540
 289.000000 1.160589 287.647641
 289.500000 1.165518 287.663627
 290.000000 1.169184 287.673736
 290.500000 1.162308 287.657040
 291.000000 1.170151 287.673391
 291.500000 1.159439 287.649546
 292.000000 1.167366 287.668549
 292.500000 1.169200 287.672972
 293.000000 1.159866 287.650125
 293.500000 1.169870 287.672554
 294.000000 1.162628 287.657978
 294.500000 1.165807 287.663839
 295.000000 1.164676 287.660178
 295.500000 1.162828 287.657196
 296.000000 1.163211 287.658637
 296.500000 1.160039 287.649535
 297.000000 1.168511 287.672445
 297.500000 1.168082 287.667751
 298.000000 1.164672 287.662244
 298.500000 1.171133 287.676994
 299.000000 1.167104 287.667040
 299.500000 1.163205 287.656854
 300.000000 1.167107 287.668021
 300.500000 1.166525 287.664851
 301.000000 1.160960 287.653741
 301.500000 1.164269 287.660879
 302.000000 1.163727 287.657932
 302.500000 1.173325 287.682178
 303.000000 1.166872 287.664612
 303.500000 1.158621 287.643856
 304.000000 1.166203 287.664171
 304.500000 1.160220 287.649973
 305.000000 1.169859 287.672012
 305.500000 1.159677 287.648091
 306.000000 1.160390 287.648990
 306.500000 1.168774 287.670968
 307.000000 1.156527 287.641893
 307.500000 1.160014 287.648161
 308.000000 1.165051 287.662502
 308.500000 1.158062 287.644800
 309.000000 1.166532 287.665828
 309.500000 1.153933 287.633946
 310.000000 1.169492 287.669449
 310.500000 1.155826 287.637758
 311.000000 1.155033 287.634352
 311.500000 1.166658 287.665293
 312.000000 1.163145 287.658031
 312.500000 1.159189 287.647564
 313.000000 1.164966 287.660357
 313.500000 1.149739 287.620522
 314.000000 1.165805 287.663319
 314.500000 1.161714 287.652479
 315.000000 1.155946 287.637291
 315.500000 1.157061 287.641887
 316.000000 1.160986 287.652230
 316.500000 1.154517 287.635247
 317.000000 1.166277 287.664133
 317.500000 1.163526 287.655605
 318.000000 1.161971 287.655635
 318.500000 1.162604 287.655109
 319.000000 1.154582 287.631787
 319.500000 1.165711 287.664520
 320.000000 1.162394 287.655426
 320.500000 1.162489 287.653703
 321.000000 1.167321 287.669683
 321.500000 1.156542 287.639423
 322.000000 1.168825 287.670220
 322.500000 1.163053 287.658053
 323.000000 1.161844 287.652316
 323.500000 1.161653 287.650786
 324.000000 1.161558 287.654133
 324.500000 1.162644 287.653363
 325.000000 1.156875 287.643765
 325.500000 1.169925 287.673175
 326.000000 1.154114 287.635760
 326.500000 1.171402 287.678149
 327.000000 1.163250 287.658889
 327.500000 1.165666 287.663598
 328.000000 1.170968 287.672695
 328.500000 1.152617 287.627878
 329.000000 1.173978 287.683269
 329.500000 1.159813 287.650327
 330.000000 1.171841 287.678335
 330.500000 1.158364 287.644484
 331.000000 1.170681 287.671984
 331.500000 1.162464 287.656058
 332.000000 1.157228 287.640855
 332.500000 1.166236 287.662144
 333.000000 1.162151 287.656468
 333.500000 1.163276 287.657740
 334.000000 1.158319 287.644096
 334.500000 1.162430 287.655716
 335.000000 1.167731 287.666623
 335.500000 1.171327 287.677825
 336.000000 1.155225 287.638338
 336.500000 1.162624 287.655665
 337.000000 1.156402 287.639811
 337.500000 1.170661 287.675403
 338.000000 1.157896 287.643217
 338.500000 1.166518 287.664956
 339.000000 1.159339 287.647433
 339.500000 1.162285 287.656066
 340.000000 1.160889 287.651496
 340.500000 1.157997 287.645135
 341.000000 1.159496 287.647605
 341.500000 1.161806 287.653270
 342.000000 1.160983 287.648495
 342.500000 1.167993 287.669047
 343.000000 1.164516 287.657648
 343.500000 1.161332 287.650283
 344.000000 1.165433 287.663765
 344.500000 1.164615 287.660166
 345.000000 1.168903 287.671273
 345.500000 1.162206 287.654896
 346.000000 1.160252 287.646383
 346.500000 1.168292 287.669219
 347.000000 1.154213 287.633537
 347.500000 1.167631 287.668033
 348.000000 1.160339 287.649724
 348.500000 1.161410 287.652551
 349.000000 1.174007 287.683689
 349.500000 1.159554 287.647835
 350.000000 1.166935 287.667440
 350.500000 1.159777 287.647532
 351.000000 1.162843 287.656286
 351.500000 1.161268 287.652007
 352.000000 1.172877 287.680873
 352.500000 1.163016 287.659502
 353.000000 1.170750 287.673859
 353.500000 1.163449 287.658392
 354.000000 1.166508 287.664461
 354.500000 1.168731 287.669092
 355.000000 1.160281 287.649710
 355.500000 1.160920 287.653042
 356.000000 1.174742 287.684812
 356.500000 1.161140 287.652446
 357.000000 1.165471 287.661377
 357.500000 1.157228 287.640429
 358.000000 1.167864 287.667015
 358.500000 1.163875 287.659208
 359.000000 1.159693 287.649535
 359.500000 1.173603 287.681419
 360.000000 1.150414 287.621238
 360.500000 1.177775 287.689198
 361.000000 1.161721 287.653980
 361.500000 1.154314 287.634967
 362.000000 1.171037 287.673882
 362.500000 1.156900 287.642540
 363.000000 1.172470 287.678548
 363.500000 1.156647 287.641971
 364.000000 1.165418 287.663904
 364.500000 1.165670 287.663173
 365.000000 1.161100 287.650495
 365.500000 1.163717 287.657594
 366.000000 1.165242 287.662567
 366.500000 1.162247 287.658030
 367.000000 1.166769 287.667313
 367.500000 1.164765 287.658629
 368.000000 1.163327 287.660097
 368.500000 1.170797 287.677436
 369.000000 1.161754 287.653917
 369.500000 1.166170 287.663174
 370.000000 1.170064 287.675023
 370.500000 1.159776 287.648526
 371.000000 1.172413 287.677047
 371.500000 1.155900 287.640862
 372.000000 1.171588 287.677478
 372.500000 1.158434 287.646439
 373.000000 1.167611 287.665685
 373.500000 1.162257 287.653917
 374.000000 1.160146 287.641580
 374.500000 1.161217 287.652547
 375.000000 1.153319 287.632236
 375.500000 1.165551 287.662441
 376.000000 1.154552 287.632886
 376.500000 1.167814 287.669186
 377.000000 1.159350 287.648037
 377.500000 1.160609 287.649909
 378.000000 1.161146 287.649867
 378.500000 1.168594 287.671337
 379.000000 1.153252 287.632459
 379.500000 1.164169 287.661523
 380.000000 1.164732 287.661219
 380.500000 1.169538 287.673999
 381.000000 1.161674 287.652479
 381.500000 1.163664 287.659403
 382.000000 1.157278 287.641381
 382.500000 1.168575 287.669680
 383.000000 1.157899 287.643471
 383.500000 1.159081 287.646378
 384.000000 1.161738 287.656076
 384.500000 1.167427 287.666885
 385.000000 1.162377 287.655452
 385.500000 1.167594 287.668437
 386.000000 1.159622 287.649083
 386.500000 1.155716 287.636414
 387.000000 1.165610 287.663763
 387.500000 1.161400 287.654444
 388.000000 1.165298 287.661662
 388.500000 1.166588 287.664193
 389.000000 1.169549 287.672859
 389.500000 1.168904 287.672053
 390.000000 1.167417 287.668763
 390.500000 1.165084 287.662828
 391.000000 1.159227 287.650403
 391.500000 1.173299 287.682329
 392.000000 1.163151 287.658471
 392.500000 1.171151 287.675871
 393.000000 1.159887 287.648604
 393.500000 1.168093 287.670390
 394.000000 1.170733 287.676169
 394.500000 1.157466 287.643997
 395.000000 1.174148 287.683890
 395.500000 1.163432 287.660715
 396.000000 1.179511 287.695193
 396.500000 1.163411 287.659658
 397.000000 1.169012 287.671234
 397.500000 1.172933 287.681780
 398.000000 1.162215 287.656121
 398.500000 1.169987 287.675272
 399.000000 1.166961 287.667368
 399.500000 1.173691 287.681464
 400.000000 1.168996 287.670085
