#! FIELDS time refcv.mean refcv.morethan
 0.000000 1.018256 287.029672
 0.500000 0.893372 284.799861
 1.000000 0.865606 283.765566
 1.500000 0.921586 285.646603
 2.000000 0.930559 285.861680
 2.500000 0.903156 285.145970
 3.000000 0.890704 284.802247
 3.500000 0.927977 285.807030
 4.000000 0.931966 285.916315
 4.500000 0.888809 284.746876
 5.000000 0.903009 285.208226
 5.500000 0.930613 285.894426
 6.000000 0.927238 285.809470
 6.500000 0.900047 285.131247
 7.000000 0.926262 285.829810
 7.500000 0.933105 285.865732
 8.000000 0.910086 285.293577
 8.500000 0.907369 285.306151
 9.000000 0.920239 285.659177
 9.500000 0.925458 285.720193
 10.000000 0.906856 285.173810
 10.500000 0.925167 285.749932
 11.000000 0.916322 285.595791
 11.500000 0.928593 285.815271
 12.000000 0.912737 285.394256
 12.500000 0.909534 285.354137
 13.000000 0.918695 285.607972
 13.500000 0.918815 285.578687
 14.000000 0.911170 285.445531
 14.500000 0.923062 285.736598
 15.000000 0.916899 285.565531
 15.500000 0.919369 285.618049
 16.000000 0.905398 285.205564
 16.500000 0.905516 285.176356
 17.000000 0.919666 285.555577
 17.500000 0.917258 285.580900
 18.000000 0.921120 285.684685
 18.500000 0.910972 285.350112
 19.000000 0.938201 286.037967
 19.500000 0.913820 285.408675
 20.000000 0.906233 285.407774
 20.500000 0.927077 285.760696
 21.000000 0.921661 285.623594
 21.500000 0.926907 285.798667
 22.000000 0.922418 285.685574
 22.500000 0.924635 285.756857
 23.000000 0.925201 285.737775
 23.500000 0.904583 285.207992
 24.000000 0.925432 285.782870
 24.500000 0.929328 285.793771
 25.000000 0.921279 285.685127
 25.500000 0.907747 285.313910
 26.000000 0.922426 285.619185
 26.500000 0.940979 286.034162
 27.000000 0.915748 285.469238
 27.500000 0.909045 285.404953
 28.000000 0.919987 285.648297
 28.500000 0.935205 285.948707
 29.000000 0.919549 285.577788
 29.500000 0.912300 285.433722
 30.000000 0.924267 285.685008
 30.500000 0.917317 285.554323
 31.000000 0.914064 285.475194
 31.500000 0.916336 285.482106
 32.000000 0.936123 285.949643
 32.500000 0.934472 285.933283
 33.000000 0.906363 285.306330
 33.500000 0.920042 285.629780
 34.000000 0.933333 285.889641
 34.500000 0.932719 285.900202
 35.000000 0.922402 285.710030
 35.500000 0.919770 285.498391
 36.000000 0.933411 285.908182
 36.500000 0.920255 285.642611
 37.000000 0.913295 285.490912
 37.500000 0.929838 285.822287
 38.000000 0.916909 285.476232
 38.500000 0.908030 285.292771
 39.000000 0.915371 285.598604
 39.500000 0.918792 285.567303
 40.000000 0.933086 285.855224
 40.500000 0.904482 285.203937
 41.000000 0.921741 285.612987
 41.500000 0.923496 285.671086
 42.000000 0.921583 285.674790
 42.500000 0.910111 285.407845
 43.000000 0.912937 285.448367
 43.500000 0.923908 285.735756
 44.000000 0.917472 285.487897
 44.500000 0.917437 285.617748
 45.000000 0.907850 285.316493
 45.500000 0.929615 285.894717
 46.000000 0.903897 285.215849
 46.500000 0.911636 285.418655
 47.000000 0.908615 285.287617
 47.500000 0.915844 285.440574
 48.000000 0.919575 285.644131
 48.500000 0.904193 285.186141
 49.000000 0.914464 285.467346
 49.500000 0.891553 284.717351
 50.000000 0.911058 285.426116
 50.500000 0.911435 285.307338
 51.000000 0.913674 285.510990
 51.500000 0.904005 285.150522
 52.000000 0.921654 285.633520
 52.500000 0.908507 285.269319
 53.000000 0.911690 285.437906
 53.500000 0.912134 285.412463
 54.000000 0.907152 285.273376
 54.500000 0.918434 285.502440
 55.000000 0.902780 285.274754
 55.500000 0.921892 285.627187
 56.000000 0.911131 285.351687
 56.500000 0.904277 285.165836
 57.000000 0.914479 285.542735
 57.500000 0.919495 285.578148
 58.000000 0.903836 285.129249
 58.500000 0.904913 285.218688
 59.000000 0.913297 285.439072
 59.500000 0.907601 285.286876
 60.000000 0.902580 285.142417
 60.500000 0.916417 285.471241
 61.000000 0.913665 285.436996
 61.500000 0.923213 285.730008
 62.000000 0.912089 285.409871
 62.500000 0.916305 285.528015
 63.000000 0.905530 285.250939
 63.500000 0.913786 285.514675
 64.000000 0.916311 285.472030
 64.500000 0.914063 285.518873
 65.000000 0.920972 285.675168
 65.500000 0.913131 285.439055
 66.000000 0.911856 285.273904
 66.500000 0.923632 285.716803
 67.000000 0.909738 285.266497
 67.500000 0.922108 285.546001
 68.000000 0.919096 285.600316
 68.500000 0.920719 285.560513
 69.000000 0.905239 285.236296
 69.500000 0.917968 285.565096
 70.000000 0.917118 285.552909
 70.500000 0.916207 285.531771
 71.000000 0.908316 285.323877
 71.500000 0.923211 285.703820
 72.000000 0.913809 285.478814
 72.500000 0.898899 284.932961
 73.000000 0.916821 285.498503
 73.500000 0.919443 285.498921
 74.000000 0.922408 285.591732
 74.500000 0.916655 285.596322
 75.000000 0.916342 285.428818
 75.500000 0.914273 285.433921
 76.000000 0.916860 285.428956
 76.500000 0.920449 285.575419
 77.000000 0.934964 285.945025
 77.500000 0.917422 285.584668
 78.000000 0.911241 285.236954
 78.500000 0.924257 285.725732
 79.000000 0.939616 286.048461
 79.500000 0.918275 285.552668
 80.000000 0.914521 285.463396
 80.500000 0.919475 285.626632
 81.000000 0.922673 285.699648
 81.500000 0.923259 285.657860
 82.000000 0.927058 285.832899
 82.500000 0.913639 285.449616
 83.000000 0.915420 285.545617
 83.500000 0.923150 285.674954
 84.000000 0.914599 285.524106
 84.500000 0.907540 285.214957
 85.000000 0.920249 285.659496
 85.500000 0.910248 285.383598
 86.000000 0.916081 285.462645
 86.500000 0.930656 285.853276
 87.000000 0.921508 285.655366
 87.500000 0.926571 285.723619
 88.000000 0.916254 285.536390
 88.500000 0.909858 285.356596
 89.000000 0.931004 285.893265
 89.500000 0.935478 285.917027
 90.000000 0.913745 285.476956
 90.500000 0.912481 285.492544
 91.000000 0.916716 285.544978
 91.500000 0.924699 285.781106
 92.000000 0.911678 285.406055
 92.500000 0.910607 285.285437
 93.000000 0.917125 285.544549
 93.500000 0.916319 285.542893
 94.000000 0.913240 285.491336
 94.500000 0.931192 285.859120
 95.000000 0.919187 285.607178
 95.500000 0.905273 285.247659
 96.000000 0.909320 285.355216
 96.500000 0.921561 285.663159
 97.000000 0.919565 285.637242
 97.500000 0.911805 285.439270
 98.000000 0.910731 285.339080
 98.500000 0.923096 285.728257
 99.000000 0.909963 285.282678
 99.500000 0.910612 285.316264
 100.000000 0.899535 284.971187
 100.500000 0.923768 285.679480
 101.000000 0.906559 285.299842
 101.500000 0.914718 285.461162
 102.000000 0.922515 285.646425
 102.500000 0.924120 285.777696
 103.000000 0.926936 285.683868
 103.500000 0.904769 285.245824
 104.000000 0.916020 285.573384
 104.500000 0.917571 285.564006
 105.000000 0.926949 285.743233
 105.500000 0.919476 285.575011
 106.000000 0.910660 285.274436
 106.500000 0.926447 285.765724
 107.000000 0.924194 285.685165
 107.500000 0.912720 285.444427
 108.000000 0.915172 285.536137
 108.500000 0.927388 285.767746
 109.000000 0.917961 285.592610
 109.500000 0.918980 285.486008
 110.000000 0.911764 285.472169
 110.500000 0.909509 285.326876
 111.000000 0.932077 285.856323
 111.500000 0.910863 285.377398
 112.000000 0.916221 285.502339
 112.500000 0.920307 285.547176
 113.000000 0.907753 285.128036
 113.500000 0.922516 285.636380
 114.000000 0.923640 285.673500
 114.500000 0.897939 284.896364
 115.000000 0.914968 285.495346
 115.500000 0.910140 285.387826
 116.000000 0.927363 285.763503
 116.500000 0.914945 285.390597
 117.000000 0.921325 285.727425
 117.500000 0.913131 285.428060
 118.000000 0.907102 285.243847
 118.500000 0.915311 285.470248
 119.000000 0.923309 285.704076
 119.500000 0.924153 285.742209
 120.000000 0.918018 285.555107
 120.500000 0.912455 285.462695
 121.000000 0.913619 285.485528
 121.500000 0.930268 285.782212
 122.000000 0.918268 285.553224
 122.500000 0.910681 285.312642
 123.000000 0.912821 285.473165
 123.500000 0.921776 285.667084
 124.000000 0.925948 285.687460
 124.500000 0.912245 285.368132
 125.000000 0.909408 285.367522
 125.500000 0.916498 285.493546
 126.000000 0.917655 285.561915
 126.500000 0.928311 285.858933
 127.000000 0.906733 285.136607
 127.500000 0.922663 285.598884
 128.000000 0.931419 285.887975
 128.500000 0.911790 285.421617
 129.000000 0.915065 285.416035
 129.500000 0.934698 285.886125
 130.000000 0.917733 285.574257
 130.500000 0.911009 285.400963
 131.000000 0.922853 285.668609
 131.500000 0.916528 285.520329
 132.000000 0.920604 285.660928
 132.500000 0.905009 285.132735
 133.000000 0.911240 285.304568
 133.500000 0.931345 285.883679
 134.000000 0.924150 285.690819
 134.500000 0.921596 285.652023
 135.000000 0.922396 285.687950
 135.500000 0.920876 285.552001
 136.000000 0.922793 285.750997
 136.500000 0.921433 285.644434
 137.000000 0.915491 285.396932
 137.500000 0.903902 285.181677
 138.000000 0.921323 285.534805
 138.500000 0.915633 285.534749
 139.000000 0.917037 285.539223
 139.500000 0.929973 285.795198
 140.000000 0.912145 285.326507
 140.500000 0.906831 285.288019
 141.000000 0.918446 285.561888
 141.500000 0.925483 285.746133
 142.000000 0.910528 285.381937
 142.500000 0.910569 285.335528
 143.000000 0.915279 285.495054
 143.500000 0.913270 285.431661
 144.000000 0.915422 285.556974
 144.500000 0.896443 284.900919
 145.000000 0.912137 285.340931
 145.500000 0.918043 285.556221
 146.000000 0.916467 285.446133
 146.500000 0.903042 285.067419
 147.000000 0.907606 285.249738
 147.500000 0.926609 285.740272
 148.000000 0.923552 285.722844
 148.500000 0.919434 285.516493
 149.000000 0.906215 285.234784
 149.500000 0.914916 285.551584
 150.000000 0.921657 285.608031
 150.500000 0.913697 285.400117
 151.000000 0.910995 285.413624
 151.500000 0.923447 285.694572
 152.000000 0.923561 285.696519
 152.500000 0.911030 285.395197
 153.000000 0.908283 285.149130
 153.500000 0.932005 285.846137
 154.000000 0.912760 285.344474
 154.500000 0.910299 285.413073
 155.000000 0.922397 285.688323
 155.500000 0.914216 285.388685
 156.000000 0.924547 285.733521
 156.500000 0.924789 285.404066
 157.000000 0.924711 285.713263
 157.500000 0.921297 285.654500
 158.000000 0.918911 285.648269
 158.500000 0.920372 285.630689
 159.000000 0.928879 285.793084
 159.500000 0.917874 285.589464
 160.000000 0.913419 285.470293
 160.500000 0.908061 285.253684
 161.000000 0.929288 285.815849
 161.500000 0.916344 285.537437
 162.000000 0.916265 285.562425
 162.500000 0.911044 285.261348
 163.000000 0.929116 285.831416
 163.500000 0.916063 285.534407
 164.000000 0.894634 284.814996
 164.500000 0.918109 285.572782
 165.000000 0.912504 285.410341
 165.500000 0.908844 285.375402
 166.000000 0.910393 285.430261
 166.500000 0.906043 285.238135
 167.000000 0.930664 285.882075
 167.500000 0.918658 285.529341
 168.000000 0.906770 285.160891
 168.500000 0.909081 285.249320
 169.000000 0.922416 285.610179
 169.500000 0.909593 285.271196
 170.000000 0.895782 284.899371
 170.500000 0.921139 285.622527
 171.000000 0.909991 285.381474
 171.500000 0.921253 285.652686
 172.000000 0.909017 285.294477
 172.500000 0.910120 285.307717
 173.000000 0.901808 285.087673
 173.500000 0.906363 285.242934
 174.000000 0.920152 285.523171
 174.500000 0.910799 285.357268
 175.000000 0.914884 285.506448
 175.500000 0.907708 285.342873
 176.000000 0.913193 285.452524
 176.500000 0.916445 285.531197
 177.000000 0.924723 285.681135
 177.500000 0.910255 285.397901
 178.000000 0.910924 285.374738
 178.500000 0.918198 285.565373
 179.000000 0.919099 285.520250
 179.500000 0.917383 285.476464
 180.000000 0.910235 285.193038
 180.500000 0.906837 285.278772
 181.000000 0.918518 285.522558
 181.500000 0.911999 285.366456
 182.000000 0.911511 285.304009
 182.500000 0.924033 285.708721
 183.000000 0.906572 285.271289
 183.500000 0.916276 285.334107
 184.000000 0.908339 285.265434
 184.500000 0.920823 285.638647
 185.000000 0.916804 285.389548
 185.500000 0.924665 285.742113
 186.000000 0.903713 285.080461
 186.500000 0.913108 285.408039
 187.000000 0.912013 285.355114
 187.500000 0.926498 285.790747
 188.000000 0.913336 285.442840
 188.500000 0.907879 285.206029
 189.000000 0.911292 285.362516
 189.500000 0.921676 285.623211
 190.000000 0.913399 285.484612
 190.500000 0.899181 285.061896
 191.000000 0.910720 285.372054
 191.500000 0.910551 285.272116
 192.000000 0.913631 285.394375
 192.500000 0.903664 285.158454
 193.000000 0.913744 285.491618
 193.500000 0.923891 285.663302
 194.000000 0.916850 285.507683
 194.500000 0.904694 285.232157
 195.000000 0.923793 285.698625
 195.500000 0.927009 285.732665
 196.000000 0.902589 285.200867
 196.500000 0.915586 285.459365
 197.000000 0.906145 285.312627
 197.500000 0.928603 285.684262
 198.000000 0.904133 285.081861
 198.500000 0.918652 285.558767
 199.000000 0.907527 285.212299
 199.500000 0.921987 285.686217
 200.000000 0.902694 285.158740
 200.500000 0.920945 285.673850
 201.000000 0.911856 285.315064
 201.500000 0.916285 285.485294
 202.000000 0.909356 285.418384
 202.500000 0.916758 285.545554
 203.000000 0.932961 285.852424
 203.500000 0.906014 285.289361
 204.000000 0.907921 285.288837
 204.500000 0.923993 285.693321
 205.000000 0.927756 285.831490
 205.500000 0.901586 285.084018
 206.000000 0.920844 285.696922
 206.500000 0.922445 285.580131
 207.000000 0.923648 285.645191
 207.500000 0.921719 285.529962
 208.000000 0.913188 285.447466
 208.500000 0.917162 285.531758
 209.000000 0.924571 285.688760
 209.500000 0.916795 285.416417
 210.000000 0.913889 285.523616
 210.500000 0.917608 285.484912
 211.000000 0.913130 285.513755
 211.500000 0.914401 285.484225
 212.000000 0.907900 285.257110
 212.500000 0.914566 285.525428
 213.000000 0.911098 285.218213
 213.500000 0.914878 285.561986
 214.000000 0.904658 285.206826
 214.500000 0.916836 285.502029
 215.000000 0.918252 285.564064
 215.500000 0.917397 285.506362
 216.000000 0.912151 285.301084
 216.500000 0.901296 285.047850
 217.000000 0.914839 285.442122
 217.500000 0.907109 285.292234
 218.000000 0.908641 285.293820
 218.500000 0.905609 285.105485
 219.000000 0.908837 284.986041
 219.500000 0.918614 285.460823
 220.000000 0.909501 285.362676
 220.500000 0.909057 285.372240
 221.000000 0.914665 285.512773
 221.500000 0.921141 285.698134
 222.000000 0.922089 285.704252
 222.500000 0.911958 285.322507
 223.000000 0.911828 285.446699
 223.500000 0.908596 285.335671
 224.000000 0.922283 285.667202
 224.500000 0.912608 285.430782
 225.000000 0.905321 285.258805
 225.500000 0.924433 285.644777
 226.000000 0.904232 285.170505
 226.500000 0.922063 285.659939
 227.000000 0.909637 285.320083
 227.500000 0.931157 285.872270
 228.000000 0.892409 284.525353
 228.500000 0.913167 285.449885
 229.000000 0.909966 285.288133
 229.500000 0.911814 285.458522
 230.000000 0.892328 284.762728
 230.500000 0.915240 285.512651
 231.000000 0.913198 285.455920
 231.500000 0.893868 284.684319
 232.000000 0.901563 285.114214
 232.500000 0.914870 285.480153
 233.000000 0.910200 285.240545
 233.500000 0.919273 285.567622
 234.000000 0.904780 284.875703
 234.500000 0.914350 285.366902
 235.000000 0.915076 285.407152
 235.500000 0.918940 285.559761
 236.000000 0.894569 284.941978
 236.500000 0.918862 285.524356
 237.000000 0.911457 285.397408
 237.500000 0.923549 285.667522
 238.000000 0.907831 285.298651
 238.500000 0.920527 285.560612
 239.000000 0.922769 285.653736
 239.500000 0.911974 285.372099
 240.000000 0.906301 285.133175
 240.500000 0.911006 285.380721
 241.000000 0.921699 285.613258
 241.500000 0.907452 285.249875
 242.000000 0.908192 285.272607
 242.500000 0.903094 285.182516
 243.000000 0.904184 285.077330
 243.500000 0.930017 285.878949
 244.000000 0.916226 285.489967
 244.500000 0.903837 285.270130
 245.000000 0.908732 285.298996
 245.500000 0.920493 285.520114
 246.000000 0.908110 285.372534
 246.500000 0.932188 285.865316
 247.000000 0.915367 285.470494
 247.500000 0.913376 285.440048
 248.000000 0.924115 285.587494
 248.500000 0.925250 285.778390
 249.000000 0.908358 285.329712
 249.500000 0.921063 285.680828
 250.000000 0.925875 285.765462
 250.500000 0.908818 285.269896
 251.000000 0.917196 285.574196
 251.500000 0.912108 285.393546
 252.000000 0.927026 285.744057
 252.500000 0.917659 285.539850
 253.000000 0.909800 285.287447
 253.500000 0.905250 285.266280
 254.000000 0.925314 285.763151
 254.500000 0.926483 285.790582
 255.000000 0.915610 285.441016
 255.500000 0.922260 285.684273
 256.000000 0.923520 285.728957
 256.500000 0.912738 285.394524
 257.000000 0.921461 285.567110
 257.500000 0.917196 285.621680
 258.000000 0.910441 285.387802
 258.500000 0.906805 285.227764
 259.000000 0.915457 285.551458
 259.500000 0.929951 285.815875
 260.000000 0.913170 285.444121
 260.500000 0.918561 285.554775
 261.000000 0.908463 285.160710
 261.500000 0.929294 285.841283
 262.000000 0.906328 285.177680
 262.500000 0.918563 285.594225
 263.000000 0.900834 285.076819
 263.500000 0.911812 285.050656
 264.000000 0.911227 285.250190
 264.500000 0.920569 285.601723
 265.000000 0.918958 285.389326
 265.500000 0.917571 285.530530
 266.000000 0.910578 285.076415
 266.500000 0.931330 285.830736
 267.000000 0.915012 285.466180
 267.500000 0.916289 285.574542
 268.000000 0.914308 285.478408
 268.500000 0.931581 285.869866
 269.000000 0.917647 285.524997
 269.500000 0.921870 285.662164
 270.000000 0.913319 285.309952
 270.500000 0.921883 285.667146
 271.000000 0.917638 285.483232
 271.500000 0.910970 285.373637
 272.000000 0.924236 285.655034
 272.500000 0.905975 285.278092
 273.000000 0.900919 285.176771
 273.500000 0.915359 285.476649
 274.000000 0.920689 285.555167
 274.500000 0.911897 285.404644
 275.000000 0.915251 285.441995
 275.500000 0.911491 285.379167
 276.000000 0.918894 285.572044
 276.500000 0.923814 285.737738
 277.000000 0.918179 285.622500
 277.500000 0.904344 285.186026
 278.000000 0.917382 285.534788
 278.500000 0.919879 285.623911
 279.000000 0.914133 285.464907
 279.500000 0.917920 285.568945
 280.000000 0.917824 285.547419
 280.500000 0.921237 285.587747
 281.000000 0.908151 285.388228
 281.500000 0.909452 285.257693
 282.000000 0.906652 285.238639
 282.500000 0.917542 285.471220
 283.000000 0.920083 285.592690
 283.500000 0.909459 285.304758
 284.000000 0.918238 285.449066
 284.500000 0.918699 285.623824
 285.000000 0.927401 285.787984
 285.500000 0.909377 285.261686
 286.000000 0.920433 285.615752
 286.500000 0.921032 285.541041
 287.000000 0.919466 285.631230
 287.500000 0.918180 285.576241
 288.000000 0.913666 285.501120
 288.500000 0.934549 285.957958
 289.000000 0.910599 285.235237
 289.500000 0.914440 285.493238
 290.000000 0.919943 285.666331
 290.500000 0.921081 285.647954
 291.000000 0.917033 285.530805
 291.500000 0.914082 285.493178
 292.000000 0.920275 285.640030
 292.500000 0.920029 285.627098
 293.000000 0.908398 285.352755
 293.500000 0.920530 285.550021
 294.000000 0.917476 285.606595
 294.500000 0.915360 285.497437
 295.000000 0.912266 285.390126
 295.500000 0.917133 285.559154
 296.000000 0.907605 285.374006
 296.500000 0.906423 285.213021
 297.000000 0.923847 285.769899
 297.500000 0.919981 285.519009
 298.000000 0.915568 285.524482
 298.500000 0.921309 285.620902
 299.000000 0.920426 285.634409
 299.500000 0.914629 285.442657
 300.000000 0.919085 285.560211
 300.500000 0.912173 285.417697
 301.000000 0.913987 285.527209
 301.500000 0.914620 285.507882
 302.000000 0.909550 285.282908
 302.500000 0.927838 285.811197
 303.000000 0.920512 285.546938
 303.500000 0.901333 285.045439
 304.000000 0.910408 285.369348
 304.500000 0.917297 285.496393
 305.000000 0.920489 285.555305
 305.500000 0.902473 285.124343
 306.000000 0.908121 285.197935
 306.500000 0.922944 285.676407
 307.000000 0.908228 285.327072
 307.500000 0.896920 285.012494
 308.000000 0.916454 285.549018
 308.500000 0.905065 285.259760
 309.000000 0.914435 285.474446
 309.500000 0.898687 284.977803
 310.000000 0.922459 285.405693
 310.500000 0.903764 285.178500
 311.000000 0.890872 284.635186
 311.500000 0.918809 285.498432
 312.000000 0.916692 285.529875
 312.500000 0.903820 285.215656
 313.000000 0.906294 285.215874
 313.500000 0.896933 284.818615
 314.000000 0.914777 285.358116
 314.500000 0.904773 285.193844
 315.000000 0.902513 285.021438
 315.500000 0.900856 285.086445
 316.000000 0.901586 285.162192
 316.500000 0.902087 285.141282
 317.000000 0.916438 285.506169
 317.500000 0.911319 285.244389
 318.000000 0.913420 285.478825
 318.500000 0.900693 285.076609
 319.000000 0.905635 285.039446
 319.500000 0.916042 285.569133
 320.000000 0.904906 285.222608
 320.500000 0.914805 285.355679
 321.000000 0.916249 285.613272
 321.500000 0.901122 285.091478
 322.000000 0.917042 285.467456
 322.500000 0.920774 285.589177
 323.000000 0.904078 285.115605
 323.500000 0.910368 285.251814
 324.000000 0.907176 285.298775
 324.500000 0.903458 285.060742
 325.000000 0.911948 285.466651
 325.500000 0.914657 285.496608
 326.000000 0.897535 285.058446
 326.500000 0.924698 285.739009
 327.000000 0.914994 285.504506
 327.500000 0.914331 285.435745
 328.000000 0.927233 285.521763
 328.500000 0.899066 284.883619
 329.000000 0.924393 285.700119
 329.500000 0.910210 285.397595
 330.000000 0.923520 285.722907
 330.500000 0.906083 285.162130
 331.000000 0.920504 285.440720
 331.500000 0.910130 285.360900
 332.000000 0.909568 285.146728
 332.500000 0.905306 285.097244
 333.000000 0.913541 285.478478
 333.500000 0.914930 285.475865
 334.000000 0.899723 285.009109
 334.500000 0.906845 285.261200
 335.000000 0.918361 285.491212
 335.500000 0.930287 285.850634
 336.000000 0.898372 285.061941
 336.500000 0.904574 285.194146
 337.000000 0.908229 285.277105
 337.500000 0.922011 285.687044
 338.000000 0.907008 285.210271
 338.500000 0.913882 285.448366
 339.000000 0.915096 285.445504
 339.500000 0.904545 285.244973
 340.000000 0.908475 285.288870
 340.500000 0.915093 285.513075
 341.000000 0.902109 285.139200
 341.500000 0.906603 285.278163
 342.000000 0.910932 285.245905
 342.500000 0.922144 285.647055
 343.000000 0.913625 285.289437
 343.500000 0.909879 285.193011
 344.000000 0.913183 285.456682
 344.500000 0.917608 285.467599
 345.000000 0.915748 285.502277
 345.500000 0.913174 285.429681
 346.000000 0.908274 285.102344
 346.500000 0.910262 285.355059
 347.000000 0.903867 285.146433
 347.500000 0.918708 285.575692
 348.000000 0.905725 285.238444
 348.500000 0.908693 285.315769
 349.000000 0.928815 285.834304
 349.500000 0.907175 285.270927
 350.000000 0.914957 285.484852
 350.500000 0.908919 285.229831
 351.000000 0.911067 285.354866
 351.500000 0.909294 285.318578
 352.000000 0.925783 285.769852
 352.500000 0.913502 285.516750
 353.000000 0.922288 285.651284
 353.500000 0.911098 285.435945
 354.000000 0.915717 285.442543
 354.500000 0.922737 285.639776
 355.000000 0.912686 285.382559
 355.500000 0.902279 285.205542
 356.000000 0.926006 285.749988
 356.500000 0.916604 285.527231
 357.000000 0.907345 285.277865
 357.500000 0.900399 285.030402
 358.000000 0.919692 285.525666
 358.500000 0.909012 285.343363
 359.000000 0.911087 285.410737
 359.500000 0.920240 285.613070
 360.000000 0.897436 284.893070
 360.500000 0.928238 285.666447
 361.000000 0.913366 285.437664
 361.500000 0.898596 285.066618
 362.000000 0.913981 285.387947
 362.500000 0.912335 285.429039
 363.000000 0.920920 285.617457
 363.500000 0.901162 285.158318
 364.000000 0.916763 285.564736
 364.500000 0.914526 285.447043
 365.000000 0.907164 285.205194
 365.500000 0.909032 285.258517
 366.000000 0.911638 285.423139
 366.500000 0.920349 285.674845
 367.000000 0.911494 285.443721
 367.500000 0.904467 285.086741
 368.000000 0.923697 285.727631
 368.500000 0.924697 285.780355
 369.000000 0.904156 285.200502
 369.500000 0.917022 285.465773
 370.000000 0.927742 285.802213
 370.500000 0.905518 285.223139
 371.000000 0.920427 285.479286
 371.500000 0.909193 285.363858
 372.000000 0.916856 285.550604
 372.500000 0.909392 285.345443
 373.000000 0.914491 285.402490
 373.500000 0.911569 285.284736
 374.000000 0.907450 284.862350
 374.500000 0.908848 285.333054
 375.000000 0.895061 284.915553
 375.500000 0.908518 285.268717
 376.000000 0.903897 285.070118
 376.500000 0.913115 285.470460
 377.000000 0.908681 285.282111
 377.500000 0.900049 285.037663
 378.000000 0.906261 285.122601
 378.500000 0.923170 285.692787
 379.000000 0.892648 284.844456
 379.500000 0.911327 285.453868
 380.000000 0.914082 285.437679
 380.500000 0.922278 285.702636
 381.000000 0.913295 285.380783
 381.500000 0.908510 285.397262
 382.000000 0.905428 285.144997
 382.500000 0.923222 285.544598
 383.000000 0.896942 284.931250
 383.500000 0.906208 285.200246
 384.000000 0.917834 285.613438
 384.500000 0.910203 285.354880
 385.000000 0.911273 285.388131
 385.500000 0.917249 285.552957
 386.000000 0.905011 285.265776
 386.500000 0.904077 285.055127
 387.000000 0.907796 285.345241
 387.500000 0.910745 285.413365
 388.000000 0.913879 285.428470
 388.500000 0.915887 285.455901
 389.000000 0.920813 285.630875
 389.500000 0.922862 285.702517
 390.000000 0.919919 285.644689
 390.500000 0.907041 285.344515
 391.000000 0.906921 285.389749
 391.500000 0.929845 285.843534
 392.000000 0.919576 285.605248
 392.500000 0.911272 285.409343
 393.000000 0.912397 285.380266
 393.500000 0.923043 285.687110
 394.000000 0.921682 285.659955
 394.500000 0.904529 285.259768
 395.000000 0.925926 285.765073
 395.500000 0.921601 285.717066
 396.000000 0.934941 285.947860
 396.500000 0.916533 285.561163
 397.000000 0.919704 285.578884
 397.500000 0.929991 285.871317
 398.000000 0.914986 285.493699
 398.500000 0.916832 285.602932
 399.000000 0.927777 285.769740
 399.500000 0.923128 285.662629
 400.000000 0.919791 285.519879
