#! FIELDS time refcv.mean refcv.morethan
 0.000000 1.298879 287.861193
 0.500000 1.276570 287.837560
 1.000000 1.265259 287.824712
 1.500000 1.272793 287.834667
 2.000000 1.281148 287.843569
 2.500000 1.268039 287.828853
 3.000000 1.270710 287.831883
 3.500000 1.277261 287.839488
 4.000000 1.272188 287.834412
 4.500000 1.271356 287.832371
 5.000000 1.267516 287.828852
 5.500000 1.276303 287.838876
 6.000000 1.280844 287.843364
 6.500000 1.269038 287.830692
 7.000000 1.280595 287.843217
 7.500000 1.272487 287.834228
 8.000000 1.275483 287.836806
 8.500000 1.272140 287.833908
 9.000000 1.270809 287.832846
 9.500000 1.280760 287.842562
 10.000000 1.266359 287.826719
 10.500000 1.277057 287.839079
 11.000000 1.269169 287.831479
 11.500000 1.278740 287.840955
 12.000000 1.276364 287.837954
 12.500000 1.260627 287.820937
 13.000000 1.276589 287.838513
 13.500000 1.272920 287.834646
 14.000000 1.268464 287.830318
 14.500000 1.276507 287.838789
 15.000000 1.268133 287.829796
 15.500000 1.279083 287.841305
 16.000000 1.261308 287.821405
 16.500000 1.268789 287.829430
 17.000000 1.277280 287.839002
 17.500000 1.263823 287.825040
 18.000000 1.280187 287.842374
 18.500000 1.267862 287.829098
 19.000000 1.282351 287.844890
 19.500000 1.265850 287.826676
 20.000000 1.270045 287.832460
 20.500000 1.277535 287.839254
 21.000000 1.268530 287.829837
 21.500000 1.282434 287.844821
 22.000000 1.269579 287.831075
 22.500000 1.275737 287.837944
 23.000000 1.278731 287.840763
 23.500000 1.261717 287.821980
 24.000000 1.283022 287.845398
 24.500000 1.272731 287.834062
 25.000000 1.274383 287.836744
 25.500000 1.269565 287.831089
 26.000000 1.271905 287.833322
 26.500000 1.283326 287.845450
 27.000000 1.268469 287.829642
 27.500000 1.272767 287.834838
 28.000000 1.270389 287.832534
 28.500000 1.275281 287.837257
 29.000000 1.276639 287.838060
 29.500000 1.263776 287.824323
 30.000000 1.274971 287.836844
 30.500000 1.266328 287.827528
 31.000000 1.272657 287.834415
 31.500000 1.271527 287.832960
 32.000000 1.277542 287.840072
 32.500000 1.280368 287.842636
 33.000000 1.264553 287.825385
 33.500000 1.276955 287.839193
 34.000000 1.274552 287.836527
 34.500000 1.281558 287.843718
 35.000000 1.272252 287.834602
 35.500000 1.275782 287.837209
 36.000000 1.279158 287.841602
 36.500000 1.268968 287.830786
 37.000000 1.272717 287.834587
 37.500000 1.276463 287.838456
 38.000000 1.268116 287.829077
 38.500000 1.270828 287.831900
 39.000000 1.269521 287.831694
 39.500000 1.269239 287.830644
 40.000000 1.283619 287.845571
 40.500000 1.259136 287.819277
 41.000000 1.281402 287.842793
 41.500000 1.269401 287.831072
 42.000000 1.275029 287.837299
 42.500000 1.270932 287.833007
 43.000000 1.265828 287.826905
 43.500000 1.279495 287.841673
 44.000000 1.265576 287.826476
 44.500000 1.278689 287.840843
 45.000000 1.266769 287.828309
 45.500000 1.275891 287.838500
 46.000000 1.266718 287.828091
 46.500000 1.269184 287.830883
 47.000000 1.266462 287.827592
 47.500000 1.268737 287.829720
 48.000000 1.269097 287.830820
 48.500000 1.269765 287.830527
 49.000000 1.266115 287.827461
 49.500000 1.256135 287.814959
 50.000000 1.269103 287.830843
 50.500000 1.265475 287.825933
 51.000000 1.273087 287.835154
 51.500000 1.261406 287.821518
 52.000000 1.273356 287.835109
 52.500000 1.267702 287.829157
 53.000000 1.266643 287.828308
 53.500000 1.269991 287.831273
 54.000000 1.264809 287.825619
 54.500000 1.274620 287.836656
 55.000000 1.264242 287.825610
 55.500000 1.276569 287.838623
 56.000000 1.264293 287.824869
 56.500000 1.271680 287.833221
 57.000000 1.271309 287.833113
 57.500000 1.268893 287.830591
 58.000000 1.268357 287.828980
 58.500000 1.264847 287.825570
 59.000000 1.269715 287.831064
 59.500000 1.265279 287.826282
 60.000000 1.265812 287.826845
 60.500000 1.271352 287.832876
 61.000000 1.265953 287.826867
 61.500000 1.277901 287.839946
 62.000000 1.262066 287.823010
 62.500000 1.276096 287.837755
 63.000000 1.262884 287.823905
 63.500000 1.267182 287.828807
 64.000000 1.272249 287.833810
 64.500000 1.263889 287.825347
 65.000000 1.276746 287.838899
 65.500000 1.266992 287.828167
 66.000000 1.269241 287.829162
 66.500000 1.270992 287.833356
 67.000000 1.267194 287.828003
 67.500000 1.278140 287.839719
 68.000000 1.264428 287.826027
 68.500000 1.276906 287.838336
 69.000000 1.262674 287.823415
 69.500000 1.274096 287.835935
 70.000000 1.269240 287.830922
 70.500000 1.269643 287.831449
 71.000000 1.270069 287.831427
 71.500000 1.272999 287.834953
 72.000000 1.263020 287.824281
 72.500000 1.264336 287.824643
 73.000000 1.273705 287.835377
 73.500000 1.263828 287.824745
 74.000000 1.278524 287.840269
 74.500000 1.268828 287.830789
 75.000000 1.266007 287.826607
 75.500000 1.275364 287.837422
 76.000000 1.262402 287.822820
 76.500000 1.276860 287.838930
 77.000000 1.278261 287.840760
 77.500000 1.266882 287.828733
 78.000000 1.271009 287.831929
 78.500000 1.270290 287.832265
 79.000000 1.281990 287.844353
 79.500000 1.267244 287.828578
 80.000000 1.274079 287.835391
 80.500000 1.266100 287.827481
 81.000000 1.272994 287.835409
 81.500000 1.274518 287.836551
 82.000000 1.267915 287.830089
 82.500000 1.272541 287.834032
 83.000000 1.266445 287.828112
 83.500000 1.270703 287.832203
 84.000000 1.270318 287.832228
 84.500000 1.263154 287.823366
 85.000000 1.271131 287.833111
 85.500000 1.270035 287.831688
 86.000000 1.264509 287.825314
 86.500000 1.277293 287.839678
 87.000000 1.272908 287.835052
 87.500000 1.268623 287.829957
 88.000000 1.277246 287.838942
 88.500000 1.267506 287.828940
 89.000000 1.269816 287.831753
 89.500000 1.287814 287.849776
 90.000000 1.262992 287.823930
 90.500000 1.275780 287.837823
 91.000000 1.264696 287.825445
 91.500000 1.273775 287.836271
 92.000000 1.271297 287.832767
 92.500000 1.264553 287.825014
 93.000000 1.272006 287.833911
 93.500000 1.266935 287.828736
 94.000000 1.272076 287.834151
 94.500000 1.274965 287.837355
 95.000000 1.266610 287.827876
 95.500000 1.274175 287.835702
 96.000000 1.260600 287.821002
 96.500000 1.271286 287.833156
 97.000000 1.270921 287.832455
 97.500000 1.268987 287.830680
 98.000000 1.266963 287.827893
 98.500000 1.270694 287.832771
 99.000000 1.265986 287.826269
 99.500000 1.273370 287.834416
 100.000000 1.253009 287.810851
 100.500000 1.277914 287.839765
 101.000000 1.262254 287.823343
 101.500000 1.272578 287.834499
 102.000000 1.271891 287.833551
 102.500000 1.272071 287.834505
 103.000000 1.277750 287.839420
 103.500000 1.261222 287.821945
 104.000000 1.273053 287.835163
 104.500000 1.267922 287.829338
 105.000000 1.274832 287.836583
 105.500000 1.271559 287.833151
 106.000000 1.266432 287.827040
 106.500000 1.277976 287.839969
 107.000000 1.267873 287.829598
 107.500000 1.271546 287.833095
 108.000000 1.269123 287.830843
 108.500000 1.272793 287.834529
 109.000000 1.273589 287.835611
 109.500000 1.266274 287.827351
 110.000000 1.274113 287.835898
 110.500000 1.264875 287.825585
 111.000000 1.278402 287.840401
 111.500000 1.266369 287.827496
 112.000000 1.271353 287.832763
 112.500000 1.272474 287.833971
 113.000000 1.266777 287.827084
 113.500000 1.276032 287.837593
 114.000000 1.269364 287.830765
 114.500000 1.259752 287.819116
 115.000000 1.277698 287.839291
 115.500000 1.260656 287.820744
 116.000000 1.275919 287.837942
 116.500000 1.272670 287.833979
 117.000000 1.271131 287.833483
 117.500000 1.268699 287.830265
 118.000000 1.270086 287.831302
 118.500000 1.270480 287.832068
 119.000000 1.270445 287.832398
 119.500000 1.275204 287.837712
 120.000000 1.270333 287.832136
 120.500000 1.271156 287.833261
 121.000000 1.265803 287.827076
 121.500000 1.276431 287.838154
 122.000000 1.272294 287.834433
 122.500000 1.264919 287.825465
 123.000000 1.273602 287.835731
 123.500000 1.268617 287.830177
 124.000000 1.271527 287.833180
 124.500000 1.271679 287.832874
 125.000000 1.262806 287.823855
 125.500000 1.271592 287.833152
 126.000000 1.266449 287.827681
 126.500000 1.273510 287.835978
 127.000000 1.272690 287.833966
 127.500000 1.268489 287.829588
 128.000000 1.276708 287.838890
 128.500000 1.269135 287.830170
 129.000000 1.266770 287.827143
 129.500000 1.281053 287.843323
 130.000000 1.268097 287.829509
 130.500000 1.267077 287.828403
 131.000000 1.278115 287.839979
 131.500000 1.265540 287.826637
 132.000000 1.275878 287.838092
 132.500000 1.262213 287.822420
 133.000000 1.266646 287.827280
 133.500000 1.275811 287.837934
 134.000000 1.274211 287.835828
 134.500000 1.276597 287.838507
 135.000000 1.266140 287.827752
 135.500000 1.276925 287.838233
 136.000000 1.273349 287.835974
 136.500000 1.272723 287.834514
 137.000000 1.273391 287.834992
 137.500000 1.263436 287.824314
 138.000000 1.270700 287.831803
 138.500000 1.268543 287.830389
 139.000000 1.281383 287.843681
 139.500000 1.266939 287.828044
 140.000000 1.268971 287.830132
 140.500000 1.270273 287.831808
 141.000000 1.266664 287.828042
 141.500000 1.276283 287.838588
 142.000000 1.267139 287.828216
 142.500000 1.267991 287.829197
 143.000000 1.267272 287.828554
 143.500000 1.266693 287.827572
 144.000000 1.269733 287.831642
 144.500000 1.257282 287.816570
 145.000000 1.271627 287.832525
 145.500000 1.262264 287.823198
 146.000000 1.271496 287.832722
 146.500000 1.267140 287.827576
 147.000000 1.262031 287.822781
 147.500000 1.277776 287.839812
 148.000000 1.270134 287.831546
 148.500000 1.270332 287.831635
 149.000000 1.269115 287.830221
 149.500000 1.266031 287.827758
 150.000000 1.270017 287.831563
 150.500000 1.271932 287.833356
 151.000000 1.267889 287.829499
 151.500000 1.270384 287.832200
 152.000000 1.269913 287.831823
 152.500000 1.273506 287.835635
 153.000000 1.262646 287.821856
 153.500000 1.275387 287.837314
 154.000000 1.267767 287.828768
 154.500000 1.267847 287.829196
 155.000000 1.271526 287.833675
 155.500000 1.268534 287.829274
 156.000000 1.274187 287.836491
 156.500000 1.271421 287.831547
 157.000000 1.274165 287.836065
 157.500000 1.277487 287.839380
 158.000000 1.267807 287.829863
 158.500000 1.274316 287.836026
 159.000000 1.274517 287.836446
 159.500000 1.262133 287.823395
 160.000000 1.277067 287.839147
 160.500000 1.261685 287.821998
 161.000000 1.271806 287.833593
 161.500000 1.269032 287.830891
 162.000000 1.271182 287.833056
 162.500000 1.265468 287.826315
 163.000000 1.277201 287.839414
 163.500000 1.262327 287.823537
 164.000000 1.265346 287.825653
 164.500000 1.269361 287.831308
 165.000000 1.262290 287.823270
 165.500000 1.269226 287.830820
 166.000000 1.264429 287.825526
 166.500000 1.266766 287.828006
 167.000000 1.274350 287.836734
 167.500000 1.271510 287.832861
 168.000000 1.269629 287.830475
 168.500000 1.259715 287.819532
 169.000000 1.278916 287.840818
 169.500000 1.261344 287.821631
 170.000000 1.259553 287.818732
 170.500000 1.277339 287.839248
 171.000000 1.261907 287.822660
 171.500000 1.277132 287.839182
 172.000000 1.263310 287.824044
 172.500000 1.265397 287.826480
 173.000000 1.263237 287.823428
 173.500000 1.267633 287.828947
 174.000000 1.265234 287.826255
 174.500000 1.269241 287.830712
 175.000000 1.270859 287.832796
 175.500000 1.261485 287.822248
 176.000000 1.274588 287.836323
 176.500000 1.270673 287.832611
 177.000000 1.269426 287.831154
 177.500000 1.270830 287.832396
 178.000000 1.270753 287.832439
 178.500000 1.268814 287.830360
 179.000000 1.274856 287.835850
 179.500000 1.268206 287.829435
 180.000000 1.270257 287.831020
 180.500000 1.266039 287.827283
 181.000000 1.267432 287.828394
 181.500000 1.271933 287.832944
 182.000000 1.269313 287.830149
 182.500000 1.272887 287.834975
 183.000000 1.262409 287.822114
 183.500000 1.275438 287.836161
 184.000000 1.261367 287.821456
 184.500000 1.273706 287.835613
 185.000000 1.270558 287.831800
 185.500000 1.274392 287.836541
 186.000000 1.262658 287.822517
 186.500000 1.268811 287.830354
 187.000000 1.266570 287.827658
 187.500000 1.278024 287.840385
 188.000000 1.266872 287.828155
 188.500000 1.265491 287.825941
 189.000000 1.271122 287.832478
 189.500000 1.267172 287.828722
 190.000000 1.267542 287.828938
 190.500000 1.267335 287.828145
 191.000000 1.261763 287.822598
 191.500000 1.272240 287.833211
 192.000000 1.266446 287.827229
 192.500000 1.264025 287.824773
 193.000000 1.274038 287.836073
 193.500000 1.266958 287.828642
 194.000000 1.273605 287.835088
 194.500000 1.268030 287.829189
 195.000000 1.267715 287.829315
 195.500000 1.278748 287.840697
 196.000000 1.257876 287.818075
 196.500000 1.275716 287.837170
 197.000000 1.260647 287.821146
 197.500000 1.273704 287.834810
 198.000000 1.266310 287.826753
 198.500000 1.271302 287.832484
 199.000000 1.262795 287.823089
 199.500000 1.276071 287.838212
 200.000000 1.261958 287.822466
 200.500000 1.272822 287.834881
 201.000000 1.265357 287.825976
 201.500000 1.272953 287.834580
 202.000000 1.263148 287.824407
 202.500000 1.272380 287.834009
 203.000000 1.276446 287.838463
 203.500000 1.264558 287.826001
 204.000000 1.273857 287.835403
 204.500000 1.265037 287.826048
 205.000000 1.277598 287.840076
 205.500000 1.264789 287.824696
 206.000000 1.272004 287.834567
 206.500000 1.274350 287.836015
 207.000000 1.269510 287.830885
 207.500000 1.279031 287.839787
 208.000000 1.265222 287.826147
 208.500000 1.268979 287.830549
 209.000000 1.280835 287.842577
 209.500000 1.264150 287.824439
 210.000000 1.273060 287.834727
 210.500000 1.270381 287.831122
 211.000000 1.265527 287.827022
 211.500000 1.273147 287.834673
 212.000000 1.264928 287.825880
 212.500000 1.270117 287.831782
 213.000000 1.264772 287.824286
 213.500000 1.272982 287.835267
 214.000000 1.261913 287.822634
 214.500000 1.269683 287.830602
 215.000000 1.275179 287.837053
 215.500000 1.268203 287.829497
 216.000000 1.266897 287.827281
 216.500000 1.266925 287.827670
 217.000000 1.267093 287.827866
 217.500000 1.265188 287.825722
 218.000000 1.265699 287.826583
 218.500000 1.268422 287.829141
 219.000000 1.263996 287.823859
 219.500000 1.273589 287.834659
 220.000000 1.264848 287.825926
 220.500000 1.271638 287.832859
 221.000000 1.268598 287.830149
 221.500000 1.272694 287.835071
 222.000000 1.279344 287.841305
 222.500000 1.260836 287.820950
 223.000000 1.276498 287.838438
 223.500000 1.263445 287.823557
 224.000000 1.269469 287.831416
 224.500000 1.273584 287.835332
 225.000000 1.263468 287.824750
 225.500000 1.273841 287.835734
 226.000000 1.261703 287.821690
 226.500000 1.278345 287.840301
 227.000000 1.257037 287.817043
 227.500000 1.286047 287.847967
 228.000000 1.253699 287.810389
 228.500000 1.270356 287.832043
 229.000000 1.265990 287.826805
 229.500000 1.267340 287.828888
 230.000000 1.262212 287.821765
 230.500000 1.270727 287.832303
 231.000000 1.264103 287.825254
 231.500000 1.261006 287.820579
 232.000000 1.266421 287.827502
 232.500000 1.263991 287.824850
 233.000000 1.272081 287.833059
 233.500000 1.267649 287.829327
 234.000000 1.266625 287.826015
 234.500000 1.270235 287.830324
 235.000000 1.265385 287.825642
 235.500000 1.275007 287.836730
 236.000000 1.255440 287.815123
 236.500000 1.274535 287.835623
 237.000000 1.264036 287.824861
 237.500000 1.276911 287.838610
 238.000000 1.262572 287.823042
 238.500000 1.272308 287.833972
 239.000000 1.275424 287.837568
 239.500000 1.258856 287.818704
 240.000000 1.275404 287.835596
 240.500000 1.260765 287.821323
 241.000000 1.270826 287.832257
 241.500000 1.265008 287.825471
 242.000000 1.264042 287.824668
 242.500000 1.264183 287.825350
 243.000000 1.261780 287.821627
 243.500000 1.274753 287.837189
 244.000000 1.267938 287.829213
 244.500000 1.270632 287.832530
 245.000000 1.258943 287.818708
 245.500000 1.273235 287.834202
 246.000000 1.262057 287.823081
 246.500000 1.278904 287.841305
 247.000000 1.269206 287.830366
 247.500000 1.268462 287.829976
 248.000000 1.271710 287.832728
 248.500000 1.272268 287.834421
 249.000000 1.268833 287.830294
 249.500000 1.267426 287.829160
 250.000000 1.275255 287.836994
 250.500000 1.263024 287.823409
 251.000000 1.267802 287.829167
 251.500000 1.267271 287.828387
 252.000000 1.274835 287.836681
 252.500000 1.267534 287.828893
 253.000000 1.266537 287.827182
 253.500000 1.265181 287.826274
 254.000000 1.268168 287.829642
 254.500000 1.274358 287.836757
 255.000000 1.268333 287.829507
 255.500000 1.271575 287.833207
 256.000000 1.275599 287.837926
 256.500000 1.261998 287.823002
 257.000000 1.275053 287.836501
 257.500000 1.267991 287.830206
 258.000000 1.266988 287.828095
 258.500000 1.268104 287.829042
 259.000000 1.265120 287.826960
 259.500000 1.280481 287.842517
 260.000000 1.261915 287.822729
 260.500000 1.276024 287.837925
 261.000000 1.263959 287.823691
 261.500000 1.274375 287.836866
 262.000000 1.264014 287.824266
 262.500000 1.270586 287.832480
 263.000000 1.262571 287.823034
 263.500000 1.266116 287.825372
 264.000000 1.265423 287.825748
 264.500000 1.273522 287.835364
 265.000000 1.266443 287.826456
 265.500000 1.271096 287.832908
 266.000000 1.274100 287.834756
 266.500000 1.267590 287.828615
 267.000000 1.269927 287.831224
 267.500000 1.273262 287.835375
 268.000000 1.266238 287.827577
 268.500000 1.278411 287.840873
 269.000000 1.268141 287.829758
 269.500000 1.275360 287.837398
 270.000000 1.267499 287.827598
 270.500000 1.265169 287.826712
 271.000000 1.275250 287.836818
 271.500000 1.270585 287.831925
 272.000000 1.262685 287.823423
 272.500000 1.266512 287.827678
 273.000000 1.269091 287.830739
 273.500000 1.263104 287.824246
 274.000000 1.274150 287.835513
 274.500000 1.265497 287.826651
 275.000000 1.269197 287.830269
 275.500000 1.267892 287.828999
 276.000000 1.269080 287.830581
 276.500000 1.273456 287.835428
 277.000000 1.268974 287.830694
 277.500000 1.264517 287.825369
 278.000000 1.271469 287.832919
 278.500000 1.264619 287.826045
 279.000000 1.273420 287.834818
 279.500000 1.267101 287.828260
 280.000000 1.270110 287.831921
 280.500000 1.274274 287.835944
 281.000000 1.257578 287.818240
 281.500000 1.270170 287.831076
 282.000000 1.263414 287.823852
 282.500000 1.270751 287.831621
 283.000000 1.272366 287.833849
 283.500000 1.262416 287.823217
 284.000000 1.280573 287.841839
 284.500000 1.261868 287.823254
 285.000000 1.277146 287.839477
 285.500000 1.267220 287.827891
 286.000000 1.268772 287.830195
 286.500000 1.273649 287.834646
 287.000000 1.265233 287.826866
 287.500000 1.276687 287.838662
 288.000000 1.267848 287.829844
 288.500000 1.278197 287.840756
 289.000000 1.263894 287.823526
 289.500000 1.269811 287.831504
 290.000000 1.272824 287.835306
 290.500000 1.264083 287.825582
 291.000000 1.274990 287.836552
 291.500000 1.262250 287.823167
 292.000000 1.270551 287.832503
 292.500000 1.272324 287.834471
 293.000000 1.264080 287.825227
 293.500000 1.274366 287.835847
 294.000000 1.264941 287.826413
 294.500000 1.269967 287.831488
 295.000000 1.268502 287.829397
 295.500000 1.265965 287.827276
 296.000000 1.268847 287.830546
 296.500000 1.263956 287.824789
 297.000000 1.271077 287.833397
 297.500000 1.271837 287.833001
 298.000000 1.268211 287.829897
 298.500000 1.275115 287.837321
 299.000000 1.269722 287.831219
 299.500000 1.266532 287.827306
 300.000000 1.270481 287.832522
 300.500000 1.271496 287.832823
 301.000000 1.263969 287.825246
 301.500000 1.267193 287.828662
 302.000000 1.268489 287.829671
 302.500000 1.276743 287.838945
 303.000000 1.269932 287.830877
 303.500000 1.264068 287.824120
 304.000000 1.271131 287.832460
 304.500000 1.262199 287.822722
 305.000000 1.274165 287.835385
 305.500000 1.264814 287.825543
 306.000000 1.264673 287.825159
 306.500000 1.271139 287.832881
 307.000000 1.259106 287.819551
 307.500000 1.266282 287.826712
 308.000000 1.267940 287.829325
 308.500000 1.261826 287.822199
 309.000000 1.271310 287.833000
 309.500000 1.258465 287.818475
 310.000000 1.272497 287.833411
 310.500000 1.259792 287.819465
 311.000000 1.261568 287.821302
 311.500000 1.270231 287.831704
 312.000000 1.266019 287.827240
 312.500000 1.264190 287.824986
 313.000000 1.270413 287.831483
 313.500000 1.254326 287.812753
 314.000000 1.269460 287.830844
 314.500000 1.267331 287.828018
 315.000000 1.260687 287.820474
 315.500000 1.262188 287.822610
 316.000000 1.266776 287.827953
 316.500000 1.258591 287.818396
 317.000000 1.270847 287.832095
 317.500000 1.268176 287.828732
 318.000000 1.265208 287.826650
 318.500000 1.269414 287.830529
 319.000000 1.257853 287.816376
 319.500000 1.270366 287.832087
 320.000000 1.267377 287.828535
 320.500000 1.265910 287.826370
 321.000000 1.271701 287.834007
 321.500000 1.261389 287.821308
 322.000000 1.273451 287.834984
 322.500000 1.264887 287.826272
 323.000000 1.267448 287.828114
 323.500000 1.265850 287.825981
 324.000000 1.266028 287.827373
 324.500000 1.268695 287.829198
 325.000000 1.258614 287.819330
 325.500000 1.275169 287.836822
 326.000000 1.259986 287.820673
 326.500000 1.274576 287.836835
 327.000000 1.266365 287.827913
 327.500000 1.270001 287.831705
 328.000000 1.273905 287.834797
 328.500000 1.256650 287.815562
 329.000000 1.277865 287.840118
 329.500000 1.262562 287.823614
 330.000000 1.275001 287.836937
 330.500000 1.262335 287.822688
 331.000000 1.275460 287.836244
 331.500000 1.266555 287.827875
 332.000000 1.259431 287.819231
 332.500000 1.272645 287.833648
 333.000000 1.266401 287.828040
 333.500000 1.266693 287.827809
 334.000000 1.263665 287.824063
 334.500000 1.266595 287.827818
 335.000000 1.271770 287.832879
 335.500000 1.273486 287.835573
 336.000000 1.259930 287.820510
 336.500000 1.268054 287.829292
 337.000000 1.259770 287.819732
 337.500000 1.274343 287.835991
 338.000000 1.261551 287.821738
 338.500000 1.270661 287.832041
 339.000000 1.261410 287.821762
 339.500000 1.268442 287.830125
 340.000000 1.264970 287.825805
 340.500000 1.260403 287.820754
 341.000000 1.264841 287.825434
 341.500000 1.266629 287.827416
 342.000000 1.264934 287.824627
 342.500000 1.271523 287.833136
 343.000000 1.268680 287.829134
 343.500000 1.266034 287.826240
 344.000000 1.270030 287.831861
 344.500000 1.267483 287.828538
 345.000000 1.273530 287.835375
 345.500000 1.265834 287.826823
 346.000000 1.264215 287.823993
 346.500000 1.274062 287.835641
 347.000000 1.258093 287.817490
 347.500000 1.271261 287.832816
 348.000000 1.265295 287.825908
 348.500000 1.265199 287.825952
 349.000000 1.277472 287.839651
 349.500000 1.263667 287.824017
 350.000000 1.271602 287.833547
 350.500000 1.263541 287.823905
 351.000000 1.267755 287.828849
 351.500000 1.265207 287.825872
 352.000000 1.276524 287.838523
 352.500000 1.266804 287.828739
 353.000000 1.274709 287.835776
 353.500000 1.267562 287.828707
 354.000000 1.270675 287.832003
 354.500000 1.271752 287.832625
 355.000000 1.263280 287.823708
 355.500000 1.267217 287.828727
 356.000000 1.278226 287.840335
 356.500000 1.263552 287.824203
 357.000000 1.271178 287.832064
 357.500000 1.262125 287.821876
 358.000000 1.271290 287.832384
 358.500000 1.269072 287.830479
 359.000000 1.262741 287.823463
 359.500000 1.278564 287.840295
 360.000000 1.254210 287.811846
 360.500000 1.282022 287.843545
 361.000000 1.264848 287.825706
 361.500000 1.258938 287.818790
 362.000000 1.276679 287.837897
 362.500000 1.259176 287.819421
 363.000000 1.276566 287.838197
 363.500000 1.261425 287.822020
 364.000000 1.269083 287.830708
 364.500000 1.269745 287.831107
 365.000000 1.265114 287.825541
 365.500000 1.268815 287.829928
 366.000000 1.269681 287.831171
 366.500000 1.263882 287.825735
 367.000000 1.271682 287.833731
 367.500000 1.271588 287.832353
 368.000000 1.264752 287.826456
 368.500000 1.274006 287.836400
 369.000000 1.266750 287.827911
 369.500000 1.269846 287.830817
 370.000000 1.272384 287.834535
 370.500000 1.263874 287.824532
 371.000000 1.276344 287.837735
 371.500000 1.258248 287.818823
 372.000000 1.277339 287.839307
 372.500000 1.262523 287.823418
 373.000000 1.271579 287.832268
 373.500000 1.265914 287.826767
 374.000000 1.264767 287.822911
 374.500000 1.266039 287.826935
 375.000000 1.258873 287.818951
 375.500000 1.271940 287.833343
 376.000000 1.257789 287.816592
 376.500000 1.272538 287.834411
 377.000000 1.262936 287.823639
 377.500000 1.265910 287.826631
 378.000000 1.266228 287.826479
 378.500000 1.271700 287.833714
 379.000000 1.258943 287.819052
 379.500000 1.268334 287.830282
 380.000000 1.268752 287.830050
 380.500000 1.273411 287.835572
 381.000000 1.264791 287.825325
 381.500000 1.268259 287.829663
 382.000000 1.261688 287.821771
 382.500000 1.271601 287.833089
 383.000000 1.264208 287.824863
 383.500000 1.263917 287.824501
 384.000000 1.263600 287.825160
 384.500000 1.273105 287.834604
 385.000000 1.266534 287.827633
 385.500000 1.271791 287.833451
 386.000000 1.264935 287.825935
 386.500000 1.259953 287.819369
 387.000000 1.270701 287.832382
 387.500000 1.265075 287.826523
 388.000000 1.269559 287.830655
 388.500000 1.270157 287.831160
 389.000000 1.273066 287.834858
 389.500000 1.271599 287.833478
 390.000000 1.270762 287.832696
 390.500000 1.270297 287.832053
 391.000000 1.263203 287.824878
 391.500000 1.276165 287.838411
 392.000000 1.265740 287.827172
 392.500000 1.277528 287.839289
 393.000000 1.262516 287.822946
 393.500000 1.271534 287.833627
 394.000000 1.274805 287.836833
 394.500000 1.261365 287.821981
 395.000000 1.277688 287.839937
 395.500000 1.265494 287.827362
 396.000000 1.282476 287.844474
 396.500000 1.266387 287.828005
 397.000000 1.273461 287.835145
 397.500000 1.275675 287.837918
 398.000000 1.265643 287.827090
 398.500000 1.275367 287.837717
 399.000000 1.268102 287.829721
 399.500000 1.277511 287.839255
 400.000000 1.272480 287.833939
