#! FIELDS time refcv.mean refcv.morethan
 0.000000 1.070765 287.350376
 0.500000 0.990581 286.699911
 1.000000 0.969517 286.432088
 1.500000 1.006731 286.888400
 2.000000 1.014766 286.967683
 2.500000 0.993741 286.748943
 3.000000 0.986838 286.676493
 3.500000 1.011880 286.942140
 4.000000 1.012831 286.958045
 4.500000 0.985711 286.663747
 5.000000 0.993084 286.755423
 5.500000 1.012909 286.959586
 6.000000 1.012590 286.952613
 6.500000 0.992005 286.745329
 7.000000 1.011539 286.951151
 7.500000 1.013367 286.945418
 8.000000 1.000162 286.809570
 8.500000 0.997465 286.798772
 9.000000 1.005067 286.883642
 9.500000 1.011268 286.929357
 10.000000 0.995269 286.752659
 10.500000 1.009970 286.923475
 11.000000 1.002574 286.866187
 11.500000 1.013051 286.950893
 12.000000 1.001701 286.830809
 12.500000 0.995285 286.775928
 13.000000 1.006315 286.890799
 13.500000 1.005401 286.875490
 14.000000 0.998744 286.822129
 14.500000 1.008276 286.915131
 15.000000 1.002125 286.850614
 15.500000 1.007204 286.897455
 16.000000 0.992649 286.736919
 16.500000 0.995335 286.759227
 17.000000 1.006207 286.874848
 17.500000 1.000972 286.841877
 18.000000 1.008576 286.915731
 18.500000 0.998796 286.804795
 19.000000 1.019613 287.015101
 19.500000 0.999341 286.805750
 20.000000 0.996617 286.816722
 20.500000 1.010874 286.925819
 21.000000 1.004846 286.866696
 21.500000 1.012866 286.953043
 22.000000 1.005840 286.885199
 22.500000 1.009397 286.924019
 23.000000 1.010519 286.926951
 23.500000 0.992352 286.739776
 24.000000 1.011780 286.946698
 24.500000 1.011334 286.927989
 25.000000 1.006640 286.899278
 25.500000 0.996550 286.788271
 26.000000 1.006575 286.878476
 26.500000 1.021878 287.022291
 27.000000 1.001462 286.830442
 27.500000 0.998910 286.825154
 28.000000 1.004852 286.882871
 28.500000 1.015706 286.976332
 29.000000 1.006763 286.885026
 29.500000 0.997833 286.803036
 30.000000 1.008704 286.906393
 30.500000 1.001757 286.843741
 31.000000 1.001767 286.842811
 31.500000 1.002887 286.844233
 32.000000 1.016384 286.980586
 32.500000 1.016854 286.984735
 33.000000 0.994354 286.770637
 33.500000 1.006550 286.892117
 34.000000 1.014095 286.957544
 34.500000 1.015987 286.976413
 35.000000 1.006469 286.898786
 35.500000 1.006077 286.864084
 36.000000 1.015541 286.973086
 36.500000 1.004226 286.872683
 37.000000 1.001152 286.842676
 37.500000 1.012736 286.945199
 38.000000 1.002014 286.831303
 38.500000 0.997417 286.789240
 39.000000 1.001335 286.858011
 39.500000 1.003742 286.858479
 40.000000 1.016728 286.973722
 40.500000 0.991410 286.731489
 41.000000 1.009073 286.900057
 41.500000 1.006419 286.885030
 42.000000 1.006910 286.897880
 42.500000 0.999043 286.822430
 43.000000 0.998781 286.811719
 43.500000 1.010016 286.926963
 44.000000 1.001446 286.827644
 44.500000 1.006175 286.894782
 45.000000 0.995683 286.781536
 45.500000 1.012245 286.958052
 46.000000 0.993409 286.757738
 46.500000 0.999001 286.817591
 47.000000 0.996888 286.786875
 47.500000 1.001348 286.822941
 48.000000 1.003634 286.870089
 48.500000 0.994950 286.763045
 49.000000 0.999832 286.820830
 49.500000 0.982743 286.609400
 50.000000 0.998666 286.818303
 50.500000 0.997730 286.781855
 51.000000 1.001811 286.852347
 51.500000 0.992419 286.734496
 52.000000 1.007038 286.890118
 52.500000 0.996752 286.781972
 53.000000 0.998241 286.813311
 53.500000 1.000086 286.822811
 54.000000 0.994983 286.766746
 54.500000 1.004868 286.861962
 55.000000 0.992181 286.760631
 55.500000 1.008131 286.899538
 56.000000 0.997728 286.791083
 56.500000 0.995684 286.771605
 57.000000 1.001215 286.848778
 57.500000 1.004143 286.863841
 58.000000 0.993812 286.741517
 58.500000 0.993889 286.757670
 59.000000 1.000791 286.828258
 59.500000 0.995474 286.773805
 60.000000 0.992375 286.739471
 60.500000 1.002851 286.844439
 61.000000 0.999125 286.810912
 61.500000 1.008918 286.918464
 62.000000 0.997805 286.802689
 62.500000 1.004322 286.865527
 63.000000 0.993218 286.756011
 63.500000 1.000153 286.836814
 64.000000 1.003600 286.850385
 64.500000 0.998983 286.826338
 65.000000 1.007535 286.905343
 65.500000 0.999499 286.817002
 66.000000 0.999527 286.787359
 66.500000 1.007141 286.901275
 67.000000 0.997450 286.779386
 67.500000 1.008773 286.888383
 68.000000 1.002509 286.853949
 68.500000 1.006747 286.875537
 69.000000 0.993402 286.755258
 69.500000 1.004692 286.869612
 70.000000 1.002682 286.852307
 70.500000 1.002345 286.850037
 71.000000 0.997350 286.795415
 71.500000 1.007485 286.900466
 72.000000 0.998530 286.814843
 72.500000 0.989455 286.687778
 73.000000 1.003893 286.855837
 73.500000 1.002340 286.833574
 74.000000 1.008616 286.892618
 74.500000 1.002126 286.859911
 75.000000 1.001145 286.815071
 75.500000 1.002755 286.844587
 76.000000 1.000547 286.812521
 76.500000 1.006699 286.881479
 77.000000 1.016041 286.979792
 77.500000 1.002283 286.856188
 78.000000 0.999315 286.786527
 78.500000 1.007378 286.902485
 79.000000 1.020827 287.021611
 79.500000 1.002600 286.848121
 80.000000 1.002514 286.843784
 80.500000 1.003486 286.864435
 81.000000 1.007196 286.902559
 81.500000 1.008011 286.898914
 82.000000 1.008048 286.918830
 82.500000 1.001397 286.833684
 83.000000 1.001259 286.845591
 83.500000 1.006990 286.891552
 84.000000 1.001285 286.845800
 84.500000 0.994751 286.751918
 85.000000 1.005198 286.884593
 85.500000 0.998736 286.811850
 86.000000 1.000535 286.818692
 86.500000 1.013506 286.955780
 87.000000 1.006634 286.892683
 87.500000 1.008091 286.897580
 88.000000 1.004627 286.870401
 88.500000 0.997688 286.800817
 89.000000 1.011175 286.941470
 89.500000 1.019581 287.001016
 90.000000 0.998768 286.815122
 90.500000 1.002570 286.859231
 91.000000 1.000773 286.833470
 91.500000 1.009299 286.928637
 92.000000 0.999757 286.819663
 92.500000 0.996779 286.771284
 93.000000 1.003973 286.864469
 93.500000 1.001368 286.842870
 94.000000 1.001180 286.844950
 94.500000 1.013195 286.952368
 95.000000 1.003575 286.860696
 95.500000 0.996852 286.789625
 96.000000 0.995347 286.776578
 96.500000 1.006287 286.889944
 97.000000 1.005232 286.882527
 97.500000 0.999963 286.828234
 98.000000 0.998224 286.798122
 98.500000 1.007162 286.904614
 99.000000 0.997252 286.776075
 99.500000 1.000084 286.810219
 100.000000 0.986890 286.657747
 100.500000 1.009704 286.914388
 101.000000 0.993746 286.766276
 101.500000 1.002427 286.845190
 102.000000 1.007126 286.889444
 102.500000 1.007598 286.915147
 103.000000 1.011645 286.920175
 103.500000 0.993051 286.754656
 104.000000 1.003490 286.869160
 104.500000 1.002281 286.849026
 105.000000 1.010207 286.918999
 105.500000 1.005095 286.869110
 106.000000 0.997819 286.778542
 106.500000 1.010858 286.930020
 107.000000 1.006372 286.887103
 107.500000 1.000229 286.826233
 108.000000 1.001447 286.846197
 108.500000 1.009917 286.918574
 109.000000 1.004504 286.874314
 109.500000 1.002841 286.837877
 110.000000 1.000985 286.843990
 110.500000 0.996053 286.778180
 111.000000 1.014796 286.960389
 111.500000 0.997664 286.799510
 112.000000 1.002596 286.846512
 112.500000 1.006067 286.870976
 113.000000 0.996276 286.751697
 113.500000 1.008760 286.901671
 114.000000 1.006546 286.884493
 114.500000 0.987893 286.664176
 115.000000 1.004151 286.862525
 115.500000 0.996182 286.787955
 116.000000 1.010858 286.928279
 116.500000 1.002290 286.828232
 117.000000 1.006080 286.902942
 117.500000 1.000271 286.825809
 118.000000 0.996841 286.780476
 118.500000 1.002070 286.841944
 119.000000 1.007241 286.898919
 119.500000 1.009021 286.921945
 120.000000 1.003937 286.862435
 120.500000 1.000570 286.837960
 121.000000 0.999399 286.825516
 121.500000 1.013409 286.940763
 122.000000 1.004252 286.865854
 122.500000 0.997045 286.778151
 123.000000 1.001787 286.849065
 123.500000 1.005251 286.879857
 124.000000 1.008839 286.900323
 124.500000 1.000729 286.818645
 125.000000 0.995874 286.786831
 125.500000 1.003017 286.847207
 126.000000 1.001988 286.846534
 126.500000 1.011001 286.945212
 127.000000 0.997335 286.770074
 127.500000 1.005649 286.866456
 128.000000 1.013894 286.960498
 128.500000 0.999840 286.821513
 129.000000 1.000428 286.811033
 129.500000 1.016882 286.977012
 130.000000 1.002959 286.856507
 130.500000 0.998288 286.808658
 131.000000 1.009115 286.909442
 131.500000 1.000891 286.832578
 132.000000 1.006924 286.899599
 132.500000 0.993249 286.734623
 133.000000 0.998647 286.789857
 133.500000 1.013738 286.959584
 134.000000 1.007892 286.897151
 134.500000 1.008273 286.904125
 135.000000 1.004793 286.877899
 135.500000 1.008030 286.886315
 136.000000 1.007281 286.912601
 136.500000 1.006658 286.888700
 137.000000 1.002788 286.833858
 137.500000 0.993038 286.746482
 138.000000 1.005526 286.857142
 138.500000 1.001790 286.849304
 139.000000 1.006570 286.889100
 139.500000 1.009733 286.911981
 140.000000 0.999859 286.803667
 140.500000 0.996877 286.790353
 141.000000 1.002497 286.848056
 141.500000 1.010306 286.927283
 142.000000 0.997549 286.798615
 142.500000 0.998032 286.795976
 143.000000 1.001089 286.833600
 143.500000 0.999767 286.817064
 144.000000 1.001784 286.853997
 144.500000 0.986578 286.662785
 145.000000 1.000172 286.808482
 145.500000 1.001619 286.840178
 146.000000 1.002874 286.838904
 146.500000 0.993586 286.732074
 147.000000 0.994251 286.758260
 147.500000 1.011694 286.932454
 148.000000 1.007242 286.899746
 148.500000 1.004236 286.853181
 149.000000 0.995578 286.770714
 149.500000 1.000636 286.844533
 150.000000 1.005647 286.872005
 150.500000 1.001801 286.829325
 151.000000 0.998422 286.813190
 151.500000 1.006835 286.893459
 152.000000 1.006460 286.891490
 152.500000 1.000188 286.827091
 153.000000 0.995615 286.742006
 153.500000 1.013478 286.946720
 154.000000 0.999137 286.800782
 154.500000 0.998029 286.810861
 155.000000 1.006694 286.896436
 155.500000 1.000969 286.816845
 156.000000 1.008861 286.915346
 156.500000 1.007757 286.844954
 157.000000 1.008666 286.908794
 157.500000 1.008061 286.903966
 158.000000 1.003463 286.873164
 158.500000 1.006376 286.888351
 159.000000 1.011277 286.930974
 159.500000 1.001239 286.846739
 160.000000 1.003211 286.858935
 160.500000 0.994862 286.759627
 161.000000 1.010694 286.928918
 161.500000 1.002026 286.848463
 162.000000 1.003056 286.861906
 162.500000 0.997547 286.774466
 163.000000 1.012891 286.951541
 163.500000 0.999606 286.825648
 164.000000 0.987690 286.665914
 164.500000 1.003406 286.861507
 165.000000 0.998085 286.805677
 165.500000 0.997710 286.807934
 166.000000 0.997389 286.808373
 166.500000 0.995250 286.773228
 167.000000 1.013100 286.957699
 167.500000 1.004136 286.855244
 168.000000 0.996361 286.765222
 168.500000 0.994725 286.752591
 169.000000 1.008899 286.899649
 169.500000 0.995986 286.766392
 170.000000 0.986703 286.662669
 170.500000 1.007351 286.891534
 171.000000 0.996415 286.790026
 171.500000 1.008127 286.905190
 172.000000 0.995612 286.771982
 172.500000 0.997266 286.786495
 173.000000 0.991255 286.716902
 173.500000 0.995899 286.776444
 174.000000 1.003422 286.842598
 174.500000 0.999233 286.813004
 175.000000 1.001799 286.846641
 175.500000 0.994729 286.777634
 176.000000 1.002093 286.844935
 176.500000 1.002617 286.852187
 177.000000 1.007497 286.892838
 177.500000 0.999264 286.820479
 178.000000 0.999292 286.813180
 178.500000 1.002821 286.852837
 179.000000 1.005513 286.861095
 179.500000 1.002257 286.833208
 180.000000 0.999001 286.781308
 180.500000 0.995845 286.781274
 181.000000 1.002329 286.835876
 181.500000 1.000345 286.815061
 182.000000 0.999819 286.799894
 182.500000 1.008722 286.909739
 183.000000 0.994084 286.756597
 183.500000 1.003587 286.823026
 184.000000 0.994773 286.756628
 184.500000 1.006556 286.888819
 185.000000 1.003093 286.831072
 185.500000 1.008967 286.916787
 186.000000 0.992435 286.722226
 186.500000 1.000421 286.821534
 187.000000 0.998697 286.802477
 187.500000 1.010954 286.937005
 188.000000 0.999765 286.819466
 188.500000 0.995840 286.763261
 189.000000 0.999652 286.811521
 189.500000 1.004851 286.868477
 190.000000 0.999371 286.824359
 190.500000 0.990584 286.719250
 191.000000 0.996629 286.788223
 191.500000 0.999449 286.795492
 192.000000 0.999171 286.803681
 192.500000 0.992100 286.735670
 193.000000 1.002263 286.851051
 193.500000 1.006073 286.881835
 194.000000 1.004131 286.857204
 194.500000 0.994690 286.768261
 195.000000 1.006529 286.890921
 195.500000 1.011803 286.931419
 196.000000 0.990619 286.732398
 196.500000 1.003344 286.847622
 197.000000 0.993368 286.763686
 197.500000 1.011313 286.910747
 198.000000 0.993723 286.730828
 198.500000 1.004651 286.864281
 199.000000 0.995255 286.759460
 199.500000 1.008081 286.907622
 200.000000 0.991805 286.735739
 200.500000 1.006195 286.892921
 201.000000 0.998339 286.790953
 201.500000 1.002810 286.845965
 202.000000 0.996262 286.800098
 202.500000 1.003241 286.858197
 203.000000 1.014395 286.953389
 203.500000 0.994365 286.772435
 204.000000 0.998481 286.802120
 204.500000 1.005897 286.880955
 205.000000 1.011672 286.947081
 205.500000 0.991659 286.721525
 206.000000 1.006278 286.901265
 206.500000 1.007623 286.881259
 207.000000 1.006433 286.879681
 207.500000 1.008524 286.880177
 208.000000 0.999207 286.816110
 208.500000 1.002759 286.849739
 209.000000 1.011812 286.929658
 209.500000 1.000555 286.810641
 210.000000 1.002099 286.854972
 210.500000 1.003269 286.840389
 211.000000 0.999558 286.833927
 211.500000 1.001727 286.841852
 212.000000 0.995962 286.774509
 212.500000 1.001526 286.847229
 213.000000 0.997740 286.762531
 213.500000 1.002797 286.866123
 214.000000 0.993185 286.751217
 214.500000 1.002684 286.842586
 215.000000 1.004999 286.871747
 215.500000 1.002773 286.843790
 216.000000 0.999071 286.790281
 216.500000 0.992583 286.728581
 217.000000 1.000654 286.820640
 217.500000 0.995585 286.775457
 218.000000 0.996928 286.785215
 218.500000 0.995649 286.752827
 219.000000 0.995364 286.720866
 219.500000 1.004975 286.848772
 220.000000 0.996794 286.793752
 220.500000 0.998713 286.813730
 221.000000 1.001745 286.848172
 221.500000 1.006371 286.901295
 222.000000 1.008872 286.918520
 222.500000 0.996815 286.775879
 223.000000 1.002178 286.850703
 223.500000 0.996099 286.782375
 224.000000 1.005816 286.886092
 224.500000 1.001685 286.839592
 225.000000 0.994134 286.768838
 225.500000 1.008529 286.899109
 226.000000 0.992313 286.733530
 226.500000 1.008691 286.909049
 227.000000 0.994592 286.764689
 227.500000 1.017130 286.985140
 228.000000 0.982637 286.563803
 228.500000 1.000633 286.831278
 229.000000 0.997572 286.785652
 229.500000 0.999436 286.826132
 230.000000 0.985311 286.642215
 230.500000 1.001544 286.842521
 231.000000 0.998777 286.814338
 231.500000 0.986157 286.633941
 232.000000 0.992638 286.741456
 232.500000 1.000271 286.825596
 233.000000 0.999033 286.788559
 233.500000 1.003451 286.856749
 234.000000 0.994365 286.700528
 234.500000 1.001477 286.815331
 235.000000 1.000458 286.810578
 235.500000 1.005919 286.877200
 236.000000 0.984991 286.664990
 236.500000 1.005190 286.859739
 237.000000 0.997140 286.794870
 237.500000 1.009054 286.906376
 238.000000 0.994873 286.768311
 238.500000 1.005563 286.868907
 239.000000 1.007633 286.896200
 239.500000 0.996206 286.777363
 240.000000 0.997875 286.767853
 240.500000 0.996330 286.787196
 241.000000 1.005892 286.875362
 241.500000 0.995611 286.767481
 242.000000 0.995684 286.770743
 242.500000 0.992797 286.748997
 243.000000 0.992336 286.716860
 243.500000 1.012353 286.954115
 244.000000 1.001824 286.835802
 244.500000 0.995262 286.787083
 245.000000 0.994606 286.762892
 245.500000 1.006201 286.862035
 246.000000 0.994818 286.783005
 246.500000 1.014914 286.964170
 247.000000 1.002128 286.837737
 247.500000 0.999759 286.819278
 248.000000 1.007097 286.872738
 248.500000 1.008572 286.919608
 249.000000 0.997345 286.797405
 249.500000 1.004872 286.883016
 250.000000 1.009764 286.921824
 250.500000 0.995447 286.763901
 251.000000 1.002523 286.854203
 251.500000 0.998933 286.808620
 252.000000 1.010439 286.920804
 252.500000 1.002090 286.842669
 253.000000 0.997192 286.781038
 253.500000 0.994290 286.768345
 254.000000 1.008034 286.909394
 254.500000 1.010447 286.934538
 255.000000 1.001109 286.824236
 255.500000 1.006375 286.891085
 256.000000 1.009260 286.921881
 256.500000 0.997863 286.799053
 257.000000 1.007340 286.882080
 257.500000 1.002131 286.864270
 258.000000 0.998214 286.806726
 258.500000 0.996029 286.771066
 259.000000 1.000591 286.843847
 259.500000 1.013801 286.952795
 260.000000 0.998356 286.808100
 260.500000 1.005611 286.874250
 261.000000 0.995650 286.744790
 261.500000 1.011722 286.945734
 262.000000 0.993958 286.742288
 262.500000 1.004194 286.870506
 263.000000 0.990706 286.715798
 263.500000 0.998396 286.736738
 264.000000 0.997521 286.770573
 264.500000 1.006013 286.879981
 265.000000 1.003533 286.824819
 265.500000 1.003841 286.859996
 266.000000 1.000082 286.772182
 266.500000 1.010574 286.921307
 267.000000 1.001755 286.836803
 267.500000 1.003851 286.872875
 268.000000 0.999973 286.825288
 268.500000 1.014335 286.963418
 269.000000 1.002559 286.845779
 269.500000 1.007986 286.904638
 270.000000 0.999671 286.789590
 270.500000 1.004296 286.871771
 271.000000 1.004599 286.855094
 271.500000 0.999084 286.809064
 272.000000 1.004951 286.866525
 272.500000 0.995496 286.779590
 273.000000 0.992470 286.753524
 273.500000 0.999560 286.819661
 274.000000 1.006562 286.872882
 274.500000 0.998462 286.806131
 275.000000 1.001723 286.830008
 275.500000 0.998671 286.805163
 276.000000 1.004008 286.862750
 276.500000 1.008322 286.912329
 277.000000 1.003691 286.871625
 277.500000 0.993339 286.749037
 278.000000 1.003731 286.857089
 278.500000 1.003151 286.861657
 279.000000 1.002299 286.842938
 279.500000 1.002697 286.851799
 280.000000 1.003630 286.859914
 280.500000 1.006933 286.882601
 281.000000 0.993600 286.773064
 281.500000 0.998212 286.787505
 282.000000 0.994552 286.758102
 282.500000 1.003512 286.841012
 283.000000 1.005391 286.870548
 283.500000 0.996183 286.776806
 284.000000 1.006802 286.865937
 284.500000 1.001552 286.851590
 285.000000 1.011846 286.940646
 285.500000 0.997077 286.776506
 286.000000 1.004616 286.870035
 286.500000 1.006258 286.865016
 287.000000 1.002782 286.862943
 287.500000 1.005631 286.880450
 288.000000 0.999968 286.834628
 288.500000 1.016619 286.988593
 289.000000 0.997022 286.762490
 289.500000 1.000925 286.835262
 290.000000 1.005398 286.891323
 290.500000 1.003722 286.866338
 291.000000 1.004474 286.865048
 291.500000 0.998319 286.813569
 292.000000 1.005557 286.883811
 292.500000 1.006006 286.888050
 293.000000 0.995559 286.784601
 293.500000 1.005832 286.869080
 294.000000 1.001833 286.854853
 294.500000 1.001767 286.841365
 295.000000 0.999392 286.810286
 295.500000 1.001522 286.843222
 296.000000 0.996386 286.799784
 296.500000 0.994618 286.759156
 297.000000 1.007752 286.915850
 297.500000 1.005359 286.859698
 298.000000 1.001644 286.846856
 298.500000 1.007333 286.893096
 299.000000 1.004912 286.873612
 299.500000 1.000541 286.820840
 300.000000 1.004281 286.865713
 300.500000 1.000417 286.826524
 301.000000 0.999443 286.831768
 301.500000 1.000803 286.836741
 302.000000 0.998032 286.790254
 302.500000 1.011538 286.940194
 303.000000 1.005543 286.863414
 303.500000 0.991355 286.713507
 304.000000 0.999283 286.813377
 304.500000 1.000684 286.824240
 305.000000 1.006057 286.870646
 305.500000 0.992188 286.733343
 306.000000 0.995783 286.756392
 306.500000 1.006835 286.890780
 307.000000 0.994430 286.770779
 307.500000 0.989747 286.710740
 308.000000 1.002364 286.852589
 308.500000 0.992720 286.751339
 309.000000 1.001798 286.840840
 309.500000 0.988261 286.688813
 310.000000 1.006595 286.845415
 310.500000 0.991358 286.725538
 311.000000 0.983883 286.616169
 311.500000 1.004139 286.850848
 312.000000 1.000899 286.833355
 312.500000 0.992667 286.750211
 313.000000 0.996587 286.776414
 313.500000 0.985466 286.632501
 314.000000 1.001351 286.818695
 314.500000 0.994550 286.759139
 315.000000 0.991034 286.702339
 315.500000 0.990445 286.716536
 316.000000 0.992433 286.747321
 316.500000 0.990139 286.717734
 317.000000 1.002260 286.841692
 317.500000 0.999176 286.785637
 318.000000 0.999396 286.823603
 318.500000 0.992841 286.739576
 319.000000 0.992123 286.700193
 319.500000 1.002568 286.858798
 320.000000 0.994645 286.765961
 320.500000 1.000519 286.803288
 321.000000 1.003199 286.874688
 321.500000 0.990557 286.713802
 322.000000 1.004019 286.849942
 322.500000 1.003565 286.857849
 323.000000 0.994312 286.744863
 323.500000 0.997394 286.768243
 324.000000 0.995825 286.781207
 324.500000 0.994323 286.739082
 325.000000 0.996735 286.804229
 325.500000 1.002865 286.852377
 326.000000 0.987013 286.693348
 326.500000 1.008870 286.916700
 327.000000 1.000781 286.834556
 327.500000 1.001732 286.833311
 328.000000 1.009832 286.875484
 328.500000 0.987456 286.655951
 329.000000 1.009618 286.916125
 329.500000 0.996595 286.796304
 330.000000 1.008834 286.914788
 330.500000 0.993616 286.741189
 331.000000 1.006175 286.850286
 331.500000 0.997711 286.798360
 332.000000 0.995775 286.748178
 332.500000 0.996385 286.758633
 333.000000 0.999267 286.823818
 333.500000 0.999845 286.821303
 334.000000 0.990281 286.705618
 334.500000 0.995849 286.776244
 335.000000 1.004162 286.847788
 335.500000 1.012214 286.946358
 336.000000 0.988504 286.703123
 336.500000 0.994673 286.762752
 337.000000 0.994205 286.754341
 337.500000 1.007215 286.900247
 338.000000 0.994596 286.754281
 338.500000 1.001302 286.830673
 339.000000 0.999338 286.809137
 339.500000 0.994968 286.776810
 340.000000 0.996045 286.776567
 340.500000 0.998558 286.814183
 341.000000 0.992462 286.740621
 341.500000 0.995081 286.770467
 342.000000 0.997575 286.767197
 342.500000 1.006599 286.886330
 343.000000 1.000056 286.792446
 343.500000 0.996903 286.761075
 344.000000 1.000629 286.833042
 344.500000 1.002059 286.829648
 345.000000 1.003504 286.857186
 345.500000 0.999259 286.813075
 346.000000 0.995533 286.739064
 346.500000 1.000187 286.821867
 347.000000 0.990993 286.716529
 347.500000 1.004610 286.868267
 348.000000 0.994592 286.762648
 348.500000 0.996421 286.781832
 349.000000 1.012516 286.949963
 349.500000 0.994791 286.766128
 350.000000 1.001778 286.843632
 350.500000 0.995987 286.762839
 351.000000 0.998282 286.799144
 351.500000 0.997206 286.789999
 352.000000 1.010585 286.931700
 352.500000 0.999651 286.836232
 353.000000 1.007669 286.894802
 353.500000 0.998721 286.817706
 354.000000 1.002592 286.837799
 354.500000 1.006917 286.883189
 355.000000 0.998322 286.796635
 355.500000 0.992650 286.757487
 356.000000 1.010910 286.930827
 356.500000 1.000750 286.831205
 357.000000 0.996892 286.783617
 357.500000 0.990329 286.703988
 358.000000 1.004988 286.856440
 358.500000 0.997866 286.802441
 359.000000 0.996787 286.794740
 359.500000 1.007636 286.896137
 360.000000 0.985868 286.645381
 360.500000 1.013271 286.925108
 361.000000 0.999620 286.816607
 361.500000 0.987861 286.694492
 362.000000 1.003273 286.838410
 362.500000 0.996582 286.791915
 363.000000 1.007306 286.889664
 363.500000 0.990529 286.728828
 364.000000 1.002393 286.856381
 364.500000 1.001128 286.829522
 365.000000 0.994993 286.754073
 365.500000 0.997644 286.782823
 366.000000 0.999881 286.824639
 366.500000 1.003572 286.874276
 367.000000 1.000132 286.833591
 367.500000 0.995188 286.747852
 368.000000 1.005373 286.887903
 368.500000 1.009282 286.927523
 369.000000 0.994163 286.759420
 369.500000 1.002783 286.835432
 370.000000 1.010244 286.928153
 370.500000 0.994138 286.757113
 371.000000 1.006939 286.864210
 371.500000 0.994712 286.775674
 372.000000 1.004887 286.873148
 372.500000 0.996294 286.785623
 373.000000 1.002062 286.828496
 373.500000 0.998313 286.786977
 374.000000 0.995208 286.687571
 374.500000 0.996993 286.791418
 375.000000 0.985965 286.664810
 375.500000 0.997886 286.791328
 376.000000 0.991058 286.700950
 376.500000 1.001459 286.844355
 377.000000 0.995949 286.774726
 377.500000 0.991294 286.720755
 378.000000 0.995220 286.743786
 378.500000 1.007214 286.897837
 379.000000 0.984618 286.652961
 379.500000 0.999080 286.825710
 380.000000 1.000595 286.823846
 380.500000 1.007085 286.902123
 381.000000 0.999030 286.800397
 381.500000 0.997446 286.809482
 382.000000 0.993138 286.732869
 382.500000 1.007262 286.874842
 383.000000 0.987910 286.683035
 383.500000 0.993974 286.748211
 384.000000 1.001744 286.855244
 384.500000 1.000178 286.820787
 385.000000 0.998113 286.801559
 385.500000 1.003056 286.856909
 386.000000 0.994287 286.769228
 386.500000 0.992186 286.712974
 387.000000 0.998023 286.808106
 387.500000 0.997519 286.806449
 388.000000 1.001022 286.825676
 388.500000 1.002482 286.836074
 389.000000 1.006168 286.884634
 389.500000 1.007319 286.901275
 390.000000 1.004854 286.879867
 390.500000 0.997008 286.802789
 391.000000 0.994487 286.789786
 391.500000 1.012266 286.946116
 392.000000 1.003192 286.857785
 392.500000 1.001892 286.841210
 393.000000 0.998019 286.794846
 393.500000 1.006776 286.894981
 394.000000 1.006980 286.896007
 394.500000 0.992343 286.750169
 395.000000 1.010799 286.931203
 395.500000 1.004425 286.884724
 396.000000 1.017532 286.990459
 396.500000 1.001787 286.849684
 397.000000 1.005289 286.870959
 397.500000 1.012563 286.953377
 398.000000 1.000073 286.827475
 398.500000 1.004404 286.880259
 399.000000 1.008660 286.906712
 399.500000 1.009289 286.909293
 400.000000 1.005333 286.858804
