#! FIELDS refcv hh dhh_refcv
#! SET normalisation  800.000000
#! SET min_refcv -0.5
#! SET max_refcv 2
#! SET nbins_refcv  1000
#! SET periodic_refcv false
 -0.500000 0.000000 0.000000
 -0.497500 0.000000 0.000000
 -0.495000 0.000000 0.000000
 -0.492500 0.000000 0.000000
 -0.490000 0.000000 0.000000
 -0.487500 0.000000 0.000000
 -0.485000 0.000000 0.000000
 -0.482500 0.000000 0.000000
 -0.480000 0.000000 0.000000
 -0.477500 0.000000 0.000000
 -0.475000 0.000000 0.000000
 -0.472500 0.000000 0.000000
 -0.470000 0.000000 0.000000
 -0.467500 0.000000 0.000000
 -0.465000 0.000000 0.000000
 -0.462500 0.000000 0.000000
 -0.460000 0.000000 0.000000
 -0.457500 0.000000 0.000000
 -0.455000 0.000000 0.000000
 -0.452500 0.000000 0.000000
 -0.450000 0.000000 0.000000
 -0.447500 0.000000 0.000000
 -0.445000 0.000000 0.000000
 -0.442500 0.000000 0.000000
 -0.440000 0.000000 0.000000
 -0.437500 0.000000 0.000000
 -0.435000 0.000000 0.000000
 -0.432500 0.000000 0.000000
 -0.430000 0.000000 0.000000
 -0.427500 0.000000 0.000000
 -0.425000 0.000000 0.000000
 -0.422500 0.000000 0.000000
 -0.420000 0.000000 0.000000
 -0.417500 0.000000 0.000000
 -0.415000 0.000000 0.000000
 -0.412500 0.000000 0.000000
 -0.410000 0.000000 0.000000
 -0.407500 0.000000 0.000000
 -0.405000 0.000000 0.000000
 -0.402500 0.000000 0.000000
 -0.400000 0.000000 0.000000
 -0.397500 0.000000 0.000000
 -0.395000 0.000000 0.000000
 -0.392500 0.000000 0.000000
 -0.390000 0.000000 0.000000
 -0.387500 0.000000 0.000000
 -0.385000 0.000000 0.000000
 -0.382500 0.000000 0.000000
 -0.380000 0.000000 0.000000
 -0.377500 0.000000 0.000000
 -0.375000 0.000000 0.000000
 -0.372500 0.000000 0.000000
 -0.370000 0.000000 0.000000
 -0.367500 0.000000 0.000000
 -0.365000 0.000000 0.000000
 -0.362500 0.000000 0.000000
 -0.360000 0.000000 0.000000
 -0.357500 0.000000 0.000000
 -0.355000 0.000000 0.000000
 -0.352500 0.000000 0.000000
 -0.350000 0.000000 0.000000
 -0.347500 0.000000 0.000000
 -0.345000 0.000000 0.000000
 -0.342500 0.000000 0.000000
 -0.340000 0.000000 0.000000
 -0.337500 0.000000 0.000000
 -0.335000 0.000000 0.000000
 -0.332500 0.000000 0.000000
 -0.330000 0.000000 0.000000
 -0.327500 0.000000 0.000000
 -0.325000 0.000000 0.000000
 -0.322500 0.000000 0.000000
 -0.320000 0.000000 0.000000
 -0.317500 0.000000 0.000000
 -0.315000 0.000000 0.000000
 -0.312500 0.000000 0.000000
 -0.310000 0.000000 0.000000
 -0.307500 0.000000 0.000000
 -0.305000 0.000000 0.000000
 -0.302500 0.000000 0.000000
 -0.300000 0.000000 0.000000
 -0.297500 0.000000 0.000000
 -0.295000 0.000000 0.000000
 -0.292500 0.000000 0.000000
 -0.290000 0.000000 0.000000
 -0.287500 0.000000 0.000000
 -0.285000 0.000000 0.000000
 -0.282500 0.000000 0.000000
 -0.280000 0.000000 0.000000
 -0.277500 0.000000 0.000000
 -0.275000 0.000000 0.000000
 -0.272500 0.000000 0.000000
 -0.270000 0.000000 0.000000
 -0.267500 0.000000 0.000000
 -0.265000 0.000000 0.000000
 -0.262500 0.000000 0.000000
 -0.260000 0.000000 0.000000
 -0.257500 0.000000 0.000000
 -0.255000 0.000000 0.000000
 -0.252500 0.000000 0.000000
 -0.250000 0.000000 0.000000
 -0.247500 0.000000 0.000000
 -0.245000 0.000000 0.000000
 -0.242500 0.000000 0.000000
 -0.240000 0.000000 0.000000
 -0.237500 0.000000 0.000000
 -0.235000 0.000000 0.000000
 -0.232500 0.000000 0.000000
 -0.230000 0.000000 0.000000
 -0.227500 0.000000 0.000000
 -0.225000 0.000000 0.000000
 -0.222500 0.000000 0.000000
 -0.220000 0.000000 0.000000
 -0.217500 0.000000 0.000000
 -0.215000 0.000000 0.000000
 -0.212500 0.000000 0.000000
 -0.210000 0.000000 0.000000
 -0.207500 0.000000 0.000000
 -0.205000 0.000000 0.000000
 -0.202500 0.000000 0.000000
 -0.200000 0.000000 0.000000
 -0.197500 0.000000 0.000000
 -0.195000 0.000000 0.000000
 -0.192500 0.000000 0.000000
 -0.190000 0.000000 0.000000
 -0.187500 0.000000 0.000000
 -0.185000 0.000000 0.000000
 -0.182500 0.000000 0.000000
 -0.180000 0.000000 0.000000
 -0.177500 0.000000 0.000000
 -0.175000 0.000000 0.000000
 -0.172500 0.000000 0.000000
 -0.170000 0.000000 0.000000
 -0.167500 0.000000 0.000000
 -0.165000 0.000000 0.000000
 -0.162500 0.000000 0.000000
 -0.160000 0.000000 0.000000
 -0.157500 0.000000 0.000000
 -0.155000 0.000000 0.000000
 -0.152500 0.000000 0.000000
 -0.150000 0.000000 0.000000
 -0.147500 0.000000 0.000000
 -0.145000 0.000000 0.000000
 -0.142500 0.000000 0.000000
 -0.140000 0.000000 0.000000
 -0.137500 0.000000 0.000000
 -0.135000 0.000000 0.000000
 -0.132500 0.000000 0.000000
 -0.130000 0.000000 0.000000
 -0.127500 0.000000 0.000000
 -0.125000 0.000000 0.000000
 -0.122500 0.000000 0.000000
 -0.120000 0.000000 0.000000
 -0.117500 0.000000 0.000000
 -0.115000 0.000000 0.000000
 -0.112500 0.000000 0.000000
 -0.110000 0.000000 0.000000
 -0.107500 0.000000 0.000000
 -0.105000 0.000000 0.000000
 -0.102500 0.000000 0.000000
 -0.100000 0.000000 0.000000
 -0.097500 0.000000 0.000000
 -0.095000 0.000000 0.000000
 -0.092500 0.000000 0.000000
 -0.090000 0.000000 0.000000
 -0.087500 0.000000 0.000000
 -0.085000 0.000000 0.000000
 -0.082500 0.000000 0.000000
 -0.080000 0.000000 0.000000
 -0.077500 0.000000 0.000000
 -0.075000 0.000000 0.000000
 -0.072500 0.000000 0.000000
 -0.070000 0.000000 0.000000
 -0.067500 0.000000 0.000000
 -0.065000 0.000000 0.000000
 -0.062500 0.000000 0.000000
 -0.060000 0.000000 0.000000
 -0.057500 0.000000 0.000000
 -0.055000 0.000000 0.000000
 -0.052500 0.000000 0.000000
 -0.050000 0.000000 0.000000
 -0.047500 0.000000 0.000000
 -0.045000 0.000000 0.000000
 -0.042500 0.000000 0.000000
 -0.040000 0.000000 0.000000
 -0.037500 0.000000 0.000000
 -0.035000 0.000000 0.000000
 -0.032500 0.000000 0.000000
 -0.030000 0.000000 0.000000
 -0.027500 0.000000 0.000000
 -0.025000 0.000000 0.000000
 -0.022500 0.000000 0.000000
 -0.020000 0.000000 0.000000
 -0.017500 0.000000 0.000000
 -0.015000 0.000000 0.000000
 -0.012500 0.000000 0.000000
 -0.010000 0.000000 0.000000
 -0.007500 0.000000 0.000000
 -0.005000 0.000000 0.000000
 -0.002500 0.000000 0.000000
 0.000000 0.000000 0.000000
 0.002500 0.000000 0.000000
 0.005000 0.000000 0.000000
 0.007500 0.000000 0.000000
 0.010000 0.000000 0.000000
 0.012500 0.000000 0.000000
 0.015000 0.000000 0.000000
 0.017500 0.000000 0.000000
 0.020000 0.000000 0.000000
 0.022500 0.000000 0.000000
 0.025000 0.000000 0.000000
 0.027500 0.000000 0.000000
 0.030000 0.000000 0.000000
 0.032500 0.000000 0.000000
 0.035000 0.000000 0.000000
 0.037500 0.000000 0.000000
 0.040000 0.000000 0.000000
 0.042500 0.000000 0.000000
 0.045000 0.000000 0.000000
 0.047500 0.000000 0.000000
 0.050000 0.000000 0.000000
 0.052500 0.000000 0.000000
 0.055000 0.000000 0.000000
 0.057500 0.000000 0.000000
 0.060000 0.000000 0.000000
 0.062500 0.000000 0.000000
 0.065000 0.000000 0.000000
 0.067500 0.000000 0.000000
 0.070000 0.000000 0.000000
 0.072500 0.000000 0.000000
 0.075000 0.000000 0.000000
 0.077500 0.000000 0.000000
 0.080000 0.000000 0.000000
 0.082500 0.000000 0.000000
 0.085000 0.000000 0.000000
 0.087500 0.000000 0.000000
 0.090000 0.000000 0.000000
 0.092500 0.000000 0.000000
 0.095000 0.000000 0.000000
 0.097500 0.000000 0.000000
 0.100000 0.000000 0.000000
 0.102500 0.000000 0.000000
 0.105000 0.000000 0.000000
 0.107500 0.000000 0.000000
 0.110000 0.000000 0.000000
 0.112500 0.000000 0.000000
 0.115000 0.000000 0.000000
 0.117500 0.000000 0.000000
 0.120000 0.000000 0.000000
 0.122500 0.000000 0.000000
 0.125000 0.000000 0.000000
 0.127500 0.000000 0.000000
 0.130000 0.000000 0.000000
 0.132500 0.000000 0.000026
 0.135000 0.000000 0.000063
 0.137500 0.000000 0.000144
 0.140000 0.000001 0.000308
 0.142500 0.000002 0.000674
 0.145000 0.000005 0.001284
 0.147500 0.000009 0.002324
 0.150000 0.000017 0.003901
 0.152500 0.000029 0.006165
 0.155000 0.000048 0.009112
 0.157500 0.000075 0.012638
 0.160000 0.000112 0.016459
 0.162500 0.000158 0.020169
 0.165000 0.000212 0.023227
 0.167500 0.000273 0.025196
 0.170000 0.000337 0.025720
 0.172500 0.000400 0.024690
 0.175000 0.000459 0.022204
 0.177500 0.000510 0.018545
 0.180000 0.000551 0.014121
 0.182500 0.000580 0.009392
 0.185000 0.000598 0.004811
 0.187500 0.000605 0.000738
 0.190000 0.000602 -0.002615
 0.192500 0.000593 -0.005261
 0.195000 0.000577 -0.007484
 0.197500 0.000555 -0.009553
 0.200000 0.000529 -0.011688
 0.202500 0.000497 -0.013629
 0.205000 0.000461 -0.014918
 0.207500 0.000424 -0.014640
 0.210000 0.000390 -0.011798
 0.212500 0.000368 -0.005853
 0.215000 0.000364 0.003374
 0.217500 0.000387 0.015336
 0.220000 0.000442 0.028976
 0.222500 0.000532 0.042900
 0.225000 0.000656 0.055975
 0.227500 0.000811 0.067213
 0.230000 0.000990 0.076193
 0.232500 0.001190 0.082914
 0.235000 0.001404 0.087982
 0.237500 0.001630 0.091966
 0.240000 0.001864 0.095819
 0.242500 0.002109 0.100259
 0.245000 0.002367 0.105950
 0.247500 0.002640 0.112894
 0.250000 0.002933 0.120896
 0.252500 0.003245 0.129125
 0.255000 0.003578 0.136274
 0.257500 0.003925 0.140901
 0.260000 0.004279 0.141398
 0.262500 0.004628 0.136465
 0.265000 0.004957 0.125489
 0.267500 0.005251 0.108932
 0.270000 0.005499 0.088552
 0.272500 0.005693 0.067088
 0.275000 0.005836 0.048005
 0.277500 0.005938 0.034346
 0.280000 0.006015 0.028236
 0.282500 0.006086 0.029206
 0.285000 0.006166 0.035492
 0.287500 0.006266 0.044226
 0.290000 0.006388 0.053047
 0.292500 0.006530 0.061064
 0.295000 0.006694 0.070130
 0.297500 0.006885 0.083244
 0.300000 0.007117 0.103696
 0.302500 0.007411 0.132779
 0.305000 0.007787 0.168796
 0.307500 0.008258 0.207187
 0.310000 0.008822 0.243189
 0.312500 0.009469 0.272743
 0.315000 0.010180 0.294561
 0.317500 0.010937 0.310281
 0.320000 0.011730 0.323832
 0.322500 0.012557 0.338082
 0.325000 0.013424 0.355379
 0.327500 0.014338 0.375726
 0.330000 0.015304 0.397071
 0.332500 0.016321 0.416124
 0.335000 0.017380 0.429744
 0.337500 0.018463 0.434401
 0.340000 0.019544 0.427430
 0.342500 0.020592 0.407229
 0.345000 0.021572 0.374342
 0.347500 0.022459 0.333244
 0.350000 0.023240 0.291885
 0.352500 0.023930 0.262417
 0.355000 0.024574 0.257994
 0.357500 0.025252 0.289714
 0.360000 0.026059 0.362262
 0.362500 0.027096 0.471638
 0.365000 0.028440 0.605083
 0.367500 0.030127 0.743248
 0.370000 0.032145 0.866042
 0.372500 0.034432 0.957552
 0.375000 0.036900 1.009982
 0.377500 0.039453 1.025244
 0.380000 0.042005 1.011465
 0.382500 0.044496 0.979059
 0.385000 0.046896 0.938676
 0.387500 0.049190 0.895425
 0.390000 0.051375 0.853077
 0.392500 0.053461 0.815990
 0.395000 0.055466 0.789233
 0.397500 0.057425 0.781168
 0.400000 0.059396 0.799311
 0.402500 0.061456 0.851386
 0.405000 0.063687 0.937515
 0.407500 0.066171 1.050823
 0.410000 0.068960 1.180439
 0.412500 0.072078 1.311220
 0.415000 0.075510 1.430524
 0.417500 0.079220 1.534050
 0.420000 0.083171 1.623989
 0.422500 0.087340 1.710814
 0.425000 0.091735 1.806447
 0.427500 0.096391 1.920029
 0.430000 0.101355 2.051137
 0.432500 0.106655 2.187135
 0.435000 0.112280 2.308149
 0.437500 0.118169 2.393058
 0.440000 0.124206 2.424890
 0.442500 0.130251 2.400609
 0.445000 0.136175 2.328525
 0.447500 0.141884 2.233556
 0.450000 0.147355 2.144694
 0.452500 0.152646 2.094552
 0.455000 0.157892 2.111871
 0.457500 0.163280 2.210198
 0.460000 0.169020 2.391402
 0.462500 0.175300 2.643282
 0.465000 0.182273 2.938702
 0.467500 0.190015 3.250289
 0.470000 0.198525 3.550440
 0.472500 0.207743 3.813659
 0.475000 0.217556 4.022748
 0.477500 0.227813 4.168607
 0.480000 0.238358 4.254989
 0.482500 0.249052 4.291397
 0.485000 0.259799 4.300569
 0.487500 0.270564 4.313250
 0.490000 0.281396 4.357973
 0.492500 0.292409 4.459857
 0.495000 0.303763 4.633386
 0.497500 0.315642 4.876653
 0.500000 0.328198 5.171804
 0.502500 0.341526 5.486425
 0.505000 0.355630 5.786579
 0.507500 0.370424 6.034774
 0.510000 0.385746 6.207070
 0.512500 0.401405 6.301567
 0.515000 0.417219 6.337244
 0.517500 0.433079 6.344662
 0.520000 0.448963 6.365508
 0.522500 0.464947 6.430903
 0.525000 0.481174 6.563065
 0.527500 0.497826 6.767170
 0.530000 0.515071 7.035415
 0.532500 0.533049 7.352235
 0.535000 0.551855 7.690412
 0.537500 0.571504 8.022488
 0.540000 0.591938 8.311541
 0.542500 0.613003 8.524558
 0.545000 0.634486 8.639942
 0.547500 0.656127 8.654270
 0.550000 0.677707 8.599186
 0.552500 0.699114 8.530094
 0.555000 0.720407 8.519443
 0.557500 0.741816 8.635218
 0.560000 0.763713 8.911855
 0.562500 0.786513 9.350275
 0.565000 0.810572 9.909253
 0.567500 0.836111 10.522706
 0.570000 0.863174 11.120826
 0.572500 0.891662 11.651760
 0.575000 0.921360 12.090973
 0.577500 0.952037 12.436214
 0.580000 0.983488 12.716276
 0.582500 1.015597 12.974592
 0.585000 1.048385 13.264739
 0.587500 1.081995 13.639825
 0.590000 1.116679 14.134963
 0.592500 1.152756 14.747970
 0.595000 1.190475 15.439258
 0.597500 1.229946 16.131309
 0.600000 1.271053 16.733026
 0.602500 1.313481 17.173969
 0.605000 1.356764 17.424747
 0.607500 1.400472 17.518267
 0.610000 1.444278 17.525945
 0.612500 1.488101 17.542876
 0.615000 1.532066 17.648690
 0.617500 1.576462 17.891769
 0.620000 1.621644 18.277560
 0.622500 1.667942 18.788004
 0.625000 1.715640 19.388450
 0.627500 1.764919 20.054782
 0.630000 1.815924 20.761294
 0.632500 1.868729 21.489363
 0.635000 1.923343 22.205798
 0.637500 1.979700 22.867990
 0.640000 2.037575 23.420419
 0.642500 2.096633 23.808031
 0.645000 2.156403 23.987678
 0.647500 2.216352 23.949662
 0.650000 2.275970 23.739317
 0.652500 2.334911 23.428933
 0.655000 2.393085 23.144783
 0.657500 2.450707 23.006767
 0.660000 2.508268 23.106339
 0.662500 2.566403 23.465437
 0.665000 2.625697 24.022157
 0.667500 2.686507 24.653971
 0.670000 2.748836 25.210580
 0.672500 2.812336 25.573506
 0.675000 2.876422 25.684806
 0.677500 2.940488 25.571295
 0.680000 3.004089 25.347543
 0.682500 3.067160 25.165512
 0.685000 3.130000 25.200364
 0.687500 3.193327 25.559719
 0.690000 3.257990 26.273649
 0.692500 3.324792 27.252406
 0.695000 3.394202 28.326601
 0.697500 3.466159 29.252754
 0.700000 3.540023 29.821332
 0.702500 3.614705 29.893165
 0.705000 3.688917 29.451947
 0.707500 3.761473 28.601573
 0.710000 3.831581 27.535073
 0.712500 3.898978 26.467063
 0.715000 3.963865 25.558184
 0.717500 4.026760 24.872089
 0.720000 4.088208 24.399463
 0.722500 4.148665 24.060291
 0.725000 4.208332 23.769693
 0.727500 4.267271 23.481700
 0.730000 4.325505 23.198617
 0.732500 4.383059 22.959876
 0.735000 4.440100 22.777287
 0.737500 4.496699 22.604941
 0.740000 4.552749 22.330679
 0.742500 4.607806 21.792987
 0.745000 4.661039 20.849816
 0.747500 4.711319 19.432523
 0.750000 4.757464 17.559851
 0.752500 4.798444 15.323488
 0.755000 4.833526 12.875847
 0.757500 4.862376 10.363245
 0.760000 4.885015 7.922247
 0.762500 4.901728 5.651571
 0.765000 4.913026 3.620079
 0.767500 4.919578 1.857462
 0.770000 4.922058 0.357766
 0.772500 4.921057 -0.926439
 0.775000 4.916995 -2.127614
 0.777500 4.909857 -3.405323
 0.780000 4.899213 -4.950588
 0.782500 4.884197 -6.908350
 0.785000 4.863681 -9.347588
 0.787500 4.836510 -12.213309
 0.790000 4.801754 -15.371829
 0.792500 4.758890 -18.670201
 0.795000 4.707764 -21.965860
 0.797500 4.648493 -25.175040
 0.800000 4.581313 -28.278545
 0.802500 4.506481 -31.298569
 0.805000 4.424187 -34.234590
 0.807500 4.334682 -37.050350
 0.810000 4.238367 -39.685381
 0.812500 4.135762 -42.051623
 0.815000 4.027613 -44.125730
 0.817500 3.914632 -45.915768
 0.820000 3.797455 -47.498304
 0.822500 3.676469 -48.969048
 0.825000 3.551842 -50.421597
 0.827500 3.423556 -51.892508
 0.830000 3.291580 -53.374531
 0.832500 3.155946 -54.800510
 0.835000 3.016913 -56.098764
 0.837500 2.874890 -57.172154
 0.840000 2.730524 -57.967029
 0.842500 2.584570 -58.441467
 0.845000 2.437850 -58.561929
 0.847500 2.291301 -58.318522
 0.850000 2.145851 -57.686811
 0.852500 2.002488 -56.665391
 0.855000 1.862151 -55.268708
 0.857500 1.725716 -53.569263
 0.860000 1.593823 -51.663638
 0.862500 1.466841 -49.668035
 0.865000 1.344854 -47.681266
 0.867500 1.227759 -45.764448
 0.870000 1.115389 -43.917405
 0.872500 1.007628 -42.070177
 0.875000 0.904581 -40.132738
 0.877500 0.806592 -38.025733
 0.880000 0.714151 -35.696750
 0.882500 0.627830 -33.154938
 0.885000 0.548099 -30.446107
 0.887500 0.475271 -27.652718
 0.890000 0.409445 -24.866799
 0.892500 0.350508 -22.169331
 0.895000 0.298160 -19.612828
 0.897500 0.252002 -17.232246
 0.900000 0.211569 -15.041702
 0.902500 0.176387 -13.047612
 0.905000 0.145954 -11.240204
 0.907500 0.119815 -9.616826
 0.910000 0.097523 -8.167481
 0.912500 0.078664 -6.881823
 0.915000 0.062842 -5.743230
 0.917500 0.049703 -4.740620
 0.920000 0.038919 -3.866814
 0.922500 0.030173 -3.113472
 0.925000 0.023170 -2.475606
 0.927500 0.017630 -1.946958
 0.930000 0.013293 -1.517566
 0.932500 0.009922 -1.171700
 0.935000 0.007327 -0.897661
 0.937500 0.005346 -0.682060
 0.940000 0.003849 -0.513003
 0.942500 0.002730 -0.380243
 0.945000 0.001904 -0.276967
 0.947500 0.001306 -0.198752
 0.950000 0.000880 -0.139829
 0.952500 0.000582 -0.096975
 0.955000 0.000377 -0.066237
 0.957500 0.000239 -0.044430
 0.960000 0.000147 -0.029018
 0.962500 0.000087 -0.018204
 0.965000 0.000049 -0.011110
 0.967500 0.000027 -0.006471
 0.970000 0.000014 -0.003720
 0.972500 0.000007 -0.001899
 0.975000 0.000003 -0.001005
 0.977500 0.000001 -0.000417
 0.980000 0.000001 -0.000200
 0.982500 0.000000 -0.000090
 0.985000 0.000000 0.000000
 0.987500 0.000000 0.000000
 0.990000 0.000000 0.000000
 0.992500 0.000000 0.000000
 0.995000 0.000000 0.000000
 0.997500 0.000000 0.000000
 1.000000 0.000000 0.000000
 1.002500 0.000000 0.000000
 1.005000 0.000000 0.000000
 1.007500 0.000000 0.000000
 1.010000 0.000000 0.000000
 1.012500 0.000000 0.000000
 1.015000 0.000000 0.000000
 1.017500 0.000000 0.000000
 1.020000 0.000000 0.000000
 1.022500 0.000000 0.000000
 1.025000 0.000000 0.000000
 1.027500 0.000000 0.000000
 1.030000 0.000000 0.000000
 1.032500 0.000000 0.000000
 1.035000 0.000000 0.000000
 1.037500 0.000000 0.000000
 1.040000 0.000000 0.000000
 1.042500 0.000000 0.000000
 1.045000 0.000000 0.000000
 1.047500 0.000000 0.000000
 1.050000 0.000000 0.000000
 1.052500 0.000000 0.000000
 1.055000 0.000000 0.000000
 1.057500 0.000000 0.000000
 1.060000 0.000000 0.000000
 1.062500 0.000000 0.000000
 1.065000 0.000000 0.000000
 1.067500 0.000000 0.000000
 1.070000 0.000000 0.000000
 1.072500 0.000000 0.000000
 1.075000 0.000000 0.000000
 1.077500 0.000000 0.000000
 1.080000 0.000000 0.000000
 1.082500 0.000000 0.000000
 1.085000 0.000000 0.000000
 1.087500 0.000000 0.000000
 1.090000 0.000000 0.000000
 1.092500 0.000000 0.000000
 1.095000 0.000000 0.000000
 1.097500 0.000000 0.000000
 1.100000 0.000000 0.000000
 1.102500 0.000000 0.000000
 1.105000 0.000000 0.000000
 1.107500 0.000000 0.000000
 1.110000 0.000000 0.000000
 1.112500 0.000000 0.000000
 1.115000 0.000000 0.000000
 1.117500 0.000000 0.000000
 1.120000 0.000000 0.000000
 1.122500 0.000000 0.000000
 1.125000 0.000000 0.000000
 1.127500 0.000000 0.000000
 1.130000 0.000000 0.000000
 1.132500 0.000000 0.000000
 1.135000 0.000000 0.000000
 1.137500 0.000000 0.000000
 1.140000 0.000000 0.000000
 1.142500 0.000000 0.000000
 1.145000 0.000000 0.000000
 1.147500 0.000000 0.000000
 1.150000 0.000000 0.000000
 1.152500 0.000000 0.000000
 1.155000 0.000000 0.000000
 1.157500 0.000000 0.000000
 1.160000 0.000000 0.000000
 1.162500 0.000000 0.000000
 1.165000 0.000000 0.000000
 1.167500 0.000000 0.000000
 1.170000 0.000000 0.000000
 1.172500 0.000000 0.000000
 1.175000 0.000000 0.000000
 1.177500 0.000000 0.000000
 1.180000 0.000000 0.000000
 1.182500 0.000000 0.000000
 1.185000 0.000000 0.000000
 1.187500 0.000000 0.000000
 1.190000 0.000000 0.000000
 1.192500 0.000000 0.000000
 1.195000 0.000000 0.000000
 1.197500 0.000000 0.000000
 1.200000 0.000000 0.000000
 1.202500 0.000000 0.000000
 1.205000 0.000000 0.000000
 1.207500 0.000000 0.000000
 1.210000 0.000000 0.000000
 1.212500 0.000000 0.000000
 1.215000 0.000000 0.000000
 1.217500 0.000000 0.000000
 1.220000 0.000000 0.000000
 1.222500 0.000000 0.000000
 1.225000 0.000000 0.000000
 1.227500 0.000000 0.000000
 1.230000 0.000000 0.000000
 1.232500 0.000000 0.000000
 1.235000 0.000000 0.000000
 1.237500 0.000000 0.000000
 1.240000 0.000000 0.000000
 1.242500 0.000000 0.000000
 1.245000 0.000000 0.000000
 1.247500 0.000000 0.000000
 1.250000 0.000000 0.000000
 1.252500 0.000000 0.000000
 1.255000 0.000000 0.000000
 1.257500 0.000000 0.000000
 1.260000 0.000000 0.000000
 1.262500 0.000000 0.000000
 1.265000 0.000000 0.000000
 1.267500 0.000000 0.000000
 1.270000 0.000000 0.000000
 1.272500 0.000000 0.000000
 1.275000 0.000000 0.000000
 1.277500 0.000000 0.000000
 1.280000 0.000000 0.000000
 1.282500 0.000000 0.000000
 1.285000 0.000000 0.000000
 1.287500 0.000000 0.000000
 1.290000 0.000000 0.000000
 1.292500 0.000000 0.000000
 1.295000 0.000000 0.000000
 1.297500 0.000000 0.000000
 1.300000 0.000000 0.000000
 1.302500 0.000000 0.000000
 1.305000 0.000000 0.000000
 1.307500 0.000000 0.000000
 1.310000 0.000000 0.000000
 1.312500 0.000000 0.000000
 1.315000 0.000000 0.000000
 1.317500 0.000000 0.000000
 1.320000 0.000000 0.000000
 1.322500 0.000000 0.000000
 1.325000 0.000000 0.000000
 1.327500 0.000000 0.000000
 1.330000 0.000000 0.000000
 1.332500 0.000000 0.000000
 1.335000 0.000000 0.000000
 1.337500 0.000000 0.000000
 1.340000 0.000000 0.000000
 1.342500 0.000000 0.000000
 1.345000 0.000000 0.000000
 1.347500 0.000000 0.000000
 1.350000 0.000000 0.000000
 1.352500 0.000000 0.000000
 1.355000 0.000000 0.000000
 1.357500 0.000000 0.000000
 1.360000 0.000000 0.000000
 1.362500 0.000000 0.000000
 1.365000 0.000000 0.000000
 1.367500 0.000000 0.000000
 1.370000 0.000000 0.000000
 1.372500 0.000000 0.000000
 1.375000 0.000000 0.000000
 1.377500 0.000000 0.000000
 1.380000 0.000000 0.000000
 1.382500 0.000000 0.000000
 1.385000 0.000000 0.000000
 1.387500 0.000000 0.000000
 1.390000 0.000000 0.000000
 1.392500 0.000000 0.000000
 1.395000 0.000000 0.000000
 1.397500 0.000000 0.000000
 1.400000 0.000000 0.000000
 1.402500 0.000000 0.000000
 1.405000 0.000000 0.000000
 1.407500 0.000000 0.000000
 1.410000 0.000000 0.000000
 1.412500 0.000000 0.000000
 1.415000 0.000000 0.000000
 1.417500 0.000000 0.000000
 1.420000 0.000000 0.000000
 1.422500 0.000000 0.000000
 1.425000 0.000000 0.000000
 1.427500 0.000000 0.000000
 1.430000 0.000000 0.000000
 1.432500 0.000000 0.000000
 1.435000 0.000000 0.000000
 1.437500 0.000000 0.000000
 1.440000 0.000000 0.000000
 1.442500 0.000000 0.000000
 1.445000 0.000000 0.000000
 1.447500 0.000000 0.000000
 1.450000 0.000000 0.000000
 1.452500 0.000000 0.000000
 1.455000 0.000000 0.000000
 1.457500 0.000000 0.000000
 1.460000 0.000000 0.000000
 1.462500 0.000000 0.000000
 1.465000 0.000000 0.000000
 1.467500 0.000000 0.000000
 1.470000 0.000000 0.000000
 1.472500 0.000000 0.000000
 1.475000 0.000000 0.000000
 1.477500 0.000000 0.000000
 1.480000 0.000000 0.000000
 1.482500 0.000000 0.000000
 1.485000 0.000000 0.000000
 1.487500 0.000000 0.000000
 1.490000 0.000000 0.000000
 1.492500 0.000000 0.000000
 1.495000 0.000000 0.000000
 1.497500 0.000000 0.000000
 1.500000 0.000000 0.000000
 1.502500 0.000000 0.000000
 1.505000 0.000000 0.000000
 1.507500 0.000000 0.000000
 1.510000 0.000000 0.000000
 1.512500 0.000000 0.000000
 1.515000 0.000000 0.000000
 1.517500 0.000000 0.000000
 1.520000 0.000000 0.000000
 1.522500 0.000000 0.000000
 1.525000 0.000000 0.000000
 1.527500 0.000000 0.000000
 1.530000 0.000000 0.000000
 1.532500 0.000000 0.000000
 1.535000 0.000000 0.000000
 1.537500 0.000000 0.000000
 1.540000 0.000000 0.000000
 1.542500 0.000000 0.000000
 1.545000 0.000000 0.000000
 1.547500 0.000000 0.000000
 1.550000 0.000000 0.000000
 1.552500 0.000000 0.000000
 1.555000 0.000000 0.000000
 1.557500 0.000000 0.000000
 1.560000 0.000000 0.000000
 1.562500 0.000000 0.000000
 1.565000 0.000000 0.000000
 1.567500 0.000000 0.000000
 1.570000 0.000000 0.000000
 1.572500 0.000000 0.000000
 1.575000 0.000000 0.000000
 1.577500 0.000000 0.000000
 1.580000 0.000000 0.000000
 1.582500 0.000000 0.000000
 1.585000 0.000000 0.000000
 1.587500 0.000000 0.000000
 1.590000 0.000000 0.000000
 1.592500 0.000000 0.000000
 1.595000 0.000000 0.000000
 1.597500 0.000000 0.000000
 1.600000 0.000000 0.000000
 1.602500 0.000000 0.000000
 1.605000 0.000000 0.000000
 1.607500 0.000000 0.000000
 1.610000 0.000000 0.000000
 1.612500 0.000000 0.000000
 1.615000 0.000000 0.000000
 1.617500 0.000000 0.000000
 1.620000 0.000000 0.000000
 1.622500 0.000000 0.000000
 1.625000 0.000000 0.000000
 1.627500 0.000000 0.000000
 1.630000 0.000000 0.000000
 1.632500 0.000000 0.000000
 1.635000 0.000000 0.000000
 1.637500 0.000000 0.000000
 1.640000 0.000000 0.000000
 1.642500 0.000000 0.000000
 1.645000 0.000000 0.000000
 1.647500 0.000000 0.000000
 1.650000 0.000000 0.000000
 1.652500 0.000000 0.000000
 1.655000 0.000000 0.000000
 1.657500 0.000000 0.000000
 1.660000 0.000000 0.000000
 1.662500 0.000000 0.000000
 1.665000 0.000000 0.000000
 1.667500 0.000000 0.000000
 1.670000 0.000000 0.000000
 1.672500 0.000000 0.000000
 1.675000 0.000000 0.000000
 1.677500 0.000000 0.000000
 1.680000 0.000000 0.000000
 1.682500 0.000000 0.000000
 1.685000 0.000000 0.000000
 1.687500 0.000000 0.000000
 1.690000 0.000000 0.000000
 1.692500 0.000000 0.000000
 1.695000 0.000000 0.000000
 1.697500 0.000000 0.000000
 1.700000 0.000000 0.000000
 1.702500 0.000000 0.000000
 1.705000 0.000000 0.000000
 1.707500 0.000000 0.000000
 1.710000 0.000000 0.000000
 1.712500 0.000000 0.000000
 1.715000 0.000000 0.000000
 1.717500 0.000000 0.000000
 1.720000 0.000000 0.000000
 1.722500 0.000000 0.000000
 1.725000 0.000000 0.000000
 1.727500 0.000000 0.000000
 1.730000 0.000000 0.000000
 1.732500 0.000000 0.000000
 1.735000 0.000000 0.000000
 1.737500 0.000000 0.000000
 1.740000 0.000000 0.000000
 1.742500 0.000000 0.000000
 1.745000 0.000000 0.000000
 1.747500 0.000000 0.000000
 1.750000 0.000000 0.000000
 1.752500 0.000000 0.000000
 1.755000 0.000000 0.000000
 1.757500 0.000000 0.000000
 1.760000 0.000000 0.000000
 1.762500 0.000000 0.000000
 1.765000 0.000000 0.000000
 1.767500 0.000000 0.000000
 1.770000 0.000000 0.000000
 1.772500 0.000000 0.000000
 1.775000 0.000000 0.000000
 1.777500 0.000000 0.000000
 1.780000 0.000000 0.000000
 1.782500 0.000000 0.000000
 1.785000 0.000000 0.000000
 1.787500 0.000000 0.000000
 1.790000 0.000000 0.000000
 1.792500 0.000000 0.000000
 1.795000 0.000000 0.000000
 1.797500 0.000000 0.000000
 1.800000 0.000000 0.000000
 1.802500 0.000000 0.000000
 1.805000 0.000000 0.000000
 1.807500 0.000000 0.000000
 1.810000 0.000000 0.000000
 1.812500 0.000000 0.000000
 1.815000 0.000000 0.000000
 1.817500 0.000000 0.000000
 1.820000 0.000000 0.000000
 1.822500 0.000000 0.000000
 1.825000 0.000000 0.000000
 1.827500 0.000000 0.000000
 1.830000 0.000000 0.000000
 1.832500 0.000000 0.000000
 1.835000 0.000000 0.000000
 1.837500 0.000000 0.000000
 1.840000 0.000000 0.000000
 1.842500 0.000000 0.000000
 1.845000 0.000000 0.000000
 1.847500 0.000000 0.000000
 1.850000 0.000000 0.000000
 1.852500 0.000000 0.000000
 1.855000 0.000000 0.000000
 1.857500 0.000000 0.000000
 1.860000 0.000000 0.000000
 1.862500 0.000000 0.000000
 1.865000 0.000000 0.000000
 1.867500 0.000000 0.000000
 1.870000 0.000000 0.000000
 1.872500 0.000000 0.000000
 1.875000 0.000000 0.000000
 1.877500 0.000000 0.000000
 1.880000 0.000000 0.000000
 1.882500 0.000000 0.000000
 1.885000 0.000000 0.000000
 1.887500 0.000000 0.000000
 1.890000 0.000000 0.000000
 1.892500 0.000000 0.000000
 1.895000 0.000000 0.000000
 1.897500 0.000000 0.000000
 1.900000 0.000000 0.000000
 1.902500 0.000000 0.000000
 1.905000 0.000000 0.000000
 1.907500 0.000000 0.000000
 1.910000 0.000000 0.000000
 1.912500 0.000000 0.000000
 1.915000 0.000000 0.000000
 1.917500 0.000000 0.000000
 1.920000 0.000000 0.000000
 1.922500 0.000000 0.000000
 1.925000 0.000000 0.000000
 1.927500 0.000000 0.000000
 1.930000 0.000000 0.000000
 1.932500 0.000000 0.000000
 1.935000 0.000000 0.000000
 1.937500 0.000000 0.000000
 1.940000 0.000000 0.000000
 1.942500 0.000000 0.000000
 1.945000 0.000000 0.000000
 1.947500 0.000000 0.000000
 1.950000 0.000000 0.000000
 1.952500 0.000000 0.000000
 1.955000 0.000000 0.000000
 1.957500 0.000000 0.000000
 1.960000 0.000000 0.000000
 1.962500 0.000000 0.000000
 1.965000 0.000000 0.000000
 1.967500 0.000000 0.000000
 1.970000 0.000000 0.000000
 1.972500 0.000000 0.000000
 1.975000 0.000000 0.000000
 1.977500 0.000000 0.000000
 1.980000 0.000000 0.000000
 1.982500 0.000000 0.000000
 1.985000 0.000000 0.000000
 1.987500 0.000000 0.000000
 1.990000 0.000000 0.000000
 1.992500 0.000000 0.000000
 1.995000 0.000000 0.000000
 1.997500 0.000000 0.000000
 2.000000 0.000000 0.000000
