#! FIELDS time refcv.mean refcv.morethan
 20.000000 1.405669 335.998598
 25.000000 1.408292 335.998633
 30.000000 1.402345 335.998555
 35.000000 1.407843 335.998627
 40.000000 1.397775 335.998500
 45.000000 1.401761 335.998548
 50.000000 1.402913 335.998569
 55.000000 1.402998 335.998569
 60.000000 1.405274 335.998592
 65.000000 1.407959 335.998631
 70.000000 1.407238 335.998619
 75.000000 1.399263 335.998511
 80.000000 1.408631 335.998640
 85.000000 1.406830 335.998612
 90.000000 1.408117 335.998627
 95.000000 1.404772 335.998587
 100.000000 1.391939 335.998422
 105.000000 1.403242 335.998572
 110.000000 1.397168 335.998497
 115.000000 1.395203 335.998462
 120.000000 1.406102 335.998603
 125.000000 1.403155 335.998557
 130.000000 1.394191 335.998451
 135.000000 1.400680 335.998529
 140.000000 1.397612 335.998497
 145.000000 1.395216 335.998467
 150.000000 1.404439 335.998590
 155.000000 1.399849 335.998523
 160.000000 1.394094 335.998457
 165.000000 1.406290 335.998602
 170.000000 1.400588 335.998535
 175.000000 1.392557 335.998420
 180.000000 1.399451 335.998510
 185.000000 1.390843 335.998400
 190.000000 1.381420 335.998260
 195.000000 1.389259 335.998393
 200.000000 1.400157 335.998532
 205.000000 1.410431 335.998661
 210.000000 1.407129 335.998614
 215.000000 1.409229 335.998649
 220.000000 1.401065 335.998547
 225.000000 1.409340 335.998646
 230.000000 1.399741 335.998529
 235.000000 1.408782 335.998638
 240.000000 1.397294 335.998500
 245.000000 1.394537 335.998461
 250.000000 1.404875 335.998591
 255.000000 1.402199 335.998559
 260.000000 1.395287 335.998467
 265.000000 1.395804 335.998469
 270.000000 1.395967 335.998472
 275.000000 1.400692 335.998530
 280.000000 1.395932 335.998470
 285.000000 1.403580 335.998572
 290.000000 1.413556 335.998683
 295.000000 1.393607 335.998435
 300.000000 1.397552 335.998497
 305.000000 1.401175 335.998541
 310.000000 1.395600 335.998475
 315.000000 1.394807 335.998463
 320.000000 1.396038 335.998479
 325.000000 1.390638 335.998399
 330.000000 1.395573 335.998474
 335.000000 1.411440 335.998664
 340.000000 1.414729 335.998702
 345.000000 1.420636 335.998769
 350.000000 1.411544 335.998663
 355.000000 1.408105 335.998623
 360.000000 1.397612 335.998487
 365.000000 1.407668 335.998621
 370.000000 1.409060 335.998645
 375.000000 1.396952 335.998466
 380.000000 1.394759 335.998464
 385.000000 1.391879 335.998417
 390.000000 1.409653 335.998656
 395.000000 1.406062 335.998604
 400.000000 1.404939 335.998593
