#! FIELDS time refcv.mean refcv.morethan
 20.000000 0.843147 334.385871
 25.000000 0.845396 334.896939
 30.000000 0.845037 334.630760
 35.000000 0.852492 334.759433
 40.000000 0.838347 334.318175
 45.000000 0.843073 334.953468
 50.000000 0.848147 334.827441
 55.000000 0.844109 334.865051
 60.000000 0.832045 334.444371
 65.000000 0.863885 335.236992
 70.000000 0.864983 335.338990
 75.000000 0.841337 334.128430
 80.000000 0.854054 334.942655
 85.000000 0.837599 334.307812
 90.000000 0.848817 334.873851
 95.000000 0.846086 334.722817
 100.000000 0.838016 334.722589
 105.000000 0.832294 334.510874
 110.000000 0.839429 334.486803
 115.000000 0.833710 334.421668
 120.000000 0.860230 335.051476
 125.000000 0.837824 334.265400
 130.000000 0.833573 334.681324
 135.000000 0.842554 334.784689
 140.000000 0.842427 334.855635
 145.000000 0.828257 334.463813
 150.000000 0.842941 334.771771
 155.000000 0.852437 335.059294
 160.000000 0.855336 335.054647
 165.000000 0.843994 335.126421
 170.000000 0.833970 334.444278
 175.000000 0.839400 334.292890
 180.000000 0.834649 334.070095
 185.000000 0.836117 334.598914
 190.000000 0.832402 334.341795
 195.000000 0.849464 335.059762
 200.000000 0.832454 333.959925
 205.000000 0.855364 335.122645
 210.000000 0.826140 334.381360
 215.000000 0.851370 335.156186
 220.000000 0.839300 334.624577
 225.000000 0.844129 334.958050
 230.000000 0.837609 334.408448
 235.000000 0.843633 334.869999
 240.000000 0.843027 334.841158
 245.000000 0.837009 334.723721
 250.000000 0.837698 333.875777
 255.000000 0.849686 334.688962
 260.000000 0.843906 334.875365
 265.000000 0.833626 334.068627
 270.000000 0.836904 334.743586
 275.000000 0.825381 334.125421
 280.000000 0.851070 335.014292
 285.000000 0.845045 334.838138
 290.000000 0.826293 333.158568
 295.000000 0.828861 334.282148
 300.000000 0.851740 334.881881
 305.000000 0.849574 334.584451
 310.000000 0.825637 333.768521
 315.000000 0.847906 334.703735
 320.000000 0.840150 334.570850
 325.000000 0.827272 334.301304
 330.000000 0.839370 334.656095
 335.000000 0.863101 335.088227
 340.000000 0.830104 334.132558
 345.000000 0.854679 335.135703
 350.000000 0.844809 335.061716
 355.000000 0.847447 334.755929
 360.000000 0.835569 334.223428
 365.000000 0.833432 334.785401
 370.000000 0.848428 334.965906
 375.000000 0.830992 333.439450
 380.000000 0.821782 334.373110
 385.000000 0.835792 334.212638
 390.000000 0.858352 335.126944
 395.000000 0.863050 335.279548
 400.000000 0.847876 335.050832
