#! FIELDS time refcv.mean refcv.morethan
 20.000000 1.259494 335.994730
 25.000000 1.261912 335.994873
 30.000000 1.256960 335.994599
 35.000000 1.262455 335.994895
 40.000000 1.253173 335.994403
 45.000000 1.256589 335.994582
 50.000000 1.258256 335.994688
 55.000000 1.257581 335.994650
 60.000000 1.258096 335.994650
 65.000000 1.263558 335.994965
 70.000000 1.263445 335.994959
 75.000000 1.254547 335.994448
 80.000000 1.263254 335.994948
 85.000000 1.259522 335.994745
 90.000000 1.261971 335.994857
 95.000000 1.259510 335.994733
 100.000000 1.248421 335.994139
 105.000000 1.256570 335.994592
 110.000000 1.252638 335.994397
 115.000000 1.250492 335.994227
 120.000000 1.261686 335.994844
 125.000000 1.257008 335.994566
 130.000000 1.249959 335.994231
 135.000000 1.255857 335.994527
 140.000000 1.253347 335.994414
 145.000000 1.250182 335.994243
 150.000000 1.258397 335.994708
 155.000000 1.255959 335.994548
 160.000000 1.252131 335.994368
 165.000000 1.260050 335.994768
 170.000000 1.254730 335.994489
 175.000000 1.249046 335.994126
 180.000000 1.254010 335.994390
 185.000000 1.247347 335.994048
 190.000000 1.240073 335.993603
 195.000000 1.248125 335.994155
 200.000000 1.253946 335.994439
 205.000000 1.264558 335.995019
 210.000000 1.258788 335.994677
 215.000000 1.262770 335.994940
 220.000000 1.255690 335.994561
 225.000000 1.262430 335.994895
 230.000000 1.254421 335.994477
 235.000000 1.262086 335.994881
 240.000000 1.253137 335.994429
 245.000000 1.250709 335.994285
 250.000000 1.258303 335.994675
 255.000000 1.257428 335.994637
 260.000000 1.251719 335.994323
 265.000000 1.251028 335.994243
 270.000000 1.251251 335.994295
 275.000000 1.253398 335.994386
 280.000000 1.252686 335.994363
 285.000000 1.258090 335.994660
 290.000000 1.263489 335.994888
 295.000000 1.248822 335.994125
 300.000000 1.254561 335.994470
 305.000000 1.256873 335.994591
 310.000000 1.249755 335.994218
 315.000000 1.251751 335.994327
 320.000000 1.251838 335.994332
 325.000000 1.246262 335.993997
 330.000000 1.251177 335.994310
 335.000000 1.265776 335.995036
 340.000000 1.265039 335.994992
 345.000000 1.272026 335.995357
 350.000000 1.264267 335.994976
 355.000000 1.261714 335.994832
 360.000000 1.252513 335.994315
 365.000000 1.260064 335.994764
 370.000000 1.262507 335.994908
 375.000000 1.251150 335.994181
 380.000000 1.248860 335.994182
 385.000000 1.248463 335.994121
 390.000000 1.264038 335.995006
 395.000000 1.262530 335.994901
 400.000000 1.259638 335.994764
