#! FIELDS time refcv.mean refcv.morethan
 20.000000 1.585723 287.999682
 25.000000 1.570941 287.999643
 30.000000 1.536048 287.999525
 35.000000 1.566539 287.999638
 40.000000 1.563358 287.999620
 45.000000 1.577603 287.999660
 50.000000 1.556426 287.999620
 55.000000 1.579749 287.999676
 60.000000 1.585780 287.999683
 65.000000 1.571224 287.999647
 70.000000 1.579124 287.999671
 75.000000 1.559683 287.999592
 80.000000 1.580948 287.999663
 85.000000 1.559042 287.999615
 90.000000 1.561192 287.999604
 95.000000 1.571282 287.999655
 100.000000 1.556789 287.999598
 105.000000 1.545270 287.999580
 110.000000 1.557996 287.999594
 115.000000 1.563191 287.999620
 120.000000 1.565167 287.999621
 125.000000 1.552017 287.999592
 130.000000 1.593309 287.999701
 135.000000 1.574120 287.999668
 140.000000 1.574517 287.999656
 145.000000 1.570078 287.999642
 150.000000 1.579197 287.999664
 155.000000 1.574335 287.999666
 160.000000 1.564399 287.999636
 165.000000 1.579299 287.999671
 170.000000 1.581589 287.999681
 175.000000 1.565467 287.999636
 180.000000 1.559367 287.999620
 185.000000 1.575584 287.999654
 190.000000 1.594266 287.999694
 195.000000 1.569115 287.999639
 200.000000 1.587600 287.999688
 205.000000 1.586654 287.999693
 210.000000 1.583204 287.999673
 215.000000 1.582640 287.999679
 220.000000 1.553472 287.999593
 225.000000 1.567753 287.999629
 230.000000 1.571472 287.999634
 235.000000 1.562737 287.999610
 240.000000 1.558886 287.999594
 245.000000 1.573229 287.999657
 250.000000 1.582619 287.999683
 255.000000 1.582741 287.999687
 260.000000 1.592611 287.999703
 265.000000 1.605075 287.999727
 270.000000 1.582094 287.999677
 275.000000 1.576762 287.999649
 280.000000 1.564575 287.999621
 285.000000 1.567015 287.999642
 290.000000 1.573586 287.999652
 295.000000 1.568200 287.999640
 300.000000 1.566421 287.999637
 305.000000 1.582481 287.999685
 310.000000 1.553401 287.999586
 315.000000 1.576019 287.999668
 320.000000 1.576309 287.999661
 325.000000 1.559618 287.999621
 330.000000 1.565619 287.999599
 335.000000 1.579895 287.999667
 340.000000 1.568143 287.999629
 345.000000 1.574518 287.999652
 350.000000 1.574640 287.999644
 355.000000 1.573902 287.999662
 360.000000 1.569847 287.999643
 365.000000 1.579744 287.999664
 370.000000 1.584044 287.999667
 375.000000 1.581143 287.999673
 380.000000 1.573000 287.999654
 385.000000 1.577400 287.999671
 390.000000 1.585118 287.999679
 395.000000 1.590859 287.999706
 400.000000 1.568849 287.999641
 405.000000 1.572565 287.999667
 410.000000 1.572645 287.999669
 415.000000 1.573048 287.999659
 420.000000 1.583740 287.999692
 425.000000 1.586296 287.999693
 430.000000 1.576358 287.999653
 435.000000 1.558222 287.999602
 440.000000 1.572874 287.999661
 445.000000 1.570241 287.999650
 450.000000 1.575725 287.999668
 455.000000 1.542408 287.999545
 460.000000 1.578739 287.999670
 465.000000 1.564309 287.999623
 470.000000 1.562037 287.999615
 475.000000 1.563809 287.999609
 480.000000 1.574624 287.999650
 485.000000 1.586639 287.999680
 490.000000 1.572861 287.999657
 495.000000 1.572940 287.999635
 500.000000 1.559825 287.999619
 505.000000 1.582115 287.999661
 510.000000 1.574075 287.999661
 515.000000 1.564407 287.999629
 520.000000 1.558760 287.999625
 525.000000 1.555172 287.999579
 530.000000 1.560585 287.999597
 535.000000 1.557417 287.999606
 540.000000 1.553038 287.999604
 545.000000 1.549281 287.999583
 550.000000 1.567740 287.999647
 555.000000 1.554648 287.999589
 560.000000 1.586326 287.999683
 565.000000 1.574495 287.999649
 570.000000 1.567863 287.999623
 575.000000 1.569419 287.999649
 580.000000 1.556580 287.999604
 585.000000 1.572345 287.999657
 590.000000 1.559820 287.999621
 595.000000 1.568631 287.999642
 600.000000 1.581918 287.999679
 605.000000 1.566862 287.999644
 610.000000 1.580268 287.999681
 615.000000 1.568327 287.999628
 620.000000 1.561429 287.999629
 625.000000 1.544664 287.999570
 630.000000 1.558647 287.999606
 635.000000 1.575752 287.999659
 640.000000 1.577203 287.999665
 645.000000 1.600267 287.999723
 650.000000 1.605833 287.999732
 655.000000 1.560285 287.999619
 660.000000 1.578296 287.999672
 665.000000 1.566554 287.999641
 670.000000 1.568218 287.999655
 675.000000 1.554521 287.999610
 680.000000 1.560505 287.999632
 685.000000 1.571036 287.999657
 690.000000 1.570824 287.999641
 695.000000 1.563431 287.999626
 700.000000 1.550517 287.999597
 705.000000 1.559792 287.999616
 710.000000 1.564548 287.999633
 715.000000 1.562975 287.999623
 720.000000 1.598316 287.999716
 725.000000 1.554056 287.999599
 730.000000 1.555019 287.999614
 735.000000 1.585786 287.999690
 740.000000 1.565400 287.999623
 745.000000 1.583633 287.999680
 750.000000 1.563403 287.999611
 755.000000 1.559573 287.999626
 760.000000 1.538292 287.999555
 765.000000 1.561025 287.999630
 770.000000 1.569039 287.999647
 775.000000 1.562006 287.999624
 780.000000 1.568282 287.999637
 785.000000 1.569704 287.999644
 790.000000 1.575849 287.999651
 795.000000 1.566268 287.999634
 800.000000 1.551183 287.999599
 805.000000 1.546454 287.999576
 810.000000 1.567167 287.999633
 815.000000 1.560019 287.999603
 820.000000 1.570032 287.999640
 825.000000 1.572061 287.999657
 830.000000 1.570548 287.999655
 835.000000 1.587013 287.999677
 840.000000 1.572395 287.999654
 845.000000 1.569707 287.999648
 850.000000 1.580032 287.999671
 855.000000 1.567911 287.999642
 860.000000 1.560481 287.999614
 865.000000 1.568359 287.999632
 870.000000 1.580009 287.999667
 875.000000 1.574298 287.999671
 880.000000 1.566479 287.999645
 885.000000 1.578352 287.999663
 890.000000 1.592858 287.999709
 895.000000 1.591598 287.999707
 900.000000 1.584760 287.999684
 905.000000 1.567718 287.999636
 910.000000 1.590309 287.999708
 915.000000 1.560433 287.999623
 920.000000 1.587000 287.999680
 925.000000 1.586693 287.999691
 930.000000 1.581210 287.999666
 935.000000 1.569127 287.999646
 940.000000 1.593386 287.999716
 945.000000 1.563557 287.999631
 950.000000 1.580791 287.999676
 955.000000 1.578192 287.999669
 960.000000 1.567785 287.999652
 965.000000 1.581832 287.999680
 970.000000 1.565728 287.999641
 975.000000 1.565674 287.999623
 980.000000 1.590225 287.999701
 985.000000 1.594367 287.999706
 990.000000 1.581515 287.999681
 995.000000 1.564195 287.999628
 1000.000000 1.551369 287.999585
