#! FIELDS time refcv.mean refcv.morethan
 20.000000 0.605925 239.581766
 25.000000 0.593132 233.499783
 30.000000 0.583318 225.124245
 35.000000 0.596746 237.398126
 40.000000 0.589268 230.094414
 45.000000 0.598178 238.351116
 50.000000 0.601943 239.500945
 55.000000 0.599247 237.694851
 60.000000 0.615103 245.906437
 65.000000 0.601438 237.462309
 70.000000 0.613350 246.135392
 75.000000 0.594040 234.447942
 80.000000 0.601870 240.463227
 85.000000 0.595736 236.803889
 90.000000 0.601560 238.959298
 95.000000 0.611134 242.562181
 100.000000 0.600813 237.471068
 105.000000 0.591523 231.563139
 110.000000 0.593200 234.160958
 115.000000 0.595586 233.803158
 120.000000 0.592097 235.481535
 125.000000 0.589449 229.584144
 130.000000 0.607611 244.831719
 135.000000 0.600374 240.776796
 140.000000 0.599214 237.819079
 145.000000 0.603778 240.668426
 150.000000 0.594635 235.836555
 155.000000 0.602243 239.571448
 160.000000 0.594700 235.905853
 165.000000 0.604026 237.386557
 170.000000 0.607836 243.810527
 175.000000 0.601227 237.971338
 180.000000 0.596031 234.934946
 185.000000 0.595350 236.853169
 190.000000 0.608674 242.638688
 195.000000 0.602115 241.338037
 200.000000 0.611007 246.286215
 205.000000 0.597368 238.095972
 210.000000 0.601830 239.395989
 215.000000 0.600095 236.896522
 220.000000 0.593826 234.231758
 225.000000 0.590364 231.242980
 230.000000 0.595052 231.590936
 235.000000 0.583949 225.844425
 240.000000 0.600329 236.405256
 245.000000 0.604920 240.658137
 250.000000 0.604328 241.349529
 255.000000 0.601363 239.270879
 260.000000 0.606129 242.770172
 265.000000 0.616183 245.407483
 270.000000 0.606161 240.648317
 275.000000 0.591422 230.079698
 280.000000 0.595861 234.358252
 285.000000 0.591988 234.566020
 290.000000 0.600156 238.621941
 295.000000 0.594339 235.239508
 300.000000 0.598867 238.163305
 305.000000 0.606649 245.294144
 310.000000 0.595325 233.718624
 315.000000 0.607928 245.034280
 320.000000 0.602476 240.337323
 325.000000 0.596363 236.154072
 330.000000 0.601388 239.496521
 335.000000 0.608680 242.003824
 340.000000 0.602923 236.729674
 345.000000 0.601841 238.941254
 350.000000 0.601399 238.351793
 355.000000 0.604693 242.540246
 360.000000 0.605603 241.188973
 365.000000 0.605571 242.931888
 370.000000 0.595897 235.717400
 375.000000 0.602510 242.191795
 380.000000 0.597590 236.666929
 385.000000 0.606825 244.675686
 390.000000 0.603037 238.458834
 395.000000 0.602556 243.833891
 400.000000 0.599395 240.442960
 405.000000 0.603469 241.001992
 410.000000 0.601581 240.663150
 415.000000 0.604967 240.659278
 420.000000 0.615470 249.539020
 425.000000 0.608128 244.398921
 430.000000 0.611567 248.639315
 435.000000 0.606698 244.020359
 440.000000 0.606554 243.202125
 445.000000 0.607356 243.125906
 450.000000 0.600223 238.780072
 455.000000 0.599574 233.798274
 460.000000 0.605766 238.835346
 465.000000 0.607069 242.191649
 470.000000 0.601747 237.604188
 475.000000 0.604626 238.026258
 480.000000 0.603751 239.413814
 485.000000 0.608469 246.217582
 490.000000 0.604414 238.883165
 495.000000 0.593047 234.105084
 500.000000 0.596642 233.909115
 505.000000 0.605862 239.147223
 510.000000 0.600241 239.880869
 515.000000 0.603188 237.935313
 520.000000 0.597338 234.555853
 525.000000 0.601140 237.705460
 530.000000 0.596331 235.924008
 535.000000 0.593142 234.525761
 540.000000 0.595500 235.634451
 545.000000 0.593619 236.065654
 550.000000 0.587801 231.941726
 555.000000 0.588320 229.175964
 560.000000 0.605926 243.135555
 565.000000 0.604262 241.801861
 570.000000 0.592797 232.135388
 575.000000 0.602993 240.566870
 580.000000 0.597131 236.329731
 585.000000 0.606452 240.790023
 590.000000 0.601333 237.582323
 595.000000 0.595223 233.910112
 600.000000 0.596205 236.409498
 605.000000 0.606851 241.456285
 610.000000 0.608212 243.711915
 615.000000 0.599902 236.427317
 620.000000 0.600701 240.347935
 625.000000 0.586103 226.940124
 630.000000 0.600489 236.225998
 635.000000 0.603648 241.424429
 640.000000 0.612357 245.993805
 645.000000 0.617326 249.075341
 650.000000 0.609599 244.368965
 655.000000 0.596894 234.325853
 660.000000 0.612054 246.228843
 665.000000 0.601950 239.967223
 670.000000 0.591267 233.999684
 675.000000 0.602236 241.367413
 680.000000 0.601067 237.128338
 685.000000 0.602995 239.823179
 690.000000 0.603407 239.464478
 695.000000 0.607723 243.051149
 700.000000 0.596071 236.146428
 705.000000 0.596484 237.428786
 710.000000 0.601970 239.023375
 715.000000 0.595529 231.933678
 720.000000 0.614319 247.206745
 725.000000 0.596435 234.494345
 730.000000 0.591737 232.441286
 735.000000 0.613795 247.227539
 740.000000 0.603972 240.799784
 745.000000 0.610631 244.092924
 750.000000 0.594514 234.307970
 755.000000 0.598114 239.473214
 760.000000 0.594192 233.056920
 765.000000 0.594933 234.726153
 770.000000 0.595598 234.896943
 775.000000 0.595262 236.916211
 780.000000 0.596711 235.023790
 785.000000 0.607049 244.770767
 790.000000 0.610028 244.493230
 795.000000 0.605650 242.347532
 800.000000 0.595561 235.510105
 805.000000 0.595497 233.790980
 810.000000 0.610955 243.485079
 815.000000 0.606145 240.868179
 820.000000 0.604186 240.600179
 825.000000 0.611527 246.773677
 830.000000 0.607932 244.432217
 835.000000 0.611368 246.601412
 840.000000 0.594416 234.047106
 845.000000 0.610024 244.414818
 850.000000 0.614719 245.954902
 855.000000 0.603733 241.840538
 860.000000 0.600442 237.705272
 865.000000 0.601401 238.021036
 870.000000 0.601396 239.008445
 875.000000 0.604679 240.975820
 880.000000 0.604901 240.552470
 885.000000 0.607220 241.051912
 890.000000 0.618266 249.058831
 895.000000 0.606239 243.593500
 900.000000 0.608773 243.048629
 905.000000 0.602957 238.798515
 910.000000 0.614325 245.167218
 915.000000 0.612194 244.833013
 920.000000 0.610204 246.467046
 925.000000 0.608949 244.612209
 930.000000 0.602894 239.572095
 935.000000 0.603050 238.865346
 940.000000 0.605677 242.584449
 945.000000 0.599270 236.653312
 950.000000 0.606525 241.186833
 955.000000 0.603337 240.598234
 960.000000 0.595148 236.472618
 965.000000 0.605633 240.735484
 970.000000 0.594943 233.682074
 975.000000 0.589809 229.393226
 980.000000 0.607239 242.735168
 985.000000 0.604000 239.730483
 990.000000 0.597599 237.315917
 995.000000 0.596253 236.064834
 1000.000000 0.596117 235.482145
