#! FIELDS time refcv.mean refcv.morethan
 20.000000 0.395782 51.468026
 25.000000 0.379044 39.619490
 30.000000 0.371404 34.043952
 35.000000 0.383275 39.384372
 40.000000 0.375317 37.127622
 45.000000 0.386586 40.349591
 50.000000 0.394295 46.275541
 55.000000 0.388823 42.668162
 60.000000 0.404173 57.166780
 65.000000 0.392513 46.963563
 70.000000 0.404467 55.361782
 75.000000 0.384824 42.514322
 80.000000 0.387837 42.327036
 85.000000 0.384442 41.467140
 90.000000 0.387878 44.649198
 95.000000 0.399528 53.911943
 100.000000 0.391830 46.015585
 105.000000 0.383868 41.457724
 110.000000 0.377951 36.173540
 115.000000 0.381947 41.979244
 120.000000 0.378001 34.778555
 125.000000 0.379461 38.089639
 130.000000 0.394972 46.889407
 135.000000 0.386173 40.365938
 140.000000 0.388392 44.150169
 145.000000 0.393289 48.342523
 150.000000 0.381237 38.617008
 155.000000 0.388077 43.401883
 160.000000 0.382008 40.104164
 165.000000 0.396567 51.814242
 170.000000 0.398037 48.353880
 175.000000 0.390006 46.217480
 180.000000 0.388136 43.306985
 185.000000 0.380870 36.262226
 190.000000 0.397334 49.945004
 195.000000 0.396404 46.888013
 200.000000 0.402098 52.747346
 205.000000 0.385041 40.745988
 210.000000 0.388692 44.442006
 215.000000 0.387359 42.785690
 220.000000 0.387070 42.152814
 225.000000 0.376940 36.550688
 230.000000 0.383599 44.637386
 235.000000 0.371562 36.074556
 240.000000 0.391861 46.215978
 245.000000 0.392555 46.883592
 250.000000 0.393083 46.157781
 255.000000 0.387383 43.114219
 260.000000 0.396371 47.796636
 265.000000 0.407500 58.954780
 270.000000 0.395955 51.011960
 275.000000 0.379778 40.218814
 280.000000 0.385609 45.429018
 285.000000 0.380309 37.272715
 290.000000 0.389360 45.349711
 295.000000 0.380485 38.386077
 300.000000 0.388690 42.723233
 305.000000 0.396794 46.641023
 310.000000 0.386849 43.089512
 315.000000 0.396097 47.512213
 320.000000 0.391504 45.877507
 325.000000 0.386528 41.780158
 330.000000 0.390641 44.527910
 335.000000 0.397492 50.750887
 340.000000 0.391684 49.691203
 345.000000 0.389755 44.716877
 350.000000 0.392316 45.163037
 355.000000 0.392479 45.954180
 360.000000 0.395408 49.662229
 365.000000 0.393871 44.564553
 370.000000 0.382098 40.935247
 375.000000 0.387017 39.990237
 380.000000 0.383377 42.193642
 385.000000 0.393193 43.759661
 390.000000 0.390353 47.583952
 395.000000 0.388935 42.058714
 400.000000 0.387386 38.066293
 405.000000 0.394880 46.479385
 410.000000 0.388573 47.015055
 415.000000 0.393477 49.600644
 420.000000 0.405869 54.240789
 425.000000 0.397676 49.396915
 430.000000 0.405016 51.996294
 435.000000 0.401036 48.566751
 440.000000 0.399031 48.631295
 445.000000 0.393515 47.833443
 450.000000 0.385748 41.783382
 455.000000 0.393031 49.355858
 460.000000 0.394394 53.046124
 465.000000 0.399407 51.305870
 470.000000 0.392718 49.729585
 475.000000 0.396182 51.145873
 480.000000 0.393549 47.984021
 485.000000 0.398477 48.846017
 490.000000 0.395667 49.229279
 495.000000 0.381365 38.661185
 500.000000 0.384331 44.934481
 505.000000 0.395694 49.845314
 510.000000 0.385295 43.343514
 515.000000 0.390641 46.771656
 520.000000 0.387083 47.981520
 525.000000 0.390659 43.764954
 530.000000 0.384037 40.329107
 535.000000 0.381223 38.338601
 540.000000 0.385158 39.780691
 545.000000 0.384659 39.078392
 550.000000 0.371193 31.510930
 555.000000 0.374603 35.480922
 560.000000 0.390953 44.509103
 565.000000 0.396686 50.643129
 570.000000 0.377474 39.333911
 575.000000 0.397024 50.696704
 580.000000 0.385597 40.949356
 585.000000 0.395092 51.329910
 590.000000 0.391076 47.305305
 595.000000 0.386807 44.792392
 600.000000 0.383246 40.809525
 605.000000 0.401274 52.272200
 610.000000 0.398160 49.426737
 615.000000 0.392822 46.291543
 620.000000 0.390404 42.466688
 625.000000 0.373739 38.533563
 630.000000 0.390404 47.470564
 635.000000 0.393565 47.661502
 640.000000 0.405088 53.346569
 645.000000 0.406995 58.217485
 650.000000 0.394044 48.224729
 655.000000 0.383019 41.789253
 660.000000 0.405469 54.388355
 665.000000 0.391758 43.840196
 670.000000 0.375868 34.333920
 675.000000 0.394787 45.239945
 680.000000 0.393477 48.949087
 685.000000 0.390834 44.973988
 690.000000 0.393196 50.430539
 695.000000 0.400174 53.692667
 700.000000 0.388430 45.326859
 705.000000 0.386408 40.897032
 710.000000 0.392015 46.234520
 715.000000 0.384451 46.101755
 720.000000 0.400792 53.230659
 725.000000 0.387852 44.299948
 730.000000 0.379043 38.533331
 735.000000 0.402170 54.577354
 740.000000 0.395604 49.176753
 745.000000 0.397607 50.739214
 750.000000 0.382571 41.789351
 755.000000 0.389022 42.579984
 760.000000 0.386958 44.919596
 765.000000 0.381962 39.204277
 770.000000 0.384635 42.743468
 775.000000 0.382619 37.920128
 780.000000 0.382535 40.900117
 785.000000 0.395410 45.596215
 790.000000 0.401273 51.313240
 795.000000 0.397899 48.290585
 800.000000 0.387746 45.622708
 805.000000 0.387493 42.951128
 810.000000 0.402592 52.692612
 815.000000 0.398066 50.997003
 820.000000 0.394343 48.800277
 825.000000 0.402703 51.547208
 830.000000 0.400966 50.609470
 835.000000 0.397701 47.558130
 840.000000 0.380799 42.047258
 845.000000 0.398836 53.860904
 850.000000 0.407354 58.668886
 855.000000 0.395591 47.089444
 860.000000 0.390866 45.689516
 865.000000 0.391878 47.441419
 870.000000 0.388489 45.448528
 875.000000 0.396205 50.250988
 880.000000 0.396768 50.369403
 885.000000 0.396500 51.268540
 890.000000 0.408846 58.354342
 895.000000 0.394135 46.286700
 900.000000 0.397191 49.485923
 905.000000 0.391094 45.633860
 910.000000 0.401879 57.049694
 915.000000 0.407771 58.924558
 920.000000 0.398037 48.310595
 925.000000 0.398926 51.331491
 930.000000 0.392585 47.928250
 935.000000 0.397235 49.468296
 940.000000 0.388064 43.692271
 945.000000 0.393796 48.437293
 950.000000 0.398212 50.953038
 955.000000 0.393613 44.320814
 960.000000 0.383344 41.124639
 965.000000 0.396834 52.240823
 970.000000 0.384103 46.222098
 975.000000 0.376320 38.175534
 980.000000 0.393424 48.856292
 985.000000 0.390009 46.158434
 990.000000 0.383793 41.021831
 995.000000 0.385771 42.204277
 1000.000000 0.389826 45.186130
