#! FIELDS time refcv.mean refcv.morethan
 20.000000 0.427466 71.651937
 25.000000 0.410896 57.957218
 30.000000 0.403022 51.213472
 35.000000 0.414637 58.550543
 40.000000 0.406986 53.873608
 45.000000 0.418121 58.912198
 50.000000 0.425191 66.324129
 55.000000 0.420500 61.738078
 60.000000 0.435993 78.364361
 65.000000 0.423694 67.481592
 70.000000 0.436025 77.519997
 75.000000 0.415727 60.238543
 80.000000 0.419938 63.483035
 85.000000 0.416127 59.386295
 90.000000 0.419761 64.813629
 95.000000 0.431362 74.755111
 100.000000 0.423300 67.722260
 105.000000 0.414627 59.829525
 110.000000 0.410171 53.869877
 115.000000 0.414008 60.070156
 120.000000 0.409935 54.052469
 125.000000 0.410490 56.847227
 130.000000 0.426605 66.928192
 135.000000 0.418035 59.951959
 140.000000 0.420059 64.411273
 145.000000 0.424500 68.400546
 150.000000 0.413110 58.743910
 155.000000 0.420127 63.453560
 160.000000 0.413569 57.951430
 165.000000 0.427183 70.399989
 170.000000 0.429492 69.700500
 175.000000 0.422032 65.839647
 180.000000 0.418987 60.909963
 185.000000 0.412914 55.304636
 190.000000 0.428468 70.092351
 195.000000 0.427101 68.368013
 200.000000 0.433416 76.339914
 205.000000 0.416675 60.414416
 210.000000 0.420586 64.512110
 215.000000 0.419222 63.069963
 220.000000 0.417824 62.095507
 225.000000 0.408959 54.185459
 230.000000 0.415182 63.414400
 235.000000 0.403113 51.472224
 240.000000 0.422954 66.387449
 245.000000 0.424395 67.314077
 250.000000 0.424792 66.725393
 255.000000 0.419232 62.434963
 260.000000 0.427811 68.911350
 265.000000 0.438710 81.807399
 270.000000 0.427263 69.838406
 275.000000 0.411273 58.707305
 280.000000 0.417107 64.857574
 285.000000 0.411749 56.120963
 290.000000 0.420955 65.487589
 295.000000 0.412214 56.992211
 300.000000 0.420234 60.921792
 305.000000 0.428178 68.681928
 310.000000 0.418226 63.873352
 315.000000 0.427830 69.663403
 320.000000 0.423436 65.565076
 325.000000 0.418087 60.296389
 330.000000 0.422552 63.801274
 335.000000 0.429357 72.489975
 340.000000 0.423501 69.460769
 345.000000 0.421634 65.298183
 350.000000 0.423277 64.176897
 355.000000 0.424261 65.840843
 360.000000 0.426781 68.175950
 365.000000 0.425890 65.838577
 370.000000 0.414285 60.307352
 375.000000 0.419926 60.836416
 380.000000 0.415429 61.818219
 385.000000 0.425242 64.502325
 390.000000 0.422040 67.307958
 395.000000 0.420832 61.867162
 400.000000 0.419317 58.215665
 405.000000 0.426126 67.284503
 410.000000 0.420584 66.005193
 415.000000 0.425295 68.502411
 420.000000 0.437521 75.993700
 425.000000 0.429039 70.259054
 430.000000 0.435996 72.580528
 435.000000 0.431815 68.986667
 440.000000 0.429915 68.368605
 445.000000 0.425848 67.615977
 450.000000 0.417862 60.593946
 455.000000 0.423944 69.517114
 460.000000 0.425496 72.570236
 465.000000 0.430552 72.905482
 470.000000 0.423963 69.143820
 475.000000 0.427617 70.466363
 480.000000 0.425234 68.354204
 485.000000 0.429919 69.604996
 490.000000 0.426783 70.189735
 495.000000 0.412971 57.341898
 500.000000 0.416385 63.288229
 505.000000 0.426972 69.991992
 510.000000 0.417536 61.587527
 515.000000 0.422972 66.454495
 520.000000 0.418473 65.336287
 525.000000 0.422206 62.645645
 530.000000 0.416107 59.747206
 535.000000 0.412708 57.446649
 540.000000 0.416647 59.777949
 545.000000 0.415810 57.094637
 550.000000 0.403118 48.749286
 555.000000 0.406225 52.816377
 560.000000 0.423251 66.066603
 565.000000 0.428008 70.784851
 570.000000 0.409457 57.980916
 575.000000 0.427596 69.908281
 580.000000 0.417084 59.982733
 585.000000 0.426824 71.913040
 590.000000 0.422569 67.107831
 595.000000 0.417996 62.326532
 600.000000 0.414784 59.483471
 605.000000 0.431916 72.640202
 610.000000 0.429683 71.884430
 615.000000 0.423238 65.523639
 620.000000 0.422140 63.257844
 625.000000 0.405236 55.458921
 630.000000 0.421818 67.607231
 635.000000 0.424810 69.464391
 640.000000 0.436112 74.899980
 645.000000 0.438657 80.493478
 650.000000 0.426169 70.225416
 655.000000 0.414967 59.670651
 660.000000 0.436378 76.240620
 665.000000 0.423432 63.968678
 670.000000 0.408099 52.337686
 675.000000 0.426020 66.058319
 680.000000 0.424175 67.866371
 685.000000 0.422367 64.382814
 690.000000 0.424315 70.116857
 695.000000 0.431402 75.866820
 700.000000 0.419318 65.088616
 705.000000 0.417841 59.795963
 710.000000 0.423468 65.780787
 715.000000 0.416179 63.242672
 720.000000 0.432827 76.281920
 725.000000 0.419285 64.647007
 730.000000 0.410698 55.128751
 735.000000 0.434140 76.070840
 740.000000 0.426950 70.340870
 745.000000 0.429392 71.821496
 750.000000 0.414218 59.548762
 755.000000 0.420208 62.512066
 760.000000 0.417973 62.992260
 765.000000 0.413872 58.138394
 770.000000 0.415928 60.036720
 775.000000 0.414559 57.443681
 780.000000 0.414174 58.884786
 785.000000 0.427273 66.289376
 790.000000 0.432562 72.613896
 795.000000 0.429271 69.317583
 800.000000 0.418834 64.757687
 805.000000 0.418472 61.690839
 810.000000 0.434029 74.797335
 815.000000 0.429331 71.534872
 820.000000 0.425800 68.816828
 825.000000 0.434272 73.966866
 830.000000 0.431898 71.313685
 835.000000 0.429646 70.195163
 840.000000 0.412619 60.971154
 845.000000 0.430911 73.398210
 850.000000 0.438461 80.469076
 855.000000 0.426670 66.608745
 860.000000 0.421691 64.532089
 865.000000 0.422903 66.510518
 870.000000 0.420252 64.064262
 875.000000 0.427238 70.333647
 880.000000 0.427885 69.987220
 885.000000 0.427976 71.744210
 890.000000 0.440323 80.977407
 895.000000 0.425812 65.997992
 900.000000 0.428723 70.752358
 905.000000 0.423107 66.255283
 910.000000 0.433572 78.059848
 915.000000 0.438894 79.777768
 920.000000 0.429820 69.035076
 925.000000 0.430410 71.737108
 930.000000 0.424053 68.875371
 935.000000 0.427907 69.654472
 940.000000 0.420917 64.265879
 945.000000 0.424343 67.558140
 950.000000 0.429392 70.744361
 955.000000 0.424814 66.351810
 960.000000 0.414934 59.990136
 965.000000 0.427643 71.551154
 970.000000 0.414928 63.180040
 975.000000 0.407591 55.712713
 980.000000 0.425154 69.250648
 985.000000 0.421764 65.525603
 990.000000 0.415660 59.686877
 995.000000 0.417261 61.866039
 1000.000000 0.420453 65.389000
