#! FIELDS time refcv.mean refcv.morethan
 20.000000 1.479803 287.999268
 25.000000 1.466296 287.999178
 30.000000 1.435506 287.998920
 35.000000 1.463503 287.999176
 40.000000 1.459116 287.999125
 45.000000 1.471759 287.999212
 50.000000 1.454286 287.999135
 55.000000 1.474663 287.999253
 60.000000 1.480379 287.999274
 65.000000 1.467406 287.999191
 70.000000 1.474977 287.999251
 75.000000 1.456911 287.999070
 80.000000 1.475985 287.999232
 85.000000 1.456537 287.999127
 90.000000 1.457707 287.999087
 95.000000 1.469018 287.999220
 100.000000 1.454067 287.999084
 105.000000 1.443809 287.999048
 110.000000 1.453324 287.999061
 115.000000 1.459214 287.999129
 120.000000 1.460847 287.999129
 125.000000 1.449369 287.999070
 130.000000 1.487865 287.999314
 135.000000 1.470537 287.999247
 140.000000 1.470918 287.999219
 145.000000 1.466678 287.999183
 150.000000 1.473925 287.999227
 155.000000 1.470864 287.999238
 160.000000 1.461210 287.999171
 165.000000 1.475717 287.999252
 170.000000 1.476506 287.999267
 175.000000 1.461689 287.999167
 180.000000 1.457035 287.999137
 185.000000 1.472291 287.999219
 190.000000 1.489019 287.999301
 195.000000 1.465653 287.999178
 200.000000 1.482121 287.999286
 205.000000 1.480594 287.999293
 210.000000 1.477828 287.999252
 215.000000 1.476640 287.999258
 220.000000 1.451467 287.999078
 225.000000 1.463279 287.999145
 230.000000 1.467742 287.999165
 235.000000 1.459375 287.999106
 240.000000 1.455277 287.999072
 245.000000 1.470803 287.999222
 250.000000 1.477240 287.999269
 255.000000 1.477849 287.999281
 260.000000 1.486033 287.999317
 265.000000 1.497358 287.999369
 270.000000 1.477539 287.999265
 275.000000 1.472206 287.999197
 280.000000 1.461224 287.999141
 285.000000 1.463501 287.999184
 290.000000 1.468658 287.999201
 295.000000 1.463624 287.999170
 300.000000 1.462153 287.999166
 305.000000 1.477651 287.999281
 310.000000 1.450877 287.999056
 315.000000 1.471416 287.999240
 320.000000 1.471337 287.999219
 325.000000 1.456167 287.999132
 330.000000 1.462312 287.999088
 335.000000 1.474496 287.999234
 340.000000 1.464648 287.999157
 345.000000 1.469996 287.999200
 350.000000 1.469923 287.999185
 355.000000 1.470913 287.999232
 360.000000 1.466157 287.999193
 365.000000 1.474957 287.999228
 370.000000 1.478965 287.999238
 375.000000 1.476991 287.999258
 380.000000 1.469807 287.999217
 385.000000 1.474022 287.999255
 390.000000 1.480074 287.999265
 395.000000 1.485620 287.999329
 400.000000 1.464872 287.999181
 405.000000 1.467361 287.999232
 410.000000 1.468516 287.999244
 415.000000 1.468566 287.999218
 420.000000 1.478231 287.999290
 425.000000 1.480433 287.999293
 430.000000 1.472127 287.999211
 435.000000 1.456365 287.999104
 440.000000 1.468355 287.999220
 445.000000 1.468514 287.999216
 450.000000 1.470665 287.999236
 455.000000 1.441645 287.998964
 460.000000 1.474788 287.999252
 465.000000 1.461517 287.999145
 470.000000 1.460044 287.999129
 475.000000 1.460838 287.999118
 480.000000 1.471073 287.999200
 485.000000 1.481415 287.999268
 490.000000 1.469796 287.999222
 495.000000 1.468951 287.999168
 500.000000 1.456904 287.999132
 505.000000 1.478151 287.999229
 510.000000 1.470582 287.999228
 515.000000 1.461353 287.999156
 520.000000 1.456445 287.999146
 525.000000 1.453325 287.999041
 530.000000 1.457236 287.999079
 535.000000 1.454018 287.999098
 540.000000 1.450431 287.999093
 545.000000 1.447625 287.999053
 550.000000 1.463598 287.999188
 555.000000 1.451012 287.999054
 560.000000 1.480928 287.999275
 565.000000 1.469256 287.999197
 570.000000 1.464618 287.999139
 575.000000 1.465696 287.999194
 580.000000 1.454031 287.999099
 585.000000 1.468096 287.999216
 590.000000 1.457960 287.999148
 595.000000 1.464117 287.999171
 600.000000 1.476212 287.999260
 605.000000 1.463950 287.999192
 610.000000 1.476022 287.999273
 615.000000 1.465876 287.999159
 620.000000 1.458388 287.999153
 625.000000 1.441736 287.999008
 630.000000 1.456793 287.999110
 635.000000 1.472212 287.999227
 640.000000 1.473950 287.999240
 645.000000 1.494194 287.999366
 650.000000 1.498847 287.999386
 655.000000 1.458263 287.999139
 660.000000 1.474393 287.999255
 665.000000 1.462841 287.999176
 670.000000 1.464352 287.999208
 675.000000 1.451779 287.999110
 680.000000 1.459526 287.999175
 685.000000 1.467736 287.999222
 690.000000 1.467749 287.999182
 695.000000 1.462620 287.999163
 700.000000 1.449425 287.999091
 705.000000 1.456949 287.999124
 710.000000 1.461596 287.999161
 715.000000 1.460390 287.999144
 720.000000 1.493154 287.999354
 725.000000 1.451207 287.999083
 730.000000 1.452735 287.999120
 735.000000 1.480909 287.999294
 740.000000 1.462118 287.999143
 745.000000 1.479550 287.999273
 750.000000 1.459628 287.999108
 755.000000 1.456574 287.999146
 760.000000 1.438552 287.998998
 765.000000 1.458292 287.999159
 770.000000 1.464197 287.999186
 775.000000 1.458905 287.999141
 780.000000 1.466316 287.999183
 785.000000 1.465833 287.999190
 790.000000 1.472189 287.999208
 795.000000 1.463948 287.999173
 800.000000 1.447999 287.999083
 805.000000 1.445388 287.999042
 810.000000 1.463762 287.999164
 815.000000 1.458867 287.999103
 820.000000 1.465336 287.999171
 825.000000 1.469571 287.999226
 830.000000 1.466773 287.999212
 835.000000 1.482610 287.999264
 840.000000 1.468056 287.999207
 845.000000 1.465965 287.999194
 850.000000 1.474798 287.999243
 855.000000 1.464842 287.999182
 860.000000 1.457688 287.999120
 865.000000 1.465063 287.999162
 870.000000 1.475746 287.999242
 875.000000 1.469540 287.999244
 880.000000 1.463449 287.999191
 885.000000 1.474545 287.999233
 890.000000 1.487490 287.999333
 895.000000 1.485935 287.999329
 900.000000 1.480033 287.999280
 905.000000 1.463847 287.999170
 910.000000 1.485385 287.999331
 915.000000 1.458485 287.999148
 920.000000 1.482451 287.999273
 925.000000 1.482450 287.999296
 930.000000 1.476316 287.999237
 935.000000 1.465863 287.999196
 940.000000 1.486984 287.999346
 945.000000 1.460384 287.999158
 950.000000 1.477430 287.999269
 955.000000 1.474335 287.999246
 960.000000 1.463858 287.999205
 965.000000 1.478108 287.999274
 970.000000 1.461966 287.999179
 975.000000 1.462508 287.999140
 980.000000 1.485484 287.999317
 985.000000 1.487599 287.999321
 990.000000 1.475778 287.999264
 995.000000 1.459589 287.999139
 1000.000000 1.449505 287.999057
