#! FIELDS time refcv.mean refcv.morethan
 20.000000 0.304984 17.512612
 25.000000 0.289037 11.228474
 30.000000 0.282257 8.247415
 35.000000 0.294019 10.657295
 40.000000 0.285703 11.067469
 45.000000 0.297424 13.517775
 50.000000 0.305568 14.001042
 55.000000 0.299653 14.170677
 60.000000 0.312872 20.842662
 65.000000 0.304689 13.757584
 70.000000 0.315614 17.087734
 75.000000 0.296741 13.039485
 80.000000 0.296273 9.950926
 85.000000 0.294385 13.917963
 90.000000 0.298765 13.453509
 95.000000 0.309512 19.386086
 100.000000 0.301393 12.210811
 105.000000 0.297524 12.593147
 110.000000 0.286918 11.592140
 115.000000 0.290441 12.805328
 120.000000 0.287187 6.984219
 125.000000 0.291049 10.055146
 130.000000 0.305560 15.288408
 135.000000 0.296804 11.820208
 140.000000 0.298320 11.289029
 145.000000 0.305208 15.163181
 150.000000 0.292507 8.700788
 155.000000 0.296733 11.100832
 160.000000 0.293229 12.073521
 165.000000 0.310356 19.566776
 170.000000 0.308462 14.908521
 175.000000 0.298682 15.883344
 180.000000 0.301529 16.411328
 185.000000 0.290949 9.826695
 190.000000 0.307853 17.444565
 195.000000 0.308731 12.169871
 200.000000 0.313317 13.779564
 205.000000 0.295511 9.908437
 210.000000 0.297958 13.071121
 215.000000 0.297397 12.095360
 220.000000 0.300332 11.728146
 225.000000 0.286051 10.821788
 230.000000 0.293817 12.776253
 235.000000 0.282370 10.972176
 240.000000 0.303608 13.869734
 245.000000 0.301803 14.219255
 250.000000 0.303127 13.089468
 255.000000 0.296925 11.392511
 260.000000 0.306481 14.375025
 265.000000 0.317948 19.100200
 270.000000 0.305778 18.724538
 275.000000 0.290238 11.720519
 280.000000 0.296444 13.128377
 285.000000 0.291537 9.659977
 290.000000 0.299797 12.747090
 295.000000 0.290051 9.817201
 300.000000 0.299452 14.578890
 305.000000 0.307945 12.561003
 310.000000 0.297558 10.068367
 315.000000 0.305226 13.185129
 320.000000 0.299490 15.315595
 325.000000 0.296535 12.460998
 330.000000 0.299516 15.897195
 335.000000 0.306774 16.304083
 340.000000 0.300771 16.745928
 345.000000 0.300045 12.317933
 350.000000 0.305018 15.726464
 355.000000 0.302860 15.086744
 360.000000 0.306375 18.441023
 365.000000 0.301938 12.905103
 370.000000 0.290690 10.888741
 375.000000 0.293212 9.751165
 380.000000 0.292895 11.597712
 385.000000 0.301420 12.837907
 390.000000 0.301118 14.465623
 395.000000 0.298689 12.750079
 400.000000 0.295150 10.534001
 405.000000 0.305047 13.424655
 410.000000 0.297257 13.325235
 415.000000 0.301848 17.028811
 420.000000 0.314746 16.079544
 425.000000 0.308731 16.133716
 430.000000 0.316176 18.597153
 435.000000 0.312904 16.140616
 440.000000 0.311261 17.121622
 445.000000 0.301943 15.937098
 450.000000 0.294680 14.266784
 455.000000 0.305521 14.954800
 460.000000 0.305963 18.287166
 465.000000 0.310264 16.682740
 470.000000 0.303660 15.554933
 475.000000 0.306112 19.165647
 480.000000 0.303134 15.142148
 485.000000 0.309042 13.775489
 490.000000 0.307505 15.678090
 495.000000 0.291476 11.974773
 500.000000 0.292299 14.560752
 505.000000 0.305706 15.991543
 510.000000 0.294287 13.805320
 515.000000 0.300164 14.901046
 520.000000 0.298015 16.583597
 525.000000 0.299991 15.537409
 530.000000 0.292162 11.374882
 535.000000 0.290939 8.372929
 540.000000 0.296046 10.488509
 545.000000 0.296341 11.961564
 550.000000 0.282856 7.485660
 555.000000 0.286243 10.982066
 560.000000 0.299329 10.449003
 565.000000 0.307638 17.049495
 570.000000 0.287788 10.329389
 575.000000 0.309714 17.657866
 580.000000 0.295831 12.090619
 585.000000 0.304779 15.872622
 590.000000 0.302442 15.714467
 595.000000 0.299532 15.731440
 600.000000 0.294304 12.244951
 605.000000 0.312297 18.359338
 610.000000 0.307743 12.546055
 615.000000 0.306548 14.343037
 620.000000 0.300306 11.100371
 625.000000 0.284316 10.228704
 630.000000 0.302009 14.701927
 635.000000 0.304753 12.132641
 640.000000 0.315951 18.019503
 645.000000 0.316819 19.972001
 650.000000 0.302784 12.297252
 655.000000 0.291978 14.112051
 660.000000 0.317031 16.490366
 665.000000 0.301949 12.815548
 670.000000 0.286455 10.076593
 675.000000 0.306302 10.777669
 680.000000 0.305317 17.619716
 685.000000 0.301057 15.621938
 690.000000 0.304990 15.580101
 695.000000 0.311464 15.280833
 700.000000 0.300932 10.399402
 705.000000 0.297476 12.317643
 710.000000 0.302205 14.597698
 715.000000 0.294226 16.043747
 720.000000 0.308878 14.468794
 725.000000 0.297932 12.057062
 730.000000 0.290724 13.457900
 735.000000 0.309828 17.059271
 740.000000 0.306293 13.643934
 745.000000 0.305264 15.325507
 750.000000 0.293627 13.433160
 755.000000 0.300702 10.662909
 760.000000 0.298793 14.959499
 765.000000 0.291415 10.668106
 770.000000 0.296159 14.679604
 775.000000 0.292954 9.784187
 780.000000 0.293228 13.444865
 785.000000 0.304152 14.462070
 790.000000 0.311791 16.612670
 795.000000 0.308016 15.417609
 800.000000 0.299168 13.085984
 805.000000 0.299829 14.764343
 810.000000 0.312047 16.442738
 815.000000 0.308804 16.768239
 820.000000 0.305763 15.217581
 825.000000 0.312961 15.240789
 830.000000 0.313195 16.964963
 835.000000 0.306117 11.244069
 840.000000 0.290780 10.700994
 845.000000 0.308015 19.483973
 850.000000 0.318834 20.385282
 855.000000 0.307730 16.098246
 860.000000 0.303065 15.694887
 865.000000 0.302314 14.684344
 870.000000 0.298541 13.832733
 875.000000 0.307593 16.599324
 880.000000 0.308352 17.586587
 885.000000 0.307037 17.646722
 890.000000 0.317794 20.171880
 895.000000 0.304095 14.395639
 900.000000 0.306600 15.164816
 905.000000 0.299341 13.552563
 910.000000 0.311585 19.151120
 915.000000 0.318673 20.865975
 920.000000 0.307427 15.394326
 925.000000 0.309830 16.311207
 930.000000 0.301517 11.685611
 935.000000 0.308753 16.534700
 940.000000 0.294760 12.178561
 945.000000 0.306317 15.879585
 950.000000 0.309320 18.112566
 955.000000 0.305039 10.943399
 960.000000 0.293831 10.550888
 965.000000 0.310649 18.269845
 970.000000 0.297548 15.929442
 975.000000 0.288445 11.029222
 980.000000 0.303293 14.375102
 985.000000 0.300076 14.372604
 990.000000 0.294008 11.874586
 995.000000 0.296399 11.808054
 1000.000000 0.302067 13.461189
