#! FIELDS time refcv.mean refcv.morethan
 20.000000 0.493948 129.844829
 25.000000 0.478138 115.851157
 30.000000 0.470304 105.168531
 35.000000 0.482052 119.095253
 40.000000 0.474176 108.575908
 45.000000 0.484883 120.718327
 50.000000 0.491166 127.732187
 55.000000 0.486830 120.416998
 60.000000 0.503023 138.819130
 65.000000 0.489526 126.781954
 70.000000 0.502213 139.898979
 75.000000 0.481472 117.092084
 80.000000 0.488088 126.035417
 85.000000 0.482883 117.229519
 90.000000 0.487335 126.065344
 95.000000 0.498332 136.170874
 100.000000 0.489575 128.675129
 105.000000 0.479685 116.103646
 110.000000 0.477996 114.570208
 115.000000 0.481830 115.659272
 120.000000 0.477941 114.454024
 125.000000 0.476665 114.622884
 130.000000 0.493591 129.165107
 135.000000 0.485534 122.673481
 140.000000 0.486644 123.802319
 145.000000 0.490446 127.240432
 150.000000 0.480325 118.221492
 155.000000 0.487571 123.823940
 160.000000 0.480754 115.139791
 165.000000 0.492114 125.581825
 170.000000 0.495688 132.246602
 175.000000 0.488790 124.282619
 180.000000 0.484703 118.625346
 185.000000 0.481067 117.525812
 190.000000 0.494959 131.432472
 195.000000 0.491638 129.771123
 200.000000 0.499362 139.995095
 205.000000 0.483310 120.482097
 210.000000 0.488121 125.673222
 215.000000 0.486239 123.184305
 220.000000 0.482933 121.165182
 225.000000 0.476299 111.617631
 230.000000 0.481983 118.275230
 235.000000 0.470448 104.592191
 240.000000 0.488893 126.251312
 245.000000 0.491716 127.754802
 250.000000 0.491426 128.309187
 255.000000 0.486927 122.571614
 260.000000 0.494023 131.113258
 265.000000 0.504204 142.724112
 270.000000 0.493595 126.496098
 275.000000 0.478120 115.362257
 280.000000 0.483652 121.733527
 285.000000 0.478500 114.260462
 290.000000 0.487136 124.880787
 295.000000 0.479850 116.930406
 300.000000 0.486537 120.412964
 305.000000 0.494598 133.842918
 310.000000 0.484015 123.489961
 315.000000 0.494726 133.496391
 320.000000 0.490350 126.007021
 325.000000 0.484562 118.484831
 330.000000 0.489148 124.244542
 335.000000 0.496413 133.908737
 340.000000 0.490064 126.593388
 345.000000 0.488393 125.618835
 350.000000 0.489180 124.022890
 355.000000 0.491221 126.446664
 360.000000 0.493002 125.825853
 365.000000 0.493149 130.108491
 370.000000 0.481813 118.506797
 375.000000 0.488278 125.212392
 380.000000 0.483204 120.614607
 385.000000 0.492811 128.062562
 390.000000 0.489062 125.300492
 395.000000 0.488826 124.812659
 400.000000 0.486444 121.025744
 405.000000 0.492200 128.905038
 410.000000 0.488210 123.383474
 415.000000 0.492193 126.354838
 420.000000 0.503953 139.840743
 425.000000 0.495282 132.062294
 430.000000 0.501257 136.018253
 435.000000 0.496982 131.991685
 440.000000 0.495196 128.875338
 445.000000 0.493365 127.865031
 450.000000 0.485686 120.677182
 455.000000 0.489050 126.364933
 460.000000 0.492183 129.427615
 465.000000 0.495762 133.053292
 470.000000 0.489854 125.886850
 475.000000 0.493881 127.805807
 480.000000 0.491530 128.102429
 485.000000 0.496335 131.563966
 490.000000 0.492277 129.591175
 495.000000 0.479640 115.943455
 500.000000 0.483713 119.158483
 505.000000 0.493319 130.402533
 510.000000 0.485309 119.849590
 515.000000 0.490100 124.984660
 520.000000 0.484957 119.919704
 525.000000 0.488545 122.347510
 530.000000 0.483025 120.347771
 535.000000 0.479668 116.136453
 540.000000 0.483163 121.660450
 545.000000 0.481983 116.544660
 550.000000 0.471371 106.709705
 555.000000 0.473584 108.541981
 560.000000 0.491002 130.419779
 565.000000 0.493846 129.629144
 570.000000 0.477408 115.036032
 575.000000 0.492458 128.210619
 580.000000 0.483917 119.574096
 585.000000 0.493859 131.403762
 590.000000 0.489227 125.408867
 595.000000 0.483617 118.020695
 600.000000 0.481632 118.565024
 605.000000 0.496962 133.434809
 610.000000 0.495908 135.461343
 615.000000 0.488400 125.301938
 620.000000 0.488403 125.078642
 625.000000 0.472580 108.500609
 630.000000 0.488613 126.376116
 635.000000 0.491023 131.227961
 640.000000 0.501290 137.426020
 645.000000 0.505015 142.461907
 650.000000 0.494133 133.696453
 655.000000 0.482637 116.722912
 660.000000 0.501561 137.152490
 665.000000 0.490005 125.130433
 670.000000 0.476584 112.704876
 675.000000 0.491551 127.874829
 680.000000 0.489661 124.489916
 685.000000 0.489608 125.399264
 690.000000 0.490658 126.747747
 695.000000 0.496985 136.508347
 700.000000 0.484839 122.182488
 705.000000 0.484131 118.716057
 710.000000 0.489839 126.667788
 715.000000 0.483131 116.601223
 720.000000 0.500538 139.726493
 725.000000 0.485643 125.151305
 730.000000 0.477706 110.771396
 735.000000 0.501602 137.608135
 740.000000 0.492754 132.070247
 745.000000 0.496960 133.293221
 750.000000 0.480656 116.118280
 755.000000 0.486314 123.347966
 760.000000 0.483644 119.160142
 765.000000 0.481426 117.324568
 770.000000 0.482373 115.086064
 775.000000 0.481570 118.748015
 780.000000 0.481776 117.093555
 785.000000 0.494482 131.007339
 790.000000 0.498525 135.130936
 795.000000 0.495230 132.941681
 800.000000 0.484879 121.424866
 805.000000 0.484298 119.612209
 810.000000 0.500112 137.060275
 815.000000 0.495297 131.782029
 820.000000 0.492010 128.157741
 825.000000 0.500331 137.577112
 830.000000 0.497302 133.648784
 835.000000 0.497019 135.412513
 840.000000 0.480226 116.484789
 845.000000 0.497631 132.284753
 850.000000 0.504381 142.057235
 855.000000 0.491927 127.733783
 860.000000 0.488353 123.365362
 865.000000 0.489030 124.372915
 870.000000 0.487523 122.410834
 875.000000 0.492499 128.643347
 880.000000 0.493527 129.337882
 885.000000 0.494691 131.930488
 890.000000 0.506450 143.666612
 895.000000 0.492625 128.429993
 900.000000 0.495480 133.077238
 905.000000 0.490268 126.761557
 910.000000 0.500818 136.837951
 915.000000 0.503613 139.594354
 920.000000 0.496527 132.823572
 925.000000 0.496287 132.135293
 930.000000 0.490653 128.178576
 935.000000 0.492459 128.266800
 940.000000 0.489972 127.034744
 945.000000 0.489046 124.506033
 950.000000 0.495083 129.535642
 955.000000 0.491126 129.089630
 960.000000 0.482015 117.065763
 965.000000 0.492820 128.479734
 970.000000 0.481089 116.087119
 975.000000 0.474767 111.148325
 980.000000 0.492345 130.484403
 985.000000 0.489066 125.396297
 990.000000 0.483241 117.728887
 995.000000 0.484066 122.237682
 1000.000000 0.485911 123.923392
