#! FIELDS time refcv.mean refcv.morethan
 20.000000 0.693154 277.174837
 25.000000 0.681373 275.755434
 30.000000 0.670890 272.619599
 35.000000 0.685140 277.290413
 40.000000 0.677954 274.205299
 45.000000 0.686219 276.928154
 50.000000 0.687905 276.806251
 55.000000 0.687170 277.141897
 60.000000 0.700614 278.575518
 65.000000 0.689420 276.659268
 70.000000 0.699200 278.382973
 75.000000 0.681637 275.343598
 80.000000 0.690140 277.338384
 85.000000 0.682771 276.479823
 90.000000 0.688846 276.910610
 95.000000 0.698100 278.143437
 100.000000 0.687466 276.290595
 105.000000 0.677463 274.326575
 110.000000 0.681116 275.299629
 115.000000 0.682316 275.559425
 120.000000 0.680122 275.940763
 125.000000 0.677979 274.393814
 130.000000 0.696632 278.953064
 135.000000 0.688947 277.756768
 140.000000 0.686963 277.110840
 145.000000 0.691137 277.690122
 150.000000 0.683155 276.414972
 155.000000 0.690522 277.584549
 160.000000 0.683372 276.672762
 165.000000 0.691719 276.810853
 170.000000 0.695003 278.348551
 175.000000 0.688066 276.637163
 180.000000 0.683485 275.903042
 185.000000 0.684515 276.759106
 190.000000 0.696884 277.942526
 195.000000 0.688048 277.250682
 200.000000 0.698470 278.637496
 205.000000 0.686036 277.357370
 210.000000 0.690319 276.755903
 215.000000 0.688536 276.100817
 220.000000 0.680591 275.207250
 225.000000 0.679294 274.672742
 230.000000 0.682670 275.092425
 235.000000 0.672642 272.791766
 240.000000 0.687154 275.452632
 245.000000 0.692992 277.714228
 250.000000 0.692419 277.755273
 255.000000 0.690346 277.179920
 260.000000 0.693866 277.941093
 265.000000 0.703593 278.581366
 270.000000 0.693787 277.977273
 275.000000 0.680043 274.072687
 280.000000 0.683786 276.284498
 285.000000 0.680644 276.510019
 290.000000 0.687435 276.794309
 295.000000 0.682377 275.789922
 300.000000 0.685820 276.786754
 305.000000 0.694408 278.685467
 310.000000 0.681520 274.784057
 315.000000 0.694635 279.031057
 320.000000 0.689358 277.508851
 325.000000 0.683995 276.382491
 330.000000 0.687608 276.669722
 335.000000 0.696467 278.034939
 340.000000 0.689809 276.049300
 345.000000 0.689625 276.637549
 350.000000 0.688658 276.577473
 355.000000 0.692345 278.460237
 360.000000 0.692501 277.748650
 365.000000 0.692768 277.865576
 370.000000 0.684524 276.337019
 375.000000 0.690226 277.982981
 380.000000 0.685655 276.557017
 385.000000 0.694643 278.641934
 390.000000 0.691464 277.193065
 395.000000 0.691176 278.793283
 400.000000 0.686948 277.746859
 405.000000 0.690120 277.697975
 410.000000 0.689712 278.132351
 415.000000 0.691941 277.525966
 420.000000 0.701674 279.563796
 425.000000 0.695876 278.712506
 430.000000 0.697476 279.301129
 435.000000 0.691916 277.579668
 440.000000 0.693537 278.248405
 445.000000 0.694996 278.531371
 450.000000 0.688814 277.213173
 455.000000 0.684430 274.033430
 460.000000 0.694122 277.314884
 465.000000 0.693717 278.077809
 470.000000 0.687687 276.213384
 475.000000 0.691158 276.961008
 480.000000 0.690828 276.391372
 485.000000 0.696319 279.275860
 490.000000 0.690930 276.867620
 495.000000 0.682108 275.603228
 500.000000 0.684205 275.230276
 505.000000 0.693643 276.979190
 510.000000 0.688731 277.845118
 515.000000 0.690308 276.586157
 520.000000 0.683793 275.687059
 525.000000 0.687602 275.720767
 530.000000 0.684299 276.289580
 535.000000 0.681482 276.036177
 540.000000 0.682114 275.286197
 545.000000 0.680084 275.961466
 550.000000 0.677598 275.506336
 555.000000 0.676194 274.615211
 560.000000 0.694061 278.222741
 565.000000 0.690954 278.083221
 570.000000 0.682274 275.273415
 575.000000 0.689742 277.307805
 580.000000 0.684001 275.728578
 585.000000 0.693120 277.612198
 590.000000 0.688086 276.805411
 595.000000 0.682862 275.702405
 600.000000 0.685280 276.781160
 605.000000 0.693156 277.504164
 610.000000 0.695792 278.399436
 615.000000 0.687543 276.062455
 620.000000 0.687470 277.418632
 625.000000 0.674083 273.807008
 630.000000 0.687130 275.516766
 635.000000 0.691534 277.424986
 640.000000 0.698622 278.449919
 645.000000 0.703772 279.692377
 650.000000 0.699014 278.287441
 655.000000 0.684792 276.045141
 660.000000 0.698090 279.010743
 665.000000 0.689352 277.384162
 670.000000 0.680987 276.513829
 675.000000 0.687935 277.590283
 680.000000 0.688140 277.250089
 685.000000 0.690649 277.843644
 690.000000 0.691346 277.391678
 695.000000 0.693224 277.636849
 700.000000 0.682329 276.256192
 705.000000 0.683094 276.791748
 710.000000 0.688449 276.061890
 715.000000 0.682244 275.002801
 720.000000 0.702063 279.310854
 725.000000 0.682517 275.021430
 730.000000 0.679789 275.580272
 735.000000 0.700084 279.241716
 740.000000 0.690158 277.046501
 745.000000 0.698682 278.766375
 750.000000 0.682687 276.019365
 755.000000 0.684405 276.954489
 760.000000 0.680244 275.299403
 765.000000 0.683294 276.079167
 770.000000 0.683198 275.935146
 775.000000 0.682837 276.552005
 780.000000 0.685996 276.174393
 785.000000 0.694075 278.744084
 790.000000 0.696938 278.286227
 795.000000 0.692181 277.768106
 800.000000 0.681723 276.186685
 805.000000 0.682164 275.314376
 810.000000 0.696486 277.812847
 815.000000 0.692672 276.994307
 820.000000 0.691457 277.580888
 825.000000 0.697183 278.826711
 830.000000 0.694005 278.536379
 835.000000 0.699289 278.794818
 840.000000 0.683355 276.364981
 845.000000 0.696602 278.634792
 850.000000 0.700582 278.337185
 855.000000 0.690843 277.536220
 860.000000 0.687182 276.638558
 865.000000 0.688620 276.384561
 870.000000 0.690586 277.771672
 875.000000 0.691594 277.972214
 880.000000 0.690947 277.199158
 885.000000 0.694753 277.374567
 890.000000 0.704859 279.679168
 895.000000 0.694894 278.722076
 900.000000 0.696928 278.505300
 905.000000 0.690766 276.842456
 910.000000 0.702096 279.000275
 915.000000 0.696520 277.999928
 920.000000 0.697508 278.687440
 925.000000 0.696971 278.464362
 930.000000 0.690626 276.133149
 935.000000 0.689312 276.672065
 940.000000 0.695310 278.178043
 945.000000 0.685661 276.727533
 950.000000 0.693682 277.654538
 955.000000 0.691817 277.630556
 960.000000 0.683794 277.123527
 965.000000 0.694139 278.022884
 970.000000 0.683837 276.421006
 975.000000 0.678708 274.518210
 980.000000 0.695984 277.974600
 985.000000 0.692844 277.305734
 990.000000 0.686182 276.780240
 995.000000 0.683336 276.001299
 1000.000000 0.682905 276.340375
