#! FIELDS refcv hh dhh_refcv
#! SET normalisation  197.000000
#! SET min_refcv -0.5
#! SET max_refcv 2
#! SET nbins_refcv  1000
#! SET periodic_refcv false
 -0.500000 0.000000 0.000000
 -0.497500 0.000000 0.000000
 -0.495000 0.000000 0.000000
 -0.492500 0.000000 0.000000
 -0.490000 0.000000 0.000000
 -0.487500 0.000000 0.000000
 -0.485000 0.000000 0.000000
 -0.482500 0.000000 0.000000
 -0.480000 0.000000 0.000000
 -0.477500 0.000000 0.000000
 -0.475000 0.000000 0.000000
 -0.472500 0.000000 0.000000
 -0.470000 0.000000 0.000000
 -0.467500 0.000000 0.000000
 -0.465000 0.000000 0.000000
 -0.462500 0.000000 0.000000
 -0.460000 0.000000 0.000000
 -0.457500 0.000000 0.000000
 -0.455000 0.000000 0.000000
 -0.452500 0.000000 0.000000
 -0.450000 0.000000 0.000000
 -0.447500 0.000000 0.000000
 -0.445000 0.000000 0.000000
 -0.442500 0.000000 0.000000
 -0.440000 0.000000 0.000000
 -0.437500 0.000000 0.000000
 -0.435000 0.000000 0.000000
 -0.432500 0.000000 0.000000
 -0.430000 0.000000 0.000000
 -0.427500 0.000000 0.000000
 -0.425000 0.000000 0.000000
 -0.422500 0.000000 0.000000
 -0.420000 0.000000 0.000000
 -0.417500 0.000000 0.000000
 -0.415000 0.000000 0.000000
 -0.412500 0.000000 0.000000
 -0.410000 0.000000 0.000000
 -0.407500 0.000000 0.000000
 -0.405000 0.000000 0.000000
 -0.402500 0.000000 0.000000
 -0.400000 0.000000 0.000000
 -0.397500 0.000000 0.000000
 -0.395000 0.000000 0.000000
 -0.392500 0.000000 0.000000
 -0.390000 0.000000 0.000000
 -0.387500 0.000000 0.000000
 -0.385000 0.000000 0.000000
 -0.382500 0.000000 0.000000
 -0.380000 0.000000 0.000000
 -0.377500 0.000000 0.000000
 -0.375000 0.000000 0.000000
 -0.372500 0.000000 0.000000
 -0.370000 0.000000 0.000000
 -0.367500 0.000000 0.000000
 -0.365000 0.000000 0.000000
 -0.362500 0.000000 0.000000
 -0.360000 0.000000 0.000000
 -0.357500 0.000000 0.000000
 -0.355000 0.000000 0.000000
 -0.352500 0.000000 0.000000
 -0.350000 0.000000 0.000000
 -0.347500 0.000000 0.000000
 -0.345000 0.000000 0.000000
 -0.342500 0.000000 0.000000
 -0.340000 0.000000 0.000000
 -0.337500 0.000000 0.000000
 -0.335000 0.000000 0.000000
 -0.332500 0.000000 0.000000
 -0.330000 0.000000 0.000000
 -0.327500 0.000000 0.000000
 -0.325000 0.000000 0.000000
 -0.322500 0.000000 0.000000
 -0.320000 0.000000 0.000000
 -0.317500 0.000000 0.000000
 -0.315000 0.000000 0.000000
 -0.312500 0.000000 0.000000
 -0.310000 0.000000 0.000000
 -0.307500 0.000000 0.000000
 -0.305000 0.000000 0.000000
 -0.302500 0.000000 0.000000
 -0.300000 0.000000 0.000000
 -0.297500 0.000000 0.000000
 -0.295000 0.000000 0.000000
 -0.292500 0.000000 0.000000
 -0.290000 0.000000 0.000000
 -0.287500 0.000000 0.000000
 -0.285000 0.000000 0.000000
 -0.282500 0.000000 0.000000
 -0.280000 0.000000 0.000000
 -0.277500 0.000000 0.000000
 -0.275000 0.000000 0.000000
 -0.272500 0.000000 0.000000
 -0.270000 0.000000 0.000000
 -0.267500 0.000000 0.000000
 -0.265000 0.000000 0.000000
 -0.262500 0.000000 0.000000
 -0.260000 0.000000 0.000000
 -0.257500 0.000000 0.000000
 -0.255000 0.000000 0.000000
 -0.252500 0.000000 0.000000
 -0.250000 0.000000 0.000000
 -0.247500 0.000000 0.000000
 -0.245000 0.000000 0.000000
 -0.242500 0.000000 0.000000
 -0.240000 0.000000 0.000000
 -0.237500 0.000000 0.000000
 -0.235000 0.000000 0.000000
 -0.232500 0.000000 0.000000
 -0.230000 0.000000 0.000000
 -0.227500 0.000000 0.000000
 -0.225000 0.000000 0.000000
 -0.222500 0.000000 0.000000
 -0.220000 0.000000 0.000000
 -0.217500 0.000000 0.000000
 -0.215000 0.000000 0.000000
 -0.212500 0.000000 0.000000
 -0.210000 0.000000 0.000000
 -0.207500 0.000000 0.000000
 -0.205000 0.000000 0.000000
 -0.202500 0.000000 0.000000
 -0.200000 0.000000 0.000000
 -0.197500 0.000000 0.000000
 -0.195000 0.000000 0.000000
 -0.192500 0.000000 0.000000
 -0.190000 0.000000 0.000000
 -0.187500 0.000000 0.000000
 -0.185000 0.000000 0.000000
 -0.182500 0.000000 0.000000
 -0.180000 0.000000 0.000000
 -0.177500 0.000000 0.000000
 -0.175000 0.000000 0.000000
 -0.172500 0.000000 0.000000
 -0.170000 0.000000 0.000000
 -0.167500 0.000000 0.000000
 -0.165000 0.000000 0.000000
 -0.162500 0.000000 0.000000
 -0.160000 0.000000 0.000000
 -0.157500 0.000000 0.000000
 -0.155000 0.000000 0.000000
 -0.152500 0.000000 0.000000
 -0.150000 0.000000 0.000000
 -0.147500 0.000000 0.000000
 -0.145000 0.000000 0.000000
 -0.142500 0.000000 0.000000
 -0.140000 0.000000 0.000000
 -0.137500 0.000000 0.000000
 -0.135000 0.000000 0.000000
 -0.132500 0.000000 0.000000
 -0.130000 0.000000 0.000000
 -0.127500 0.000000 0.000000
 -0.125000 0.000000 0.000000
 -0.122500 0.000000 0.000000
 -0.120000 0.000000 0.000000
 -0.117500 0.000000 0.000000
 -0.115000 0.000000 0.000000
 -0.112500 0.000000 0.000000
 -0.110000 0.000000 0.000000
 -0.107500 0.000000 0.000000
 -0.105000 0.000000 0.000000
 -0.102500 0.000000 0.000000
 -0.100000 0.000000 0.000000
 -0.097500 0.000000 0.000000
 -0.095000 0.000000 0.000000
 -0.092500 0.000000 0.000000
 -0.090000 0.000000 0.000000
 -0.087500 0.000000 0.000000
 -0.085000 0.000000 0.000000
 -0.082500 0.000000 0.000000
 -0.080000 0.000000 0.000000
 -0.077500 0.000000 0.000000
 -0.075000 0.000000 0.000000
 -0.072500 0.000000 0.000000
 -0.070000 0.000000 0.000000
 -0.067500 0.000000 0.000000
 -0.065000 0.000000 0.000000
 -0.062500 0.000000 0.000000
 -0.060000 0.000000 0.000000
 -0.057500 0.000000 0.000000
 -0.055000 0.000000 0.000000
 -0.052500 0.000000 0.000000
 -0.050000 0.000000 0.000000
 -0.047500 0.000000 0.000000
 -0.045000 0.000000 0.000000
 -0.042500 0.000000 0.000000
 -0.040000 0.000000 0.000000
 -0.037500 0.000000 0.000000
 -0.035000 0.000000 0.000000
 -0.032500 0.000000 0.000000
 -0.030000 0.000000 0.000000
 -0.027500 0.000000 0.000000
 -0.025000 0.000000 0.000000
 -0.022500 0.000000 0.000000
 -0.020000 0.000000 0.000000
 -0.017500 0.000000 0.000000
 -0.015000 0.000000 0.000000
 -0.012500 0.000000 0.000000
 -0.010000 0.000000 0.000000
 -0.007500 0.000000 0.000000
 -0.005000 0.000000 0.000000
 -0.002500 0.000000 0.000000
 0.000000 0.000000 0.000000
 0.002500 0.000000 0.000000
 0.005000 0.000000 0.000000
 0.007500 0.000000 0.000000
 0.010000 0.000000 0.000000
 0.012500 0.000000 0.000000
 0.015000 0.000000 0.000000
 0.017500 0.000000 0.000000
 0.020000 0.000000 0.000000
 0.022500 0.000000 0.000000
 0.025000 0.000000 0.000000
 0.027500 0.000000 0.000000
 0.030000 0.000000 0.000000
 0.032500 0.000000 0.000000
 0.035000 0.000000 0.000000
 0.037500 0.000000 0.000000
 0.040000 0.000000 0.000000
 0.042500 0.000000 0.000000
 0.045000 0.000000 0.000000
 0.047500 0.000000 0.000000
 0.050000 0.000000 0.000000
 0.052500 0.000000 0.000000
 0.055000 0.000000 0.000000
 0.057500 0.000000 0.000000
 0.060000 0.000000 0.000000
 0.062500 0.000000 0.000000
 0.065000 0.000000 0.000000
 0.067500 0.000000 0.000000
 0.070000 0.000000 0.000000
 0.072500 0.000000 0.000000
 0.075000 0.000000 0.000000
 0.077500 0.000000 0.000000
 0.080000 0.000000 0.000000
 0.082500 0.000000 0.000000
 0.085000 0.000000 0.000000
 0.087500 0.000000 0.000000
 0.090000 0.000000 0.000000
 0.092500 0.000000 0.000000
 0.095000 0.000000 0.000000
 0.097500 0.000000 0.000000
 0.100000 0.000000 0.000000
 0.102500 0.000000 0.000102
 0.105000 0.000001 0.000251
 0.107500 0.000002 0.000576
 0.110000 0.000004 0.001236
 0.112500 0.000008 0.002477
 0.115000 0.000017 0.004632
 0.117500 0.000033 0.008068
 0.120000 0.000059 0.013068
 0.122500 0.000099 0.019633
 0.125000 0.000158 0.027268
 0.127500 0.000236 0.034833
 0.130000 0.000330 0.040607
 0.132500 0.000435 0.042630
 0.135000 0.000539 0.039417
 0.137500 0.000628 0.030541
 0.140000 0.000689 0.016975
 0.142500 0.000712 0.001376
 0.145000 0.000697 -0.012455
 0.147500 0.000655 -0.020169
 0.150000 0.000605 -0.018185
 0.152500 0.000576 -0.003768
 0.155000 0.000600 0.024234
 0.157500 0.000710 0.066081
 0.160000 0.000943 0.121298
 0.162500 0.001329 0.188566
 0.165000 0.001897 0.266736
 0.167500 0.002672 0.354573
 0.170000 0.003681 0.452335
 0.172500 0.004945 0.559114
 0.175000 0.006486 0.674132
 0.177500 0.008324 0.794280
 0.180000 0.010462 0.912954
 0.182500 0.012884 1.020282
 0.185000 0.015556 1.109142
 0.187500 0.018419 1.174209
 0.190000 0.021423 1.221599
 0.192500 0.024537 1.265799
 0.195000 0.027781 1.330959
 0.197500 0.031246 1.446965
 0.200000 0.035099 1.643971
 0.202500 0.039573 1.944536
 0.205000 0.044942 2.359616
 0.207500 0.051489 2.886400
 0.210000 0.059484 3.512662
 0.212500 0.069150 4.216833
 0.215000 0.080640 4.971669
 0.217500 0.094067 5.759041
 0.220000 0.109499 6.570923
 0.222500 0.126985 7.406382
 0.225000 0.146612 8.282529
 0.227500 0.168485 9.207775
 0.230000 0.192747 10.190157
 0.232500 0.219522 11.214497
 0.235000 0.248884 12.251401
 0.237500 0.280828 13.267399
 0.240000 0.315239 14.223453
 0.242500 0.351941 15.099798
 0.245000 0.390749 15.902991
 0.247500 0.431497 16.651146
 0.250000 0.474071 17.367778
 0.252500 0.518436 18.084881
 0.255000 0.564616 18.825780
 0.257500 0.612720 19.624171
 0.260000 0.662936 20.519640
 0.262500 0.715569 21.567137
 0.265000 0.771055 22.815414
 0.267500 0.829971 24.321458
 0.270000 0.893025 26.119717
 0.272500 0.960938 28.204809
 0.275000 1.034386 30.533623
 0.277500 1.113845 32.997131
 0.280000 1.199469 35.432556
 0.282500 1.290938 37.634423
 0.285000 1.387395 39.391407
 0.287500 1.487517 40.545625
 0.290000 1.589671 41.015165
 0.292500 1.692150 40.823510
 0.295000 1.793486 40.126829
 0.297500 1.892646 39.135411
 0.300000 1.989240 38.092631
 0.302500 2.083357 37.201290
 0.305000 2.175546 36.553252
 0.307500 2.266448 36.169227
 0.310000 2.356644 35.961651
 0.312500 2.446440 35.828065
 0.315000 2.535847 35.666951
 0.317500 2.624795 35.449579
 0.320000 2.713178 35.227590
 0.322500 2.801127 35.133084
 0.325000 2.889097 35.277397
 0.327500 2.977829 35.750609
 0.330000 3.068137 36.550820
 0.332500 3.160797 37.612390
 0.335000 3.256294 38.796920
 0.337500 3.354721 39.936022
 0.340000 3.455729 40.858324
 0.342500 3.558625 41.413182
 0.345000 3.662373 41.527770
 0.347500 3.765767 41.137889
 0.350000 3.867526 40.219055
 0.352500 3.966307 38.772736
 0.355000 4.060793 36.781393
 0.357500 4.149602 34.246312
 0.360000 4.231425 31.188824
 0.362500 4.304969 27.648249
 0.365000 4.369191 23.776291
 0.367500 4.423505 19.776400
 0.370000 4.467969 15.912767
 0.372500 4.503214 12.474805
 0.375000 4.530589 9.641406
 0.377500 4.551740 7.528024
 0.380000 4.568433 6.041014
 0.382500 4.582020 5.004822
 0.385000 4.593331 4.197609
 0.387500 4.602652 3.395390
 0.390000 4.609805 2.474947
 0.392500 4.614448 1.386228
 0.395000 4.616238 0.220175
 0.397500 4.615129 -0.918557
 0.400000 4.611314 -1.897498
 0.402500 4.605353 -2.644528
 0.405000 4.597757 -3.167186
 0.407500 4.589061 -3.586432
 0.410000 4.579258 -4.060866
 0.412500 4.567976 -4.806744
 0.415000 4.554327 -5.966924
 0.417500 4.537220 -7.580549
 0.420000 4.515603 -9.565234
 0.422500 4.488701 -11.718766
 0.425000 4.456409 -13.862193
 0.427500 4.418975 -15.815931
 0.430000 4.376986 -17.484797
 0.432500 4.331196 -18.869981
 0.435000 4.282277 -20.005185
 0.437500 4.230743 -20.937887
 0.440000 4.177079 -21.731599
 0.442500 4.121618 -22.371543
 0.445000 4.064741 -22.875282
 0.447500 4.006754 -23.236536
 0.450000 3.948035 -23.478954
 0.452500 3.888830 -23.646982
 0.455000 3.829268 -23.744098
 0.457500 3.769484 -23.819282
 0.460000 3.709526 -23.893423
 0.462500 3.649368 -23.981960
 0.465000 3.588954 -24.127320
 0.467500 3.528072 -24.350083
 0.470000 3.466481 -24.708756
 0.472500 3.403805 -25.210161
 0.475000 3.339701 -25.843012
 0.477500 3.273957 -26.533592
 0.480000 3.206513 -27.146000
 0.482500 3.137741 -27.626470
 0.485000 3.068006 -27.886207
 0.487500 2.997881 -27.948521
 0.490000 2.927835 -27.856181
 0.492500 2.858127 -27.679995
 0.495000 2.788896 -27.474151
 0.497500 2.720150 -27.300847
 0.500000 2.651791 -27.183026
 0.502500 2.583662 -27.119976
 0.505000 2.515626 -27.110894
 0.507500 2.447584 -27.131042
 0.510000 2.379455 -27.156835
 0.512500 2.311298 -27.151425
 0.515000 2.243219 -27.089265
 0.517500 2.175411 -26.953863
 0.520000 2.108055 -26.712886
 0.522500 2.041434 -26.372683
 0.525000 1.975834 -25.922920
 0.527500 1.911490 -25.344421
 0.530000 1.848744 -24.674121
 0.532500 1.787752 -23.936339
 0.535000 1.728608 -23.214716
 0.537500 1.671174 -22.588287
 0.540000 1.615124 -22.121193
 0.542500 1.560014 -21.842469
 0.545000 1.505411 -21.706599
 0.547500 1.451067 -21.615815
 0.550000 1.397024 -21.430766
 0.552500 1.343720 -21.030259
 0.555000 1.291797 -20.330956
 0.557500 1.241986 -19.338439
 0.560000 1.194913 -18.174874
 0.562500 1.150793 -17.005105
 0.565000 1.109417 -16.017721
 0.567500 1.070155 -15.316233
 0.570000 1.032267 -14.942177
 0.572500 0.994993 -14.789764
 0.575000 0.957968 -14.731149
 0.577500 0.921128 -14.613227
 0.580000 0.884757 -14.350555
 0.582500 0.849267 -13.928667
 0.585000 0.814971 -13.389913
 0.587500 0.782078 -12.853442
 0.590000 0.750439 -12.384312
 0.592500 0.719805 -12.052243
 0.595000 0.689845 -11.856627
 0.597500 0.660268 -11.742215
 0.600000 0.630958 -11.639249
 0.602500 0.601979 -11.458249
 0.605000 0.573589 -11.157499
 0.607500 0.546126 -10.720611
 0.610000 0.519904 -10.162216
 0.612500 0.495201 -9.527052
 0.615000 0.472153 -8.855349
 0.617500 0.450791 -8.180630
 0.620000 0.431091 -7.539326
 0.622500 0.412926 -6.947872
 0.625000 0.396152 -6.438906
 0.627500 0.380541 -6.022420
 0.630000 0.365833 -5.708177
 0.632500 0.351796 -5.493670
 0.635000 0.338200 -5.341561
 0.637500 0.324956 -5.211659
 0.640000 0.312060 -5.058745
 0.642500 0.299613 -4.858702
 0.645000 0.287718 -4.612520
 0.647500 0.276462 -4.366719
 0.650000 0.265776 -4.165445
 0.652500 0.255492 -4.044841
 0.655000 0.245394 -4.016183
 0.657500 0.235291 -4.047962
 0.660000 0.225094 -4.080427
 0.662500 0.214868 -4.058711
 0.665000 0.204808 -3.954621
 0.667500 0.195113 -3.764632
 0.670000 0.185964 -3.534302
 0.672500 0.177384 -3.313248
 0.675000 0.169281 -3.149396
 0.677500 0.161495 -3.075866
 0.680000 0.153796 -3.072999
 0.682500 0.146052 -3.110357
 0.685000 0.138213 -3.138259
 0.687500 0.130359 -3.118159
 0.690000 0.122639 -3.028434
 0.692500 0.115233 -2.869323
 0.695000 0.108297 -2.658569
 0.697500 0.101924 -2.423665
 0.700000 0.096139 -2.187699
 0.702500 0.090933 -1.968517
 0.705000 0.086260 -1.759080
 0.707500 0.082108 -1.552546
 0.710000 0.078481 -1.336074
 0.712500 0.075409 -1.110047
 0.715000 0.072896 -0.888893
 0.717500 0.070902 -0.702668
 0.720000 0.069300 -0.583100
 0.722500 0.067889 -0.553643
 0.725000 0.066428 -0.621513
 0.727500 0.064690 -0.772975
 0.730000 0.062499 -0.976310
 0.732500 0.059776 -1.196153
 0.735000 0.056525 -1.393450
 0.737500 0.052834 -1.543282
 0.740000 0.048848 -1.631376
 0.742500 0.044720 -1.655162
 0.745000 0.040608 -1.617553
 0.747500 0.036660 -1.527458
 0.750000 0.032996 -1.392147
 0.752500 0.029721 -1.218881
 0.755000 0.026916 -1.017573
 0.757500 0.024637 -0.801381
 0.760000 0.022897 -0.586491
 0.762500 0.021674 -0.393105
 0.765000 0.020883 -0.240504
 0.767500 0.020409 -0.145149
 0.770000 0.020096 -0.111969
 0.772500 0.019790 -0.136523
 0.775000 0.019362 -0.206441
 0.777500 0.018726 -0.300714
 0.780000 0.017850 -0.397267
 0.782500 0.016751 -0.475244
 0.785000 0.015491 -0.524921
 0.787500 0.014146 -0.543602
 0.790000 0.012789 -0.535938
 0.792500 0.011476 -0.511834
 0.795000 0.010235 -0.478611
 0.797500 0.009083 -0.441432
 0.800000 0.008028 -0.400744
 0.802500 0.007083 -0.353636
 0.805000 0.006267 -0.296155
 0.807500 0.005608 -0.228857
 0.810000 0.005123 -0.157757
 0.812500 0.004812 -0.091160
 0.815000 0.004652 -0.039426
 0.817500 0.004593 -0.008321
 0.820000 0.004585 -0.000977
 0.822500 0.004572 -0.010887
 0.825000 0.004521 -0.029589
 0.827500 0.004423 -0.047518
 0.830000 0.004288 -0.057176
 0.832500 0.004142 -0.057612
 0.835000 0.004006 -0.050842
 0.837500 0.003889 -0.042838
 0.840000 0.003785 -0.039712
 0.842500 0.003678 -0.047995
 0.845000 0.003536 -0.067323
 0.847500 0.003334 -0.094789
 0.850000 0.003060 -0.124540
 0.852500 0.002715 -0.149868
 0.855000 0.002319 -0.165182
 0.857500 0.001899 -0.167920
 0.860000 0.001488 -0.158429
 0.862500 0.001113 -0.139350
 0.865000 0.000795 -0.114649
 0.867500 0.000541 -0.088659
 0.870000 0.000350 -0.064300
 0.872500 0.000215 -0.044004
 0.875000 0.000125 -0.028183
 0.877500 0.000069 -0.017129
 0.880000 0.000036 -0.009796
 0.882500 0.000018 -0.005270
 0.885000 0.000007 -0.002209
 0.887500 0.000003 -0.001089
 0.890000 0.000001 -0.000501
 0.892500 0.000000 0.000170
 0.895000 0.000001 0.000403
 0.897500 0.000003 0.001040
 0.900000 0.000007 0.002198
 0.902500 0.000015 0.004346
 0.905000 0.000030 0.008042
 0.907500 0.000057 0.013910
 0.910000 0.000102 0.022457
 0.912500 0.000172 0.033784
 0.915000 0.000272 0.047234
 0.917500 0.000408 0.061136
 0.920000 0.000576 0.072821
 0.922500 0.000768 0.079044
 0.925000 0.000964 0.076821
 0.927500 0.001143 0.064458
 0.930000 0.001279 0.042389
 0.932500 0.001349 0.013420
 0.935000 0.001344 -0.017812
 0.937500 0.001263 -0.046049
 0.940000 0.001120 -0.066852
 0.942500 0.000937 -0.077738
 0.945000 0.000740 -0.078612
 0.947500 0.000551 -0.071411
 0.950000 0.000387 -0.059217
 0.952500 0.000256 -0.045236
 0.955000 0.000160 -0.032013
 0.957500 0.000094 -0.021063
 0.960000 0.000052 -0.012918
 0.962500 0.000027 -0.007397
 0.965000 0.000013 -0.003960
 0.967500 0.000006 -0.001983
 0.970000 0.000002 -0.000799
 0.972500 0.000001 -0.000358
 0.975000 0.000000 0.000000
 0.977500 0.000000 0.000000
 0.980000 0.000000 0.000000
 0.982500 0.000000 0.000000
 0.985000 0.000000 0.000000
 0.987500 0.000000 0.000000
 0.990000 0.000000 0.000000
 0.992500 0.000000 0.000000
 0.995000 0.000000 0.000000
 0.997500 0.000000 0.000000
 1.000000 0.000000 0.000000
 1.002500 0.000000 0.000000
 1.005000 0.000000 0.000000
 1.007500 0.000000 0.000000
 1.010000 0.000000 0.000000
 1.012500 0.000000 0.000000
 1.015000 0.000000 0.000000
 1.017500 0.000000 0.000000
 1.020000 0.000000 0.000000
 1.022500 0.000000 0.000000
 1.025000 0.000000 0.000000
 1.027500 0.000000 0.000000
 1.030000 0.000000 0.000000
 1.032500 0.000000 0.000000
 1.035000 0.000000 0.000000
 1.037500 0.000000 0.000000
 1.040000 0.000000 0.000000
 1.042500 0.000000 0.000000
 1.045000 0.000000 0.000000
 1.047500 0.000000 0.000000
 1.050000 0.000000 0.000000
 1.052500 0.000000 0.000000
 1.055000 0.000000 0.000000
 1.057500 0.000000 0.000000
 1.060000 0.000000 0.000000
 1.062500 0.000000 0.000000
 1.065000 0.000000 0.000000
 1.067500 0.000000 0.000000
 1.070000 0.000000 0.000000
 1.072500 0.000000 0.000000
 1.075000 0.000000 0.000000
 1.077500 0.000000 0.000000
 1.080000 0.000000 0.000000
 1.082500 0.000000 0.000000
 1.085000 0.000000 0.000000
 1.087500 0.000000 0.000000
 1.090000 0.000000 0.000000
 1.092500 0.000000 0.000000
 1.095000 0.000000 0.000000
 1.097500 0.000000 0.000000
 1.100000 0.000000 0.000000
 1.102500 0.000000 0.000000
 1.105000 0.000000 0.000000
 1.107500 0.000000 0.000000
 1.110000 0.000000 0.000000
 1.112500 0.000000 0.000000
 1.115000 0.000000 0.000000
 1.117500 0.000000 0.000000
 1.120000 0.000000 0.000000
 1.122500 0.000000 0.000000
 1.125000 0.000000 0.000000
 1.127500 0.000000 0.000000
 1.130000 0.000000 0.000000
 1.132500 0.000000 0.000000
 1.135000 0.000000 0.000000
 1.137500 0.000000 0.000000
 1.140000 0.000000 0.000000
 1.142500 0.000000 0.000000
 1.145000 0.000000 0.000000
 1.147500 0.000000 0.000000
 1.150000 0.000000 0.000000
 1.152500 0.000000 0.000000
 1.155000 0.000000 0.000000
 1.157500 0.000000 0.000000
 1.160000 0.000000 0.000000
 1.162500 0.000000 0.000000
 1.165000 0.000000 0.000000
 1.167500 0.000000 0.000000
 1.170000 0.000000 0.000000
 1.172500 0.000000 0.000000
 1.175000 0.000000 0.000000
 1.177500 0.000000 0.000000
 1.180000 0.000000 0.000000
 1.182500 0.000000 0.000000
 1.185000 0.000000 0.000000
 1.187500 0.000000 0.000000
 1.190000 0.000000 0.000000
 1.192500 0.000000 0.000000
 1.195000 0.000000 0.000000
 1.197500 0.000000 0.000000
 1.200000 0.000000 0.000000
 1.202500 0.000000 0.000000
 1.205000 0.000000 0.000000
 1.207500 0.000000 0.000000
 1.210000 0.000000 0.000000
 1.212500 0.000000 0.000000
 1.215000 0.000000 0.000000
 1.217500 0.000000 0.000000
 1.220000 0.000000 0.000000
 1.222500 0.000000 0.000000
 1.225000 0.000000 0.000000
 1.227500 0.000000 0.000000
 1.230000 0.000000 0.000000
 1.232500 0.000000 0.000000
 1.235000 0.000000 0.000000
 1.237500 0.000000 0.000000
 1.240000 0.000000 0.000000
 1.242500 0.000000 0.000000
 1.245000 0.000000 0.000000
 1.247500 0.000000 0.000000
 1.250000 0.000000 0.000000
 1.252500 0.000000 0.000000
 1.255000 0.000000 0.000000
 1.257500 0.000000 0.000000
 1.260000 0.000000 0.000000
 1.262500 0.000000 0.000000
 1.265000 0.000000 0.000000
 1.267500 0.000000 0.000000
 1.270000 0.000000 0.000000
 1.272500 0.000000 0.000000
 1.275000 0.000000 0.000000
 1.277500 0.000000 0.000000
 1.280000 0.000000 0.000000
 1.282500 0.000000 0.000000
 1.285000 0.000000 0.000000
 1.287500 0.000000 0.000000
 1.290000 0.000000 0.000000
 1.292500 0.000000 0.000000
 1.295000 0.000000 0.000000
 1.297500 0.000000 0.000000
 1.300000 0.000000 0.000000
 1.302500 0.000000 0.000000
 1.305000 0.000000 0.000000
 1.307500 0.000000 0.000000
 1.310000 0.000000 0.000000
 1.312500 0.000000 0.000000
 1.315000 0.000000 0.000000
 1.317500 0.000000 0.000000
 1.320000 0.000000 0.000000
 1.322500 0.000000 0.000000
 1.325000 0.000000 0.000000
 1.327500 0.000000 0.000000
 1.330000 0.000000 0.000000
 1.332500 0.000000 0.000000
 1.335000 0.000000 0.000000
 1.337500 0.000000 0.000000
 1.340000 0.000000 0.000000
 1.342500 0.000000 0.000000
 1.345000 0.000000 0.000000
 1.347500 0.000000 0.000000
 1.350000 0.000000 0.000000
 1.352500 0.000000 0.000000
 1.355000 0.000000 0.000000
 1.357500 0.000000 0.000000
 1.360000 0.000000 0.000000
 1.362500 0.000000 0.000000
 1.365000 0.000000 0.000000
 1.367500 0.000000 0.000000
 1.370000 0.000000 0.000000
 1.372500 0.000000 0.000000
 1.375000 0.000000 0.000000
 1.377500 0.000000 0.000000
 1.380000 0.000000 0.000000
 1.382500 0.000000 0.000000
 1.385000 0.000000 0.000000
 1.387500 0.000000 0.000000
 1.390000 0.000000 0.000000
 1.392500 0.000000 0.000000
 1.395000 0.000000 0.000000
 1.397500 0.000000 0.000000
 1.400000 0.000000 0.000000
 1.402500 0.000000 0.000000
 1.405000 0.000000 0.000000
 1.407500 0.000000 0.000000
 1.410000 0.000000 0.000000
 1.412500 0.000000 0.000000
 1.415000 0.000000 0.000000
 1.417500 0.000000 0.000000
 1.420000 0.000000 0.000000
 1.422500 0.000000 0.000000
 1.425000 0.000000 0.000000
 1.427500 0.000000 0.000000
 1.430000 0.000000 0.000000
 1.432500 0.000000 0.000000
 1.435000 0.000000 0.000000
 1.437500 0.000000 0.000000
 1.440000 0.000000 0.000000
 1.442500 0.000000 0.000000
 1.445000 0.000000 0.000000
 1.447500 0.000000 0.000000
 1.450000 0.000000 0.000000
 1.452500 0.000000 0.000000
 1.455000 0.000000 0.000000
 1.457500 0.000000 0.000000
 1.460000 0.000000 0.000000
 1.462500 0.000000 0.000000
 1.465000 0.000000 0.000000
 1.467500 0.000000 0.000000
 1.470000 0.000000 0.000000
 1.472500 0.000000 0.000000
 1.475000 0.000000 0.000000
 1.477500 0.000000 0.000000
 1.480000 0.000000 0.000000
 1.482500 0.000000 0.000000
 1.485000 0.000000 0.000000
 1.487500 0.000000 0.000000
 1.490000 0.000000 0.000000
 1.492500 0.000000 0.000000
 1.495000 0.000000 0.000000
 1.497500 0.000000 0.000000
 1.500000 0.000000 0.000000
 1.502500 0.000000 0.000000
 1.505000 0.000000 0.000000
 1.507500 0.000000 0.000000
 1.510000 0.000000 0.000000
 1.512500 0.000000 0.000000
 1.515000 0.000000 0.000000
 1.517500 0.000000 0.000000
 1.520000 0.000000 0.000000
 1.522500 0.000000 0.000000
 1.525000 0.000000 0.000000
 1.527500 0.000000 0.000000
 1.530000 0.000000 0.000000
 1.532500 0.000000 0.000000
 1.535000 0.000000 0.000000
 1.537500 0.000000 0.000000
 1.540000 0.000000 0.000000
 1.542500 0.000000 0.000000
 1.545000 0.000000 0.000000
 1.547500 0.000000 0.000000
 1.550000 0.000000 0.000000
 1.552500 0.000000 0.000000
 1.555000 0.000000 0.000000
 1.557500 0.000000 0.000000
 1.560000 0.000000 0.000000
 1.562500 0.000000 0.000000
 1.565000 0.000000 0.000000
 1.567500 0.000000 0.000000
 1.570000 0.000000 0.000000
 1.572500 0.000000 0.000000
 1.575000 0.000000 0.000000
 1.577500 0.000000 0.000000
 1.580000 0.000000 0.000000
 1.582500 0.000000 0.000000
 1.585000 0.000000 0.000000
 1.587500 0.000000 0.000000
 1.590000 0.000000 0.000000
 1.592500 0.000000 0.000000
 1.595000 0.000000 0.000000
 1.597500 0.000000 0.000000
 1.600000 0.000000 0.000000
 1.602500 0.000000 0.000000
 1.605000 0.000000 0.000000
 1.607500 0.000000 0.000000
 1.610000 0.000000 0.000000
 1.612500 0.000000 0.000000
 1.615000 0.000000 0.000000
 1.617500 0.000000 0.000000
 1.620000 0.000000 0.000000
 1.622500 0.000000 0.000000
 1.625000 0.000000 0.000000
 1.627500 0.000000 0.000000
 1.630000 0.000000 0.000000
 1.632500 0.000000 0.000000
 1.635000 0.000000 0.000000
 1.637500 0.000000 0.000000
 1.640000 0.000000 0.000000
 1.642500 0.000000 0.000000
 1.645000 0.000000 0.000000
 1.647500 0.000000 0.000000
 1.650000 0.000000 0.000000
 1.652500 0.000000 0.000000
 1.655000 0.000000 0.000000
 1.657500 0.000000 0.000000
 1.660000 0.000000 0.000000
 1.662500 0.000000 0.000000
 1.665000 0.000000 0.000000
 1.667500 0.000000 0.000000
 1.670000 0.000000 0.000000
 1.672500 0.000000 0.000000
 1.675000 0.000000 0.000000
 1.677500 0.000000 0.000000
 1.680000 0.000000 0.000000
 1.682500 0.000000 0.000000
 1.685000 0.000000 0.000000
 1.687500 0.000000 0.000000
 1.690000 0.000000 0.000000
 1.692500 0.000000 0.000000
 1.695000 0.000000 0.000000
 1.697500 0.000000 0.000000
 1.700000 0.000000 0.000000
 1.702500 0.000000 0.000000
 1.705000 0.000000 0.000000
 1.707500 0.000000 0.000000
 1.710000 0.000000 0.000000
 1.712500 0.000000 0.000000
 1.715000 0.000000 0.000000
 1.717500 0.000000 0.000000
 1.720000 0.000000 0.000000
 1.722500 0.000000 0.000000
 1.725000 0.000000 0.000000
 1.727500 0.000000 0.000000
 1.730000 0.000000 0.000000
 1.732500 0.000000 0.000000
 1.735000 0.000000 0.000000
 1.737500 0.000000 0.000000
 1.740000 0.000000 0.000000
 1.742500 0.000000 0.000000
 1.745000 0.000000 0.000000
 1.747500 0.000000 0.000000
 1.750000 0.000000 0.000000
 1.752500 0.000000 0.000000
 1.755000 0.000000 0.000000
 1.757500 0.000000 0.000000
 1.760000 0.000000 0.000000
 1.762500 0.000000 0.000000
 1.765000 0.000000 0.000000
 1.767500 0.000000 0.000000
 1.770000 0.000000 0.000000
 1.772500 0.000000 0.000000
 1.775000 0.000000 0.000000
 1.777500 0.000000 0.000000
 1.780000 0.000000 0.000000
 1.782500 0.000000 0.000000
 1.785000 0.000000 0.000000
 1.787500 0.000000 0.000000
 1.790000 0.000000 0.000000
 1.792500 0.000000 0.000000
 1.795000 0.000000 0.000000
 1.797500 0.000000 0.000000
 1.800000 0.000000 0.000000
 1.802500 0.000000 0.000000
 1.805000 0.000000 0.000000
 1.807500 0.000000 0.000000
 1.810000 0.000000 0.000000
 1.812500 0.000000 0.000000
 1.815000 0.000000 0.000000
 1.817500 0.000000 0.000000
 1.820000 0.000000 0.000000
 1.822500 0.000000 0.000000
 1.825000 0.000000 0.000000
 1.827500 0.000000 0.000000
 1.830000 0.000000 0.000000
 1.832500 0.000000 0.000000
 1.835000 0.000000 0.000000
 1.837500 0.000000 0.000000
 1.840000 0.000000 0.000000
 1.842500 0.000000 0.000000
 1.845000 0.000000 0.000000
 1.847500 0.000000 0.000000
 1.850000 0.000000 0.000000
 1.852500 0.000000 0.000000
 1.855000 0.000000 0.000000
 1.857500 0.000000 0.000000
 1.860000 0.000000 0.000000
 1.862500 0.000000 0.000000
 1.865000 0.000000 0.000000
 1.867500 0.000000 0.000000
 1.870000 0.000000 0.000000
 1.872500 0.000000 0.000000
 1.875000 0.000000 0.000000
 1.877500 0.000000 0.000000
 1.880000 0.000000 0.000000
 1.882500 0.000000 0.000000
 1.885000 0.000000 0.000000
 1.887500 0.000000 0.000000
 1.890000 0.000000 0.000000
 1.892500 0.000000 0.000000
 1.895000 0.000000 0.000000
 1.897500 0.000000 0.000000
 1.900000 0.000000 0.000000
 1.902500 0.000000 0.000000
 1.905000 0.000000 0.000000
 1.907500 0.000000 0.000000
 1.910000 0.000000 0.000000
 1.912500 0.000000 0.000000
 1.915000 0.000000 0.000000
 1.917500 0.000000 0.000000
 1.920000 0.000000 0.000000
 1.922500 0.000000 0.000000
 1.925000 0.000000 0.000000
 1.927500 0.000000 0.000000
 1.930000 0.000000 0.000000
 1.932500 0.000000 0.000000
 1.935000 0.000000 0.000000
 1.937500 0.000000 0.000000
 1.940000 0.000000 0.000000
 1.942500 0.000000 0.000000
 1.945000 0.000000 0.000000
 1.947500 0.000000 0.000000
 1.950000 0.000000 0.000000
 1.952500 0.000000 0.000000
 1.955000 0.000000 0.000000
 1.957500 0.000000 0.000000
 1.960000 0.000000 0.000000
 1.962500 0.000000 0.000000
 1.965000 0.000000 0.000000
 1.967500 0.000000 0.000000
 1.970000 0.000000 0.000000
 1.972500 0.000000 0.000000
 1.975000 0.000000 0.000000
 1.977500 0.000000 0.000000
 1.980000 0.000000 0.000000
 1.982500 0.000000 0.000000
 1.985000 0.000000 0.000000
 1.987500 0.000000 0.000000
 1.990000 0.000000 0.000000
 1.992500 0.000000 0.000000
 1.995000 0.000000 0.000000
 1.997500 0.000000 0.000000
 2.000000 0.000000 0.000000
