#! FIELDS refcv hh dhh_refcv
#! SET normalisation  197.000000
#! SET min_refcv -0.5
#! SET max_refcv 2
#! SET nbins_refcv  1000
#! SET periodic_refcv false
 -0.500000 0.000000 0.000000
 -0.497500 0.000000 0.000000
 -0.495000 0.000000 0.000000
 -0.492500 0.000000 0.000000
 -0.490000 0.000000 0.000000
 -0.487500 0.000000 0.000000
 -0.485000 0.000000 0.000000
 -0.482500 0.000000 0.000000
 -0.480000 0.000000 0.000000
 -0.477500 0.000000 0.000000
 -0.475000 0.000000 0.000000
 -0.472500 0.000000 0.000000
 -0.470000 0.000000 0.000000
 -0.467500 0.000000 0.000000
 -0.465000 0.000000 0.000000
 -0.462500 0.000000 0.000000
 -0.460000 0.000000 0.000000
 -0.457500 0.000000 0.000000
 -0.455000 0.000000 0.000000
 -0.452500 0.000000 0.000000
 -0.450000 0.000000 0.000000
 -0.447500 0.000000 0.000000
 -0.445000 0.000000 0.000000
 -0.442500 0.000000 0.000000
 -0.440000 0.000000 0.000000
 -0.437500 0.000000 0.000000
 -0.435000 0.000000 0.000000
 -0.432500 0.000000 0.000000
 -0.430000 0.000000 0.000000
 -0.427500 0.000000 0.000000
 -0.425000 0.000000 0.000000
 -0.422500 0.000000 0.000000
 -0.420000 0.000000 0.000000
 -0.417500 0.000000 0.000000
 -0.415000 0.000000 0.000000
 -0.412500 0.000000 0.000000
 -0.410000 0.000000 0.000000
 -0.407500 0.000000 0.000000
 -0.405000 0.000000 0.000000
 -0.402500 0.000000 0.000000
 -0.400000 0.000000 0.000000
 -0.397500 0.000000 0.000000
 -0.395000 0.000000 0.000000
 -0.392500 0.000000 0.000000
 -0.390000 0.000000 0.000000
 -0.387500 0.000000 0.000000
 -0.385000 0.000000 0.000000
 -0.382500 0.000000 0.000000
 -0.380000 0.000000 0.000000
 -0.377500 0.000000 0.000000
 -0.375000 0.000000 0.000000
 -0.372500 0.000000 0.000000
 -0.370000 0.000000 0.000000
 -0.367500 0.000000 0.000000
 -0.365000 0.000000 0.000000
 -0.362500 0.000000 0.000000
 -0.360000 0.000000 0.000000
 -0.357500 0.000000 0.000000
 -0.355000 0.000000 0.000000
 -0.352500 0.000000 0.000000
 -0.350000 0.000000 0.000000
 -0.347500 0.000000 0.000000
 -0.345000 0.000000 0.000000
 -0.342500 0.000000 0.000000
 -0.340000 0.000000 0.000000
 -0.337500 0.000000 0.000000
 -0.335000 0.000000 0.000000
 -0.332500 0.000000 0.000000
 -0.330000 0.000000 0.000000
 -0.327500 0.000000 0.000000
 -0.325000 0.000000 0.000000
 -0.322500 0.000000 0.000000
 -0.320000 0.000000 0.000000
 -0.317500 0.000000 0.000000
 -0.315000 0.000000 0.000000
 -0.312500 0.000000 0.000000
 -0.310000 0.000000 0.000000
 -0.307500 0.000000 0.000000
 -0.305000 0.000000 0.000000
 -0.302500 0.000000 0.000000
 -0.300000 0.000000 0.000000
 -0.297500 0.000000 0.000000
 -0.295000 0.000000 0.000000
 -0.292500 0.000000 0.000000
 -0.290000 0.000000 0.000000
 -0.287500 0.000000 0.000000
 -0.285000 0.000000 0.000000
 -0.282500 0.000000 0.000000
 -0.280000 0.000000 0.000000
 -0.277500 0.000000 0.000000
 -0.275000 0.000000 0.000000
 -0.272500 0.000000 0.000000
 -0.270000 0.000000 0.000000
 -0.267500 0.000000 0.000000
 -0.265000 0.000000 0.000000
 -0.262500 0.000000 0.000000
 -0.260000 0.000000 0.000000
 -0.257500 0.000000 0.000000
 -0.255000 0.000000 0.000000
 -0.252500 0.000000 0.000000
 -0.250000 0.000000 0.000000
 -0.247500 0.000000 0.000000
 -0.245000 0.000000 0.000000
 -0.242500 0.000000 0.000000
 -0.240000 0.000000 0.000000
 -0.237500 0.000000 0.000000
 -0.235000 0.000000 0.000000
 -0.232500 0.000000 0.000000
 -0.230000 0.000000 0.000000
 -0.227500 0.000000 0.000000
 -0.225000 0.000000 0.000000
 -0.222500 0.000000 0.000000
 -0.220000 0.000000 0.000000
 -0.217500 0.000000 0.000000
 -0.215000 0.000000 0.000000
 -0.212500 0.000000 0.000000
 -0.210000 0.000000 0.000000
 -0.207500 0.000000 0.000000
 -0.205000 0.000000 0.000000
 -0.202500 0.000000 0.000000
 -0.200000 0.000000 0.000000
 -0.197500 0.000000 0.000000
 -0.195000 0.000000 0.000000
 -0.192500 0.000000 0.000000
 -0.190000 0.000000 0.000000
 -0.187500 0.000000 0.000000
 -0.185000 0.000000 0.000000
 -0.182500 0.000000 0.000000
 -0.180000 0.000000 0.000000
 -0.177500 0.000000 0.000000
 -0.175000 0.000000 0.000000
 -0.172500 0.000000 0.000000
 -0.170000 0.000000 0.000000
 -0.167500 0.000000 0.000000
 -0.165000 0.000000 0.000000
 -0.162500 0.000000 0.000000
 -0.160000 0.000000 0.000000
 -0.157500 0.000000 0.000000
 -0.155000 0.000000 0.000000
 -0.152500 0.000000 0.000000
 -0.150000 0.000000 0.000000
 -0.147500 0.000000 0.000000
 -0.145000 0.000000 0.000000
 -0.142500 0.000000 0.000000
 -0.140000 0.000000 0.000000
 -0.137500 0.000000 0.000000
 -0.135000 0.000000 0.000000
 -0.132500 0.000000 0.000000
 -0.130000 0.000000 0.000000
 -0.127500 0.000000 0.000000
 -0.125000 0.000000 0.000000
 -0.122500 0.000000 0.000000
 -0.120000 0.000000 0.000000
 -0.117500 0.000000 0.000000
 -0.115000 0.000000 0.000000
 -0.112500 0.000000 0.000000
 -0.110000 0.000000 0.000000
 -0.107500 0.000000 0.000000
 -0.105000 0.000000 0.000000
 -0.102500 0.000000 0.000000
 -0.100000 0.000000 0.000000
 -0.097500 0.000000 0.000000
 -0.095000 0.000000 0.000000
 -0.092500 0.000000 0.000000
 -0.090000 0.000000 0.000000
 -0.087500 0.000000 0.000000
 -0.085000 0.000000 0.000000
 -0.082500 0.000000 0.000000
 -0.080000 0.000000 0.000000
 -0.077500 0.000000 0.000000
 -0.075000 0.000000 0.000000
 -0.072500 0.000000 0.000000
 -0.070000 0.000000 0.000000
 -0.067500 0.000000 0.000000
 -0.065000 0.000000 0.000000
 -0.062500 0.000000 0.000000
 -0.060000 0.000000 0.000000
 -0.057500 0.000000 0.000000
 -0.055000 0.000000 0.000000
 -0.052500 0.000000 0.000000
 -0.050000 0.000000 0.000000
 -0.047500 0.000000 0.000000
 -0.045000 0.000000 0.000000
 -0.042500 0.000000 0.000000
 -0.040000 0.000000 0.000000
 -0.037500 0.000000 0.000000
 -0.035000 0.000000 0.000000
 -0.032500 0.000000 0.000000
 -0.030000 0.000000 0.000000
 -0.027500 0.000000 0.000000
 -0.025000 0.000000 0.000000
 -0.022500 0.000000 0.000000
 -0.020000 0.000000 0.000000
 -0.017500 0.000000 0.000000
 -0.015000 0.000000 0.000000
 -0.012500 0.000000 0.000000
 -0.010000 0.000000 0.000000
 -0.007500 0.000000 0.000000
 -0.005000 0.000000 0.000000
 -0.002500 0.000000 0.000000
 0.000000 0.000000 0.000000
 0.002500 0.000000 0.000000
 0.005000 0.000000 0.000000
 0.007500 0.000000 0.000000
 0.010000 0.000000 0.000000
 0.012500 0.000000 0.000000
 0.015000 0.000000 0.000000
 0.017500 0.000000 0.000000
 0.020000 0.000000 0.000000
 0.022500 0.000000 0.000000
 0.025000 0.000000 0.000000
 0.027500 0.000000 0.000000
 0.030000 0.000000 0.000000
 0.032500 0.000000 0.000000
 0.035000 0.000000 0.000000
 0.037500 0.000000 0.000000
 0.040000 0.000000 0.000000
 0.042500 0.000000 0.000000
 0.045000 0.000000 0.000000
 0.047500 0.000000 0.000000
 0.050000 0.000000 0.000000
 0.052500 0.000000 0.000000
 0.055000 0.000000 0.000000
 0.057500 0.000000 0.000000
 0.060000 0.000000 0.000000
 0.062500 0.000000 0.000000
 0.065000 0.000000 0.000000
 0.067500 0.000000 0.000000
 0.070000 0.000000 0.000000
 0.072500 0.000000 0.000000
 0.075000 0.000000 0.000000
 0.077500 0.000000 0.000000
 0.080000 0.000000 0.000000
 0.082500 0.000000 0.000000
 0.085000 0.000000 0.000000
 0.087500 0.000000 0.000000
 0.090000 0.000000 0.000000
 0.092500 0.000000 0.000000
 0.095000 0.000000 0.000000
 0.097500 0.000000 0.000000
 0.100000 0.000000 0.000000
 0.102500 0.000000 0.000000
 0.105000 0.000000 0.000000
 0.107500 0.000000 0.000000
 0.110000 0.000000 0.000000
 0.112500 0.000000 0.000000
 0.115000 0.000000 0.000000
 0.117500 0.000000 0.000000
 0.120000 0.000000 0.000000
 0.122500 0.000000 0.000000
 0.125000 0.000000 0.000000
 0.127500 0.000000 0.000000
 0.130000 0.000000 0.000000
 0.132500 0.000000 0.000000
 0.135000 0.000000 0.000000
 0.137500 0.000000 0.000000
 0.140000 0.000000 0.000000
 0.142500 0.000000 0.000000
 0.145000 0.000000 0.000000
 0.147500 0.000000 0.000000
 0.150000 0.000000 0.000000
 0.152500 0.000000 0.000000
 0.155000 0.000000 0.000000
 0.157500 0.000000 0.000000
 0.160000 0.000000 0.000000
 0.162500 0.000000 0.000000
 0.165000 0.000000 0.000000
 0.167500 0.000000 0.000000
 0.170000 0.000000 0.000000
 0.172500 0.000000 0.000000
 0.175000 0.000000 0.000000
 0.177500 0.000000 0.000000
 0.180000 0.000000 0.000000
 0.182500 0.000000 0.000000
 0.185000 0.000000 0.000000
 0.187500 0.000000 0.000000
 0.190000 0.000000 0.000000
 0.192500 0.000000 0.000000
 0.195000 0.000000 0.000000
 0.197500 0.000000 0.000000
 0.200000 0.000000 0.000000
 0.202500 0.000000 0.000000
 0.205000 0.000000 0.000000
 0.207500 0.000000 0.000000
 0.210000 0.000000 0.000000
 0.212500 0.000000 0.000000
 0.215000 0.000000 0.000000
 0.217500 0.000001 0.000207
 0.220000 0.000001 0.000483
 0.222500 0.000003 0.001053
 0.225000 0.000007 0.002142
 0.227500 0.000015 0.004067
 0.230000 0.000028 0.007195
 0.232500 0.000052 0.011841
 0.235000 0.000089 0.018087
 0.237500 0.000143 0.025563
 0.240000 0.000217 0.033413
 0.242500 0.000309 0.039939
 0.245000 0.000415 0.043455
 0.247500 0.000523 0.042358
 0.250000 0.000623 0.036414
 0.252500 0.000703 0.026787
 0.255000 0.000756 0.016136
 0.257500 0.000786 0.008646
 0.260000 0.000805 0.008262
 0.262500 0.000837 0.018489
 0.265000 0.000909 0.040126
 0.267500 0.001049 0.072474
 0.270000 0.001279 0.112423
 0.272500 0.001615 0.156636
 0.275000 0.002065 0.202407
 0.277500 0.002629 0.248379
 0.280000 0.003310 0.295942
 0.282500 0.004117 0.348992
 0.285000 0.005065 0.410452
 0.287500 0.006182 0.483932
 0.290000 0.007498 0.569617
 0.292500 0.009044 0.665674
 0.295000 0.010839 0.767551
 0.297500 0.012890 0.871001
 0.300000 0.015205 0.977835
 0.302500 0.017796 1.094221
 0.305000 0.020704 1.232846
 0.307500 0.024006 1.409166
 0.310000 0.027806 1.633676
 0.312500 0.032231 1.911674
 0.315000 0.037433 2.248567
 0.317500 0.043541 2.639297
 0.320000 0.050695 3.082776
 0.322500 0.059024 3.578793
 0.325000 0.068659 4.126446
 0.327500 0.079728 4.725289
 0.330000 0.092360 5.373754
 0.332500 0.106665 6.062769
 0.335000 0.122737 6.785592
 0.337500 0.140658 7.536971
 0.340000 0.160486 8.311578
 0.342500 0.182279 9.106419
 0.345000 0.206088 9.922093
 0.347500 0.231965 10.756010
 0.350000 0.259950 11.607233
 0.352500 0.290083 12.474400
 0.355000 0.322416 13.364368
 0.357500 0.357022 14.294765
 0.360000 0.394034 15.298295
 0.362500 0.433699 16.415532
 0.365000 0.476352 17.694053
 0.367500 0.522446 19.168753
 0.370000 0.572482 20.850847
 0.372500 0.626981 22.729726
 0.375000 0.686386 24.766245
 0.377500 0.751038 26.916577
 0.380000 0.821140 29.125113
 0.382500 0.896795 31.350607
 0.385000 0.977999 33.553799
 0.387500 1.064641 35.685303
 0.390000 1.156451 37.672281
 0.392500 1.252956 39.429712
 0.395000 1.353455 40.846213
 0.397500 1.456972 41.828273
 0.400000 1.562320 42.309940
 0.402500 1.668273 42.307556
 0.405000 1.773674 41.896975
 0.407500 1.877701 41.245750
 0.410000 1.980010 40.558108
 0.412500 2.080803 40.062653
 0.415000 2.180785 39.941597
 0.417500 2.281036 40.281573
 0.420000 2.382713 41.076649
 0.422500 2.486833 42.209506
 0.425000 2.594008 43.487055
 0.427500 2.704334 44.691492
 0.430000 2.817344 45.625257
 0.432500 2.932231 46.179968
 0.435000 3.047978 46.323331
 0.437500 3.163649 46.141688
 0.440000 3.278588 45.780186
 0.442500 3.392575 45.408627
 0.445000 3.505747 45.168014
 0.447500 3.618559 45.112359
 0.450000 3.731412 45.200003
 0.452500 3.844517 45.290510
 0.455000 3.957657 45.206637
 0.457500 4.070189 44.761122
 0.460000 4.181030 43.840517
 0.462500 4.288873 42.372005
 0.465000 4.392300 40.331450
 0.467500 4.489954 37.758342
 0.470000 4.580575 34.729806
 0.472500 4.663168 31.368876
 0.475000 4.737110 27.865436
 0.477500 4.802362 24.450474
 0.480000 4.859391 21.367821
 0.482500 4.909292 18.742032
 0.485000 4.953259 16.633502
 0.487500 4.992481 14.904048
 0.490000 5.027622 13.346034
 0.492500 5.058785 11.677903
 0.495000 5.085393 9.694021
 0.497500 5.106483 7.287459
 0.500000 5.121075 4.497757
 0.502500 5.128327 1.459048
 0.505000 5.127872 -1.603114
 0.507500 5.119995 -4.446090
 0.510000 5.105537 -6.805076
 0.512500 5.085940 -8.536654
 0.515000 5.062846 -9.590142
 0.517500 5.037860 -10.094965
 0.520000 5.012017 -10.307052
 0.522500 4.985674 -10.576170
 0.525000 4.958283 -11.182303
 0.527500 4.928671 -12.351322
 0.530000 4.895386 -14.118809
 0.532500 4.857042 -16.370171
 0.535000 4.812681 -18.882986
 0.537500 4.761909 -21.449235
 0.540000 4.704843 -23.891198
 0.542500 4.641996 -26.095687
 0.545000 4.573974 -27.996032
 0.547500 4.501546 -29.602142
 0.550000 4.425479 -30.914946
 0.552500 4.346552 -31.907764
 0.555000 4.265613 -32.499930
 0.557500 4.183758 -32.651976
 0.560000 4.102099 -32.323210
 0.562500 4.021835 -31.556406
 0.565000 3.943886 -30.489567
 0.567500 3.868703 -29.365540
 0.570000 3.796132 -28.454009
 0.572500 3.725321 -27.990374
 0.575000 3.655031 -28.107687
 0.577500 3.583671 -28.768195
 0.580000 3.510027 -29.924019
 0.582500 3.433078 -31.410402
 0.585000 3.352199 -33.045648
 0.587500 3.267197 -34.683850
 0.590000 3.178193 -36.228935
 0.592500 3.085579 -37.566997
 0.595000 2.989972 -38.586087
 0.597500 2.892367 -39.174643
 0.600000 2.793984 -39.206570
 0.602500 2.696257 -38.610140
 0.605000 2.600772 -37.463034
 0.607500 2.508749 -35.879858
 0.610000 2.421008 -34.085421
 0.612500 2.337719 -32.324934
 0.615000 2.258581 -30.809135
 0.617500 2.182849 -29.630794
 0.620000 2.109634 -28.760267
 0.622500 2.038281 -28.124294
 0.625000 1.968388 -27.600801
 0.627500 1.899791 -27.082712
 0.630000 1.832512 -26.541378
 0.632500 1.766594 -25.987338
 0.635000 1.702033 -25.473016
 0.637500 1.638717 -25.037259
 0.640000 1.576381 -24.660843
 0.642500 1.514929 -24.326435
 0.645000 1.454338 -23.981120
 0.647500 1.394708 -23.550275
 0.650000 1.336334 -22.992717
 0.652500 1.279560 -22.253939
 0.655000 1.224835 -21.352474
 0.657500 1.172523 -20.342706
 0.660000 1.122805 -19.303686
 0.662500 1.075607 -18.345871
 0.665000 1.030608 -17.568602
 0.667500 0.987266 -17.042317
 0.670000 0.944922 -16.748069
 0.672500 0.903084 -16.634289
 0.675000 0.861429 -16.582419
 0.677500 0.819956 -16.468680
 0.680000 0.778951 -16.191818
 0.682500 0.738915 -15.715077
 0.685000 0.700340 -15.029798
 0.687500 0.663667 -14.191429
 0.690000 0.629215 -13.292106
 0.692500 0.597022 -12.388464
 0.695000 0.567024 -11.545575
 0.697500 0.539023 -10.796228
 0.700000 0.512791 -10.147033
 0.702500 0.488075 -9.574389
 0.705000 0.464710 -9.052740
 0.707500 0.442612 -8.568088
 0.710000 0.421706 -8.094251
 0.712500 0.401978 -7.630832
 0.715000 0.383388 -7.187693
 0.717500 0.365865 -6.796791
 0.720000 0.349233 -6.476460
 0.722500 0.333291 -6.247892
 0.725000 0.317801 -6.107519
 0.727500 0.302590 -6.033760
 0.730000 0.287540 -5.964366
 0.732500 0.272711 -5.850713
 0.735000 0.258278 -5.649264
 0.737500 0.244465 -5.345085
 0.740000 0.231515 -4.976563
 0.742500 0.219508 -4.599156
 0.745000 0.208386 -4.294528
 0.747500 0.197871 -4.114198
 0.750000 0.187616 -4.082085
 0.752500 0.177287 -4.169712
 0.755000 0.166669 -4.303993
 0.757500 0.155753 -4.391136
 0.760000 0.144765 -4.357916
 0.762500 0.134045 -4.164933
 0.765000 0.124001 -3.827423
 0.767500 0.114941 -3.391119
 0.770000 0.107032 -2.915441
 0.772500 0.100305 -2.452897
 0.775000 0.094686 -2.033960
 0.777500 0.090050 -1.668832
 0.780000 0.086261 -1.359799
 0.782500 0.083172 -1.109300
 0.785000 0.080622 -0.933119
 0.787500 0.078405 -0.847501
 0.790000 0.076270 -0.864140
 0.792500 0.073961 -0.983346
 0.795000 0.071248 -1.184739
 0.797500 0.067975 -1.426891
 0.800000 0.064097 -1.660320
 0.802500 0.059700 -1.840101
 0.805000 0.054960 -1.931435
 0.807500 0.050116 -1.921208
 0.810000 0.045414 -1.819062
 0.812500 0.041056 -1.650084
 0.815000 0.037171 -1.449146
 0.817500 0.033800 -1.244602
 0.820000 0.030921 -1.059007
 0.822500 0.028470 -0.900590
 0.825000 0.026379 -0.771822
 0.827500 0.024579 -0.667700
 0.830000 0.023010 -0.584961
 0.832500 0.021623 -0.525069
 0.835000 0.020351 -0.490487
 0.837500 0.019130 -0.484132
 0.840000 0.017896 -0.505199
 0.842500 0.016585 -0.540736
 0.845000 0.015180 -0.577249
 0.847500 0.013701 -0.599790
 0.850000 0.012200 -0.594693
 0.852500 0.010753 -0.556446
 0.855000 0.009440 -0.487665
 0.857500 0.008326 -0.399786
 0.860000 0.007439 -0.307348
 0.862500 0.006775 -0.224717
 0.865000 0.006295 -0.161236
 0.867500 0.005946 -0.120515
 0.870000 0.005673 -0.100017
 0.872500 0.005433 -0.092775
 0.875000 0.005199 -0.091044
 0.877500 0.004970 -0.091570
 0.880000 0.004741 -0.091045
 0.882500 0.004510 -0.091743
 0.885000 0.004273 -0.097647
 0.887500 0.004014 -0.110444
 0.890000 0.003714 -0.129275
 0.892500 0.003364 -0.151182
 0.895000 0.002960 -0.170336
 0.897500 0.002517 -0.182432
 0.900000 0.002056 -0.183226
 0.902500 0.001609 -0.172590
 0.905000 0.001201 -0.151906
 0.907500 0.000854 -0.125235
 0.910000 0.000576 -0.096131
 0.912500 0.000369 -0.069534
 0.915000 0.000224 -0.046959
 0.917500 0.000130 -0.029320
 0.920000 0.000074 -0.016391
 0.922500 0.000045 -0.006824
 0.925000 0.000037 0.000839
 0.927500 0.000048 0.008336
 0.930000 0.000079 0.016995
 0.932500 0.000135 0.028168
 0.935000 0.000221 0.041727
 0.937500 0.000344 0.056516
 0.940000 0.000503 0.070474
 0.942500 0.000693 0.080238
 0.945000 0.000898 0.082225
 0.947500 0.001095 0.073768
 0.950000 0.001257 0.054247
 0.952500 0.001359 0.025726
 0.955000 0.001382 -0.007291
 0.957500 0.001323 -0.039020
 0.960000 0.001193 -0.064046
 0.962500 0.001012 -0.078836
 0.965000 0.000808 -0.082522
 0.967500 0.000607 -0.076735
 0.970000 0.000429 -0.064693
 0.972500 0.000286 -0.050004
 0.975000 0.000179 -0.035677
 0.977500 0.000106 -0.023600
 0.980000 0.000059 -0.014518
 0.982500 0.000031 -0.008323
 0.985000 0.000015 -0.004454
 0.987500 0.000007 -0.002227
 0.990000 0.000003 -0.001042
 0.992500 0.000001 -0.000355
 0.995000 0.000000 0.000000
 0.997500 0.000000 0.000000
 1.000000 0.000000 0.000000
 1.002500 0.000000 0.000000
 1.005000 0.000000 0.000000
 1.007500 0.000000 0.000000
 1.010000 0.000000 0.000000
 1.012500 0.000000 0.000000
 1.015000 0.000000 0.000000
 1.017500 0.000000 0.000000
 1.020000 0.000000 0.000000
 1.022500 0.000000 0.000000
 1.025000 0.000000 0.000000
 1.027500 0.000000 0.000000
 1.030000 0.000000 0.000000
 1.032500 0.000000 0.000000
 1.035000 0.000000 0.000000
 1.037500 0.000000 0.000000
 1.040000 0.000000 0.000000
 1.042500 0.000000 0.000000
 1.045000 0.000000 0.000000
 1.047500 0.000000 0.000000
 1.050000 0.000000 0.000000
 1.052500 0.000000 0.000000
 1.055000 0.000000 0.000000
 1.057500 0.000000 0.000000
 1.060000 0.000000 0.000000
 1.062500 0.000000 0.000000
 1.065000 0.000000 0.000000
 1.067500 0.000000 0.000000
 1.070000 0.000000 0.000000
 1.072500 0.000000 0.000000
 1.075000 0.000000 0.000000
 1.077500 0.000000 0.000000
 1.080000 0.000000 0.000000
 1.082500 0.000000 0.000000
 1.085000 0.000000 0.000000
 1.087500 0.000000 0.000000
 1.090000 0.000000 0.000000
 1.092500 0.000000 0.000000
 1.095000 0.000000 0.000000
 1.097500 0.000000 0.000000
 1.100000 0.000000 0.000000
 1.102500 0.000000 0.000000
 1.105000 0.000000 0.000000
 1.107500 0.000000 0.000000
 1.110000 0.000000 0.000000
 1.112500 0.000000 0.000000
 1.115000 0.000000 0.000000
 1.117500 0.000000 0.000000
 1.120000 0.000000 0.000000
 1.122500 0.000000 0.000000
 1.125000 0.000000 0.000000
 1.127500 0.000000 0.000000
 1.130000 0.000000 0.000000
 1.132500 0.000000 0.000000
 1.135000 0.000000 0.000000
 1.137500 0.000000 0.000000
 1.140000 0.000000 0.000000
 1.142500 0.000000 0.000000
 1.145000 0.000000 0.000000
 1.147500 0.000000 0.000000
 1.150000 0.000000 0.000000
 1.152500 0.000000 0.000000
 1.155000 0.000000 0.000000
 1.157500 0.000000 0.000000
 1.160000 0.000000 0.000000
 1.162500 0.000000 0.000000
 1.165000 0.000000 0.000000
 1.167500 0.000000 0.000000
 1.170000 0.000000 0.000000
 1.172500 0.000000 0.000000
 1.175000 0.000000 0.000000
 1.177500 0.000000 0.000000
 1.180000 0.000000 0.000000
 1.182500 0.000000 0.000000
 1.185000 0.000000 0.000000
 1.187500 0.000000 0.000000
 1.190000 0.000000 0.000000
 1.192500 0.000000 0.000000
 1.195000 0.000000 0.000000
 1.197500 0.000000 0.000000
 1.200000 0.000000 0.000000
 1.202500 0.000000 0.000000
 1.205000 0.000000 0.000000
 1.207500 0.000000 0.000000
 1.210000 0.000000 0.000000
 1.212500 0.000000 0.000000
 1.215000 0.000000 0.000000
 1.217500 0.000000 0.000000
 1.220000 0.000000 0.000000
 1.222500 0.000000 0.000000
 1.225000 0.000000 0.000000
 1.227500 0.000000 0.000000
 1.230000 0.000000 0.000000
 1.232500 0.000000 0.000000
 1.235000 0.000000 0.000000
 1.237500 0.000000 0.000000
 1.240000 0.000000 0.000000
 1.242500 0.000000 0.000000
 1.245000 0.000000 0.000000
 1.247500 0.000000 0.000000
 1.250000 0.000000 0.000000
 1.252500 0.000000 0.000000
 1.255000 0.000000 0.000000
 1.257500 0.000000 0.000000
 1.260000 0.000000 0.000000
 1.262500 0.000000 0.000000
 1.265000 0.000000 0.000000
 1.267500 0.000000 0.000000
 1.270000 0.000000 0.000000
 1.272500 0.000000 0.000000
 1.275000 0.000000 0.000000
 1.277500 0.000000 0.000000
 1.280000 0.000000 0.000000
 1.282500 0.000000 0.000000
 1.285000 0.000000 0.000000
 1.287500 0.000000 0.000000
 1.290000 0.000000 0.000000
 1.292500 0.000000 0.000000
 1.295000 0.000000 0.000000
 1.297500 0.000000 0.000000
 1.300000 0.000000 0.000000
 1.302500 0.000000 0.000000
 1.305000 0.000000 0.000000
 1.307500 0.000000 0.000000
 1.310000 0.000000 0.000000
 1.312500 0.000000 0.000000
 1.315000 0.000000 0.000000
 1.317500 0.000000 0.000000
 1.320000 0.000000 0.000000
 1.322500 0.000000 0.000000
 1.325000 0.000000 0.000000
 1.327500 0.000000 0.000000
 1.330000 0.000000 0.000000
 1.332500 0.000000 0.000000
 1.335000 0.000000 0.000000
 1.337500 0.000000 0.000000
 1.340000 0.000000 0.000000
 1.342500 0.000000 0.000000
 1.345000 0.000000 0.000000
 1.347500 0.000000 0.000000
 1.350000 0.000000 0.000000
 1.352500 0.000000 0.000000
 1.355000 0.000000 0.000000
 1.357500 0.000000 0.000000
 1.360000 0.000000 0.000000
 1.362500 0.000000 0.000000
 1.365000 0.000000 0.000000
 1.367500 0.000000 0.000000
 1.370000 0.000000 0.000000
 1.372500 0.000000 0.000000
 1.375000 0.000000 0.000000
 1.377500 0.000000 0.000000
 1.380000 0.000000 0.000000
 1.382500 0.000000 0.000000
 1.385000 0.000000 0.000000
 1.387500 0.000000 0.000000
 1.390000 0.000000 0.000000
 1.392500 0.000000 0.000000
 1.395000 0.000000 0.000000
 1.397500 0.000000 0.000000
 1.400000 0.000000 0.000000
 1.402500 0.000000 0.000000
 1.405000 0.000000 0.000000
 1.407500 0.000000 0.000000
 1.410000 0.000000 0.000000
 1.412500 0.000000 0.000000
 1.415000 0.000000 0.000000
 1.417500 0.000000 0.000000
 1.420000 0.000000 0.000000
 1.422500 0.000000 0.000000
 1.425000 0.000000 0.000000
 1.427500 0.000000 0.000000
 1.430000 0.000000 0.000000
 1.432500 0.000000 0.000000
 1.435000 0.000000 0.000000
 1.437500 0.000000 0.000000
 1.440000 0.000000 0.000000
 1.442500 0.000000 0.000000
 1.445000 0.000000 0.000000
 1.447500 0.000000 0.000000
 1.450000 0.000000 0.000000
 1.452500 0.000000 0.000000
 1.455000 0.000000 0.000000
 1.457500 0.000000 0.000000
 1.460000 0.000000 0.000000
 1.462500 0.000000 0.000000
 1.465000 0.000000 0.000000
 1.467500 0.000000 0.000000
 1.470000 0.000000 0.000000
 1.472500 0.000000 0.000000
 1.475000 0.000000 0.000000
 1.477500 0.000000 0.000000
 1.480000 0.000000 0.000000
 1.482500 0.000000 0.000000
 1.485000 0.000000 0.000000
 1.487500 0.000000 0.000000
 1.490000 0.000000 0.000000
 1.492500 0.000000 0.000000
 1.495000 0.000000 0.000000
 1.497500 0.000000 0.000000
 1.500000 0.000000 0.000000
 1.502500 0.000000 0.000000
 1.505000 0.000000 0.000000
 1.507500 0.000000 0.000000
 1.510000 0.000000 0.000000
 1.512500 0.000000 0.000000
 1.515000 0.000000 0.000000
 1.517500 0.000000 0.000000
 1.520000 0.000000 0.000000
 1.522500 0.000000 0.000000
 1.525000 0.000000 0.000000
 1.527500 0.000000 0.000000
 1.530000 0.000000 0.000000
 1.532500 0.000000 0.000000
 1.535000 0.000000 0.000000
 1.537500 0.000000 0.000000
 1.540000 0.000000 0.000000
 1.542500 0.000000 0.000000
 1.545000 0.000000 0.000000
 1.547500 0.000000 0.000000
 1.550000 0.000000 0.000000
 1.552500 0.000000 0.000000
 1.555000 0.000000 0.000000
 1.557500 0.000000 0.000000
 1.560000 0.000000 0.000000
 1.562500 0.000000 0.000000
 1.565000 0.000000 0.000000
 1.567500 0.000000 0.000000
 1.570000 0.000000 0.000000
 1.572500 0.000000 0.000000
 1.575000 0.000000 0.000000
 1.577500 0.000000 0.000000
 1.580000 0.000000 0.000000
 1.582500 0.000000 0.000000
 1.585000 0.000000 0.000000
 1.587500 0.000000 0.000000
 1.590000 0.000000 0.000000
 1.592500 0.000000 0.000000
 1.595000 0.000000 0.000000
 1.597500 0.000000 0.000000
 1.600000 0.000000 0.000000
 1.602500 0.000000 0.000000
 1.605000 0.000000 0.000000
 1.607500 0.000000 0.000000
 1.610000 0.000000 0.000000
 1.612500 0.000000 0.000000
 1.615000 0.000000 0.000000
 1.617500 0.000000 0.000000
 1.620000 0.000000 0.000000
 1.622500 0.000000 0.000000
 1.625000 0.000000 0.000000
 1.627500 0.000000 0.000000
 1.630000 0.000000 0.000000
 1.632500 0.000000 0.000000
 1.635000 0.000000 0.000000
 1.637500 0.000000 0.000000
 1.640000 0.000000 0.000000
 1.642500 0.000000 0.000000
 1.645000 0.000000 0.000000
 1.647500 0.000000 0.000000
 1.650000 0.000000 0.000000
 1.652500 0.000000 0.000000
 1.655000 0.000000 0.000000
 1.657500 0.000000 0.000000
 1.660000 0.000000 0.000000
 1.662500 0.000000 0.000000
 1.665000 0.000000 0.000000
 1.667500 0.000000 0.000000
 1.670000 0.000000 0.000000
 1.672500 0.000000 0.000000
 1.675000 0.000000 0.000000
 1.677500 0.000000 0.000000
 1.680000 0.000000 0.000000
 1.682500 0.000000 0.000000
 1.685000 0.000000 0.000000
 1.687500 0.000000 0.000000
 1.690000 0.000000 0.000000
 1.692500 0.000000 0.000000
 1.695000 0.000000 0.000000
 1.697500 0.000000 0.000000
 1.700000 0.000000 0.000000
 1.702500 0.000000 0.000000
 1.705000 0.000000 0.000000
 1.707500 0.000000 0.000000
 1.710000 0.000000 0.000000
 1.712500 0.000000 0.000000
 1.715000 0.000000 0.000000
 1.717500 0.000000 0.000000
 1.720000 0.000000 0.000000
 1.722500 0.000000 0.000000
 1.725000 0.000000 0.000000
 1.727500 0.000000 0.000000
 1.730000 0.000000 0.000000
 1.732500 0.000000 0.000000
 1.735000 0.000000 0.000000
 1.737500 0.000000 0.000000
 1.740000 0.000000 0.000000
 1.742500 0.000000 0.000000
 1.745000 0.000000 0.000000
 1.747500 0.000000 0.000000
 1.750000 0.000000 0.000000
 1.752500 0.000000 0.000000
 1.755000 0.000000 0.000000
 1.757500 0.000000 0.000000
 1.760000 0.000000 0.000000
 1.762500 0.000000 0.000000
 1.765000 0.000000 0.000000
 1.767500 0.000000 0.000000
 1.770000 0.000000 0.000000
 1.772500 0.000000 0.000000
 1.775000 0.000000 0.000000
 1.777500 0.000000 0.000000
 1.780000 0.000000 0.000000
 1.782500 0.000000 0.000000
 1.785000 0.000000 0.000000
 1.787500 0.000000 0.000000
 1.790000 0.000000 0.000000
 1.792500 0.000000 0.000000
 1.795000 0.000000 0.000000
 1.797500 0.000000 0.000000
 1.800000 0.000000 0.000000
 1.802500 0.000000 0.000000
 1.805000 0.000000 0.000000
 1.807500 0.000000 0.000000
 1.810000 0.000000 0.000000
 1.812500 0.000000 0.000000
 1.815000 0.000000 0.000000
 1.817500 0.000000 0.000000
 1.820000 0.000000 0.000000
 1.822500 0.000000 0.000000
 1.825000 0.000000 0.000000
 1.827500 0.000000 0.000000
 1.830000 0.000000 0.000000
 1.832500 0.000000 0.000000
 1.835000 0.000000 0.000000
 1.837500 0.000000 0.000000
 1.840000 0.000000 0.000000
 1.842500 0.000000 0.000000
 1.845000 0.000000 0.000000
 1.847500 0.000000 0.000000
 1.850000 0.000000 0.000000
 1.852500 0.000000 0.000000
 1.855000 0.000000 0.000000
 1.857500 0.000000 0.000000
 1.860000 0.000000 0.000000
 1.862500 0.000000 0.000000
 1.865000 0.000000 0.000000
 1.867500 0.000000 0.000000
 1.870000 0.000000 0.000000
 1.872500 0.000000 0.000000
 1.875000 0.000000 0.000000
 1.877500 0.000000 0.000000
 1.880000 0.000000 0.000000
 1.882500 0.000000 0.000000
 1.885000 0.000000 0.000000
 1.887500 0.000000 0.000000
 1.890000 0.000000 0.000000
 1.892500 0.000000 0.000000
 1.895000 0.000000 0.000000
 1.897500 0.000000 0.000000
 1.900000 0.000000 0.000000
 1.902500 0.000000 0.000000
 1.905000 0.000000 0.000000
 1.907500 0.000000 0.000000
 1.910000 0.000000 0.000000
 1.912500 0.000000 0.000000
 1.915000 0.000000 0.000000
 1.917500 0.000000 0.000000
 1.920000 0.000000 0.000000
 1.922500 0.000000 0.000000
 1.925000 0.000000 0.000000
 1.927500 0.000000 0.000000
 1.930000 0.000000 0.000000
 1.932500 0.000000 0.000000
 1.935000 0.000000 0.000000
 1.937500 0.000000 0.000000
 1.940000 0.000000 0.000000
 1.942500 0.000000 0.000000
 1.945000 0.000000 0.000000
 1.947500 0.000000 0.000000
 1.950000 0.000000 0.000000
 1.952500 0.000000 0.000000
 1.955000 0.000000 0.000000
 1.957500 0.000000 0.000000
 1.960000 0.000000 0.000000
 1.962500 0.000000 0.000000
 1.965000 0.000000 0.000000
 1.967500 0.000000 0.000000
 1.970000 0.000000 0.000000
 1.972500 0.000000 0.000000
 1.975000 0.000000 0.000000
 1.977500 0.000000 0.000000
 1.980000 0.000000 0.000000
 1.982500 0.000000 0.000000
 1.985000 0.000000 0.000000
 1.987500 0.000000 0.000000
 1.990000 0.000000 0.000000
 1.992500 0.000000 0.000000
 1.995000 0.000000 0.000000
 1.997500 0.000000 0.000000
 2.000000 0.000000 0.000000
