#! FIELDS time refcv.mean refcv.morethan
 20.000000 0.894933 323.533041
 25.000000 0.901603 323.648519
 30.000000 0.894483 323.077384
 35.000000 0.907062 323.665887
 40.000000 0.911018 323.718946
 45.000000 0.906528 323.691456
 50.000000 0.899268 323.621075
 55.000000 0.904994 323.634318
 60.000000 0.901032 323.622655
 65.000000 0.913774 323.732096
 70.000000 0.914048 323.711143
 75.000000 0.896389 323.619077
 80.000000 0.890032 323.304684
 85.000000 0.902729 323.647001
 90.000000 0.893034 323.567608
 95.000000 0.894540 323.602134
 100.000000 0.906354 323.685860
 105.000000 0.910408 323.679218
 110.000000 0.900762 323.531542
 115.000000 0.909653 323.699503
 120.000000 0.911655 323.713935
 125.000000 0.913046 323.683683
 130.000000 0.898254 323.629675
 135.000000 0.909812 323.698762
 140.000000 0.914381 323.716116
 145.000000 0.899451 323.617036
 150.000000 0.911410 323.673043
 155.000000 0.902182 323.652640
 160.000000 0.891509 323.552898
 165.000000 0.912961 323.706313
 170.000000 0.891215 323.521458
 175.000000 0.895314 323.531819
 180.000000 0.894662 323.575712
 185.000000 0.897720 323.608808
