#! FIELDS time refcv.mean refcv.morethan
 20.000000 1.331213 323.997406
 25.000000 1.322595 323.997193
 30.000000 1.322651 323.997160
 35.000000 1.338980 323.997575
 40.000000 1.347115 323.997754
 45.000000 1.333133 323.997453
 50.000000 1.326546 323.997291
 55.000000 1.327429 323.997272
 60.000000 1.329095 323.997336
 65.000000 1.330947 323.997397
 70.000000 1.339180 323.997582
 75.000000 1.335346 323.997494
 80.000000 1.323363 323.997173
 85.000000 1.332002 323.997404
 90.000000 1.336331 323.997502
 95.000000 1.335274 323.997481
 100.000000 1.339246 323.997586
 105.000000 1.337206 323.997536
 110.000000 1.336012 323.997493
 115.000000 1.337484 323.997538
 120.000000 1.338178 323.997566
 125.000000 1.345598 323.997712
 130.000000 1.334907 323.997471
 135.000000 1.342916 323.997660
 140.000000 1.350225 323.997810
 145.000000 1.330472 323.997370
 150.000000 1.336096 323.997509
 155.000000 1.337567 323.997537
 160.000000 1.334211 323.997442
 165.000000 1.336439 323.997511
 170.000000 1.325255 323.997220
 175.000000 1.330030 323.997343
 180.000000 1.324312 323.997210
 185.000000 1.331291 323.997386
