#! FIELDS refcv hh dhh_refcv
#! SET normalisation  33.000000
#! SET min_refcv -0.5
#! SET max_refcv 2
#! SET nbins_refcv  1000
#! SET periodic_refcv false
 -0.500000 0.000000 0.000000
 -0.497500 0.000000 0.000000
 -0.495000 0.000000 0.000000
 -0.492500 0.000000 0.000000
 -0.490000 0.000000 0.000000
 -0.487500 0.000000 0.000000
 -0.485000 0.000000 0.000000
 -0.482500 0.000000 0.000000
 -0.480000 0.000000 0.000000
 -0.477500 0.000000 0.000000
 -0.475000 0.000000 0.000000
 -0.472500 0.000000 0.000000
 -0.470000 0.000000 0.000000
 -0.467500 0.000000 0.000000
 -0.465000 0.000000 0.000000
 -0.462500 0.000000 0.000000
 -0.460000 0.000000 0.000000
 -0.457500 0.000000 0.000000
 -0.455000 0.000000 0.000000
 -0.452500 0.000000 0.000000
 -0.450000 0.000000 0.000000
 -0.447500 0.000000 0.000000
 -0.445000 0.000000 0.000000
 -0.442500 0.000000 0.000000
 -0.440000 0.000000 0.000000
 -0.437500 0.000000 0.000000
 -0.435000 0.000000 0.000000
 -0.432500 0.000000 0.000000
 -0.430000 0.000000 0.000000
 -0.427500 0.000000 0.000000
 -0.425000 0.000000 0.000000
 -0.422500 0.000000 0.000000
 -0.420000 0.000000 0.000000
 -0.417500 0.000000 0.000000
 -0.415000 0.000000 0.000000
 -0.412500 0.000000 0.000000
 -0.410000 0.000000 0.000000
 -0.407500 0.000000 0.000000
 -0.405000 0.000000 0.000000
 -0.402500 0.000000 0.000000
 -0.400000 0.000000 0.000000
 -0.397500 0.000000 0.000000
 -0.395000 0.000000 0.000000
 -0.392500 0.000000 0.000000
 -0.390000 0.000000 0.000000
 -0.387500 0.000000 0.000000
 -0.385000 0.000000 0.000000
 -0.382500 0.000000 0.000000
 -0.380000 0.000000 0.000000
 -0.377500 0.000000 0.000000
 -0.375000 0.000000 0.000000
 -0.372500 0.000000 0.000000
 -0.370000 0.000000 0.000000
 -0.367500 0.000000 0.000000
 -0.365000 0.000000 0.000000
 -0.362500 0.000000 0.000000
 -0.360000 0.000000 0.000000
 -0.357500 0.000000 0.000000
 -0.355000 0.000000 0.000000
 -0.352500 0.000000 0.000000
 -0.350000 0.000000 0.000000
 -0.347500 0.000000 0.000000
 -0.345000 0.000000 0.000000
 -0.342500 0.000000 0.000000
 -0.340000 0.000000 0.000000
 -0.337500 0.000000 0.000000
 -0.335000 0.000000 0.000000
 -0.332500 0.000000 0.000000
 -0.330000 0.000000 0.000000
 -0.327500 0.000000 0.000000
 -0.325000 0.000000 0.000000
 -0.322500 0.000000 0.000000
 -0.320000 0.000000 0.000000
 -0.317500 0.000000 0.000000
 -0.315000 0.000000 0.000000
 -0.312500 0.000000 0.000000
 -0.310000 0.000000 0.000000
 -0.307500 0.000000 0.000000
 -0.305000 0.000000 0.000000
 -0.302500 0.000000 0.000000
 -0.300000 0.000000 0.000000
 -0.297500 0.000000 0.000000
 -0.295000 0.000000 0.000000
 -0.292500 0.000000 0.000000
 -0.290000 0.000000 0.000000
 -0.287500 0.000000 0.000000
 -0.285000 0.000000 0.000000
 -0.282500 0.000000 0.000000
 -0.280000 0.000000 0.000000
 -0.277500 0.000000 0.000000
 -0.275000 0.000000 0.000000
 -0.272500 0.000000 0.000000
 -0.270000 0.000000 0.000000
 -0.267500 0.000000 0.000000
 -0.265000 0.000000 0.000000
 -0.262500 0.000000 0.000000
 -0.260000 0.000000 0.000000
 -0.257500 0.000000 0.000000
 -0.255000 0.000000 0.000000
 -0.252500 0.000000 0.000000
 -0.250000 0.000000 0.000000
 -0.247500 0.000000 0.000000
 -0.245000 0.000000 0.000000
 -0.242500 0.000000 0.000000
 -0.240000 0.000000 0.000000
 -0.237500 0.000000 0.000000
 -0.235000 0.000000 0.000000
 -0.232500 0.000000 0.000000
 -0.230000 0.000000 0.000000
 -0.227500 0.000000 0.000000
 -0.225000 0.000000 0.000000
 -0.222500 0.000000 0.000000
 -0.220000 0.000000 0.000000
 -0.217500 0.000000 0.000000
 -0.215000 0.000000 0.000000
 -0.212500 0.000000 0.000000
 -0.210000 0.000000 0.000000
 -0.207500 0.000000 0.000000
 -0.205000 0.000000 0.000000
 -0.202500 0.000000 0.000000
 -0.200000 0.000000 0.000000
 -0.197500 0.000000 0.000000
 -0.195000 0.000000 0.000000
 -0.192500 0.000000 0.000000
 -0.190000 0.000000 0.000000
 -0.187500 0.000000 0.000000
 -0.185000 0.000000 0.000000
 -0.182500 0.000000 0.000000
 -0.180000 0.000000 0.000000
 -0.177500 0.000000 0.000000
 -0.175000 0.000000 0.000000
 -0.172500 0.000000 0.000000
 -0.170000 0.000000 0.000000
 -0.167500 0.000000 0.000000
 -0.165000 0.000000 0.000000
 -0.162500 0.000000 0.000000
 -0.160000 0.000000 0.000000
 -0.157500 0.000000 0.000000
 -0.155000 0.000000 0.000000
 -0.152500 0.000000 0.000000
 -0.150000 0.000000 0.000000
 -0.147500 0.000000 0.000000
 -0.145000 0.000000 0.000000
 -0.142500 0.000000 0.000000
 -0.140000 0.000000 0.000000
 -0.137500 0.000000 0.000000
 -0.135000 0.000000 0.000000
 -0.132500 0.000000 0.000000
 -0.130000 0.000000 0.000000
 -0.127500 0.000000 0.000000
 -0.125000 0.000000 0.000000
 -0.122500 0.000000 0.000000
 -0.120000 0.000000 0.000000
 -0.117500 0.000000 0.000000
 -0.115000 0.000000 0.000000
 -0.112500 0.000000 0.000000
 -0.110000 0.000000 0.000000
 -0.107500 0.000000 0.000000
 -0.105000 0.000000 0.000000
 -0.102500 0.000000 0.000000
 -0.100000 0.000000 0.000000
 -0.097500 0.000000 0.000000
 -0.095000 0.000000 0.000000
 -0.092500 0.000000 0.000000
 -0.090000 0.000000 0.000000
 -0.087500 0.000000 0.000000
 -0.085000 0.000000 0.000000
 -0.082500 0.000000 0.000000
 -0.080000 0.000000 0.000000
 -0.077500 0.000000 0.000000
 -0.075000 0.000000 0.000000
 -0.072500 0.000000 0.000000
 -0.070000 0.000000 0.000000
 -0.067500 0.000000 0.000000
 -0.065000 0.000000 0.000000
 -0.062500 0.000000 0.000000
 -0.060000 0.000000 0.000000
 -0.057500 0.000000 0.000000
 -0.055000 0.000000 0.000000
 -0.052500 0.000000 0.000000
 -0.050000 0.000000 0.000000
 -0.047500 0.000000 0.000000
 -0.045000 0.000000 0.000000
 -0.042500 0.000000 0.000000
 -0.040000 0.000000 0.000000
 -0.037500 0.000000 0.000000
 -0.035000 0.000000 0.000000
 -0.032500 0.000000 0.000000
 -0.030000 0.000000 0.000000
 -0.027500 0.000000 0.000000
 -0.025000 0.000000 0.000000
 -0.022500 0.000000 0.000000
 -0.020000 0.000000 0.000000
 -0.017500 0.000000 0.000000
 -0.015000 0.000000 0.000000
 -0.012500 0.000000 0.000000
 -0.010000 0.000000 0.000000
 -0.007500 0.000000 0.000000
 -0.005000 0.000000 0.000000
 -0.002500 0.000000 0.000000
 0.000000 0.000000 0.000000
 0.002500 0.000000 0.000000
 0.005000 0.000000 0.000000
 0.007500 0.000000 0.000000
 0.010000 0.000000 0.000000
 0.012500 0.000000 0.000000
 0.015000 0.000000 0.000000
 0.017500 0.000000 0.000000
 0.020000 0.000000 0.000000
 0.022500 0.000000 0.000000
 0.025000 0.000000 0.000000
 0.027500 0.000000 0.000000
 0.030000 0.000000 0.000000
 0.032500 0.000000 0.000000
 0.035000 0.000000 0.000000
 0.037500 0.000000 0.000000
 0.040000 0.000000 0.000000
 0.042500 0.000000 0.000000
 0.045000 0.000000 0.000000
 0.047500 0.000000 0.000000
 0.050000 0.000000 0.000000
 0.052500 0.000000 0.000000
 0.055000 0.000000 0.000000
 0.057500 0.000000 0.000000
 0.060000 0.000000 0.000000
 0.062500 0.000000 0.000000
 0.065000 0.000000 0.000000
 0.067500 0.000000 0.000000
 0.070000 0.000000 0.000000
 0.072500 0.000000 0.000000
 0.075000 0.000000 0.000000
 0.077500 0.000000 0.000000
 0.080000 0.000000 0.000000
 0.082500 0.000000 0.000000
 0.085000 0.000000 0.000000
 0.087500 0.000000 0.000000
 0.090000 0.000000 0.000000
 0.092500 0.000000 0.000000
 0.095000 0.000000 0.000000
 0.097500 0.000000 0.000000
 0.100000 0.000000 0.000000
 0.102500 0.000000 0.000000
 0.105000 0.000000 0.000000
 0.107500 0.000000 0.000000
 0.110000 0.000000 0.000000
 0.112500 0.000000 0.000000
 0.115000 0.000000 0.000000
 0.117500 0.000000 0.000000
 0.120000 0.000000 0.000000
 0.122500 0.000000 0.000000
 0.125000 0.000000 0.000000
 0.127500 0.000000 0.000000
 0.130000 0.000000 0.000000
 0.132500 0.000000 0.000000
 0.135000 0.000000 0.000000
 0.137500 0.000000 0.000000
 0.140000 0.000000 0.000000
 0.142500 0.000003 0.001005
 0.145000 0.000007 0.002359
 0.147500 0.000016 0.005175
 0.150000 0.000035 0.010604
 0.152500 0.000072 0.020277
 0.155000 0.000141 0.036136
 0.157500 0.000260 0.059919
 0.160000 0.000448 0.092240
 0.162500 0.000727 0.131426
 0.165000 0.001107 0.172555
 0.167500 0.001584 0.207355
 0.170000 0.002130 0.225539
 0.172500 0.002690 0.217611
 0.175000 0.003192 0.178405
 0.177500 0.003557 0.109918
 0.180000 0.003725 0.021974
 0.182500 0.003664 -0.069980
 0.185000 0.003385 -0.149301
 0.187500 0.002939 -0.203071
 0.190000 0.002396 -0.225508
 0.192500 0.001836 -0.218647
 0.195000 0.001321 -0.190376
 0.197500 0.000893 -0.151030
 0.200000 0.000567 -0.110097
 0.202500 0.000338 -0.074144
 0.205000 0.000190 -0.046296
 0.207500 0.000100 -0.026872
 0.210000 0.000051 -0.014006
 0.212500 0.000026 -0.006043
 0.215000 0.000018 -0.000499
 0.217500 0.000024 0.004831
 0.220000 0.000044 0.013453
 0.222500 0.000092 0.025605
 0.225000 0.000179 0.045592
 0.227500 0.000328 0.075905
 0.230000 0.000568 0.118084
 0.232500 0.000928 0.171486
 0.235000 0.001432 0.232136
 0.237500 0.002089 0.292227
 0.240000 0.002884 0.340778
 0.242500 0.003773 0.365642
 0.245000 0.004683 0.356463
 0.247500 0.005522 0.307733
 0.250000 0.006190 0.220917
 0.252500 0.006602 0.104900
 0.255000 0.006702 -0.025463
 0.257500 0.006478 -0.152317
 0.260000 0.005958 -0.258545
 0.262500 0.005213 -0.331313
 0.265000 0.004335 -0.364532
 0.267500 0.003424 -0.359012
 0.270000 0.002566 -0.322776
 0.272500 0.001827 -0.266530
 0.275000 0.001241 -0.201416
 0.277500 0.000820 -0.136021
 0.280000 0.000557 -0.074891
 0.282500 0.000441 -0.018659
 0.285000 0.000461 0.034464
 0.287500 0.000609 0.087600
 0.290000 0.000892 0.138008
 0.292500 0.001296 0.183791
 0.295000 0.001802 0.217994
 0.297500 0.002367 0.233134
 0.300000 0.002941 0.221172
 0.302500 0.003452 0.183072
 0.305000 0.003841 0.126534
 0.307500 0.004081 0.066171
 0.310000 0.004185 0.020187
 0.312500 0.004207 0.002774
 0.315000 0.004229 0.020676
 0.317500 0.004336 0.069580
 0.320000 0.004591 0.135834
 0.322500 0.005015 0.201203
 0.325000 0.005582 0.248799
 0.327500 0.006235 0.267700
 0.330000 0.006894 0.254680
 0.332500 0.007484 0.212952
 0.335000 0.007940 0.149181
 0.337500 0.008217 0.070538
 0.340000 0.008286 -0.016851
 0.342500 0.008130 -0.107751
 0.345000 0.007749 -0.194338
 0.347500 0.007161 -0.273557
 0.350000 0.006397 -0.334184
 0.352500 0.005513 -0.367840
 0.355000 0.004585 -0.368252
 0.357500 0.003704 -0.332232
 0.360000 0.002957 -0.262337
 0.362500 0.002418 -0.165822
 0.365000 0.002146 -0.050836
 0.367500 0.002170 0.073216
 0.370000 0.002509 0.196833
 0.372500 0.003160 0.320486
 0.375000 0.004117 0.445425
 0.377500 0.005393 0.581675
 0.380000 0.007040 0.739418
 0.382500 0.009122 0.931135
 0.385000 0.011729 1.157654
 0.387500 0.014931 1.406252
 0.390000 0.018750 1.642591
 0.392500 0.023101 1.825199
 0.395000 0.027797 1.911281
 0.397500 0.032553 1.868932
 0.400000 0.037028 1.689402
 0.402500 0.040906 1.394554
 0.405000 0.043947 1.028398
 0.407500 0.046046 0.649056
 0.410000 0.047229 0.307822
 0.412500 0.047653 0.045350
 0.415000 0.047539 -0.121690
 0.417500 0.047125 -0.195500
 0.420000 0.046631 -0.188049
 0.422500 0.046253 -0.107047
 0.425000 0.046156 0.036549
 0.427500 0.046495 0.240178
 0.430000 0.047406 0.491670
 0.432500 0.048977 0.764636
 0.435000 0.051229 1.027614
 0.437500 0.054075 1.242314
 0.440000 0.057375 1.387790
 0.442500 0.060959 1.474797
 0.445000 0.064720 1.533431
 0.447500 0.068637 1.604119
 0.450000 0.072784 1.718457
 0.452500 0.077262 1.864734
 0.455000 0.082115 2.010303
 0.457500 0.087276 2.106956
 0.460000 0.092583 2.117499
 0.462500 0.097794 2.038012
 0.465000 0.102729 1.904310
 0.467500 0.107330 1.784051
 0.470000 0.111732 1.753410
 0.472500 0.116226 1.862814
 0.475000 0.121172 2.114882
 0.477500 0.126879 2.454913
 0.480000 0.133459 2.802792
 0.482500 0.140839 3.070815
 0.485000 0.148697 3.193656
 0.487500 0.156654 3.142482
 0.490000 0.164310 2.963691
 0.492500 0.171412 2.708861
 0.495000 0.177859 2.453074
 0.497500 0.183736 2.258539
 0.500000 0.189240 2.167156
 0.502500 0.194666 2.194913
 0.505000 0.200312 2.338319
 0.507500 0.206429 2.569595
 0.510000 0.213190 2.827329
 0.512500 0.220546 3.044234
 0.515000 0.228307 3.136155
 0.517500 0.236111 3.077187
 0.520000 0.243589 2.886052
 0.522500 0.250518 2.652321
 0.525000 0.256924 2.492758
 0.527500 0.263145 2.527727
 0.530000 0.269774 2.817426
 0.532500 0.277459 3.364313
 0.535000 0.286777 4.100863
 0.537500 0.298031 4.909590
 0.540000 0.311263 5.662961
 0.542500 0.326218 6.270352
 0.545000 0.342487 6.709488
 0.547500 0.359665 7.008689
 0.550000 0.377507 7.250215
 0.552500 0.395930 7.485245
 0.555000 0.414984 7.754247
 0.557500 0.434725 8.030449
 0.560000 0.455092 8.269199
 0.562500 0.475954 8.406501
 0.565000 0.497035 8.424654
 0.567500 0.518011 8.347251
 0.570000 0.538710 8.198406
 0.572500 0.558992 8.020772
 0.575000 0.578813 7.828138
 0.577500 0.598130 7.606540
 0.580000 0.616831 7.337068
 0.582500 0.634795 7.033047
 0.585000 0.652041 6.775646
 0.587500 0.668808 6.680363
 0.590000 0.685674 6.865279
 0.592500 0.703457 7.416615
 0.595000 0.723089 8.330491
 0.597500 0.745337 9.495894
 0.600000 0.770641 10.744451
 0.602500 0.798941 11.860200
 0.605000 0.829687 12.674817
 0.607500 0.861940 13.064133
 0.610000 0.894615 13.015138
 0.612500 0.926728 12.625179
 0.615000 0.957569 12.026535
 0.617500 0.986816 11.385412
 0.620000 1.014571 10.848501
 0.622500 1.041201 10.484225
 0.625000 1.067178 10.306641
 0.627500 1.092881 10.302600
 0.630000 1.118767 10.421432
 0.632500 1.145145 10.703325
 0.635000 1.172437 11.159994
 0.637500 1.201162 11.843669
 0.640000 1.231941 12.820044
 0.642500 1.265563 14.132705
 0.645000 1.302931 15.820547
 0.647500 1.344979 17.890247
 0.650000 1.392701 20.323994
 0.652500 1.446842 23.025086
 0.655000 1.507861 25.805038
 0.657500 1.575688 28.413442
 0.660000 1.649555 30.573310
 0.662500 1.727993 32.073033
 0.665000 1.809231 32.770542
 0.667500 1.891113 32.594799
 0.670000 1.971505 31.586192
 0.672500 2.048415 29.847659
 0.675000 2.120228 27.520081
 0.677500 2.185732 24.846023
 0.680000 2.244345 22.051884
 0.682500 2.296151 19.451162
 0.685000 2.341963 17.305743
 0.687500 2.383315 15.905168
 0.690000 2.422292 15.458517
 0.692500 2.461432 16.020543
 0.695000 2.503246 17.549449
 0.697500 2.549831 19.854631
 0.700000 2.602881 22.670756
 0.702500 2.663310 25.746016
 0.705000 2.731514 28.829857
 0.707500 2.807267 31.763938
 0.710000 2.889982 34.381756
 0.712500 2.978599 36.414152
 0.715000 3.071233 37.528514
 0.717500 3.165090 37.350568
 0.720000 3.256629 35.670193
 0.722500 3.342129 32.575737
 0.725000 3.418581 28.512176
 0.727500 3.484510 24.355459
 0.730000 3.540894 21.041725
 0.732500 3.591071 19.492216
 0.735000 3.640095 20.191929
 0.737500 3.693743 23.101087
 0.740000 3.756884 27.611756
 0.742500 3.832210 32.719097
 0.745000 3.919730 37.150084
 0.747500 4.016342 39.837045
 0.750000 4.116660 40.061487
 0.752500 4.214404 37.795748
 0.755000 4.303858 33.580896
 0.757500 4.381403 28.447998
 0.760000 4.446085 23.596300
 0.762500 4.500122 20.020404
 0.765000 4.547537 18.386032
 0.767500 4.593377 18.707585
 0.770000 4.642061 20.558334
 0.772500 4.696516 23.203105
 0.775000 4.757706 25.742702
 0.777500 4.824430 27.564858
 0.780000 4.894349 28.282928
 0.782500 4.964475 27.734349
 0.785000 5.031775 25.999686
 0.787500 5.093415 23.297975
 0.790000 5.147229 19.851726
 0.792500 5.191798 15.980253
 0.795000 5.226635 12.081957
 0.797500 5.252115 8.616894
 0.800000 5.269917 6.015318
 0.802500 5.282539 4.455123
 0.805000 5.292491 3.837727
 0.807500 5.301677 3.670539
 0.810000 5.310245 3.310478
 0.812500 5.316865 1.947365
 0.815000 5.318173 -0.914060
 0.817500 5.310264 -5.459035
 0.820000 5.289150 -11.355288
 0.822500 5.252206 -17.947725
 0.825000 5.198739 -24.444729
 0.827500 5.129997 -30.110944
 0.830000 5.048589 -34.468120
 0.832500 4.957992 -37.521331
 0.835000 4.860986 -39.623711
 0.837500 4.759216 -41.495500
 0.840000 4.652351 -43.808600
 0.842500 4.538584 -47.046086
 0.845000 4.415433 -51.356181
 0.847500 4.280434 -56.396176
 0.850000 4.132491 -61.570652
 0.852500 3.972238 -66.134570
 0.855000 3.802045 -69.435907
 0.857500 3.625500 -71.164637
 0.860000 3.446558 -71.373291
 0.862500 3.268599 -70.474306
 0.865000 3.093664 -69.081136
 0.867500 2.922213 -67.827806
 0.870000 2.753238 -67.158197
 0.872500 2.584911 -67.280166
 0.875000 2.415443 -68.093359
 0.877500 2.243508 -69.133484
 0.880000 2.069205 -69.888229
 0.882500 1.893931 -69.840561
 0.885000 1.720176 -68.599501
 0.887500 1.551194 -66.049776
 0.890000 1.390177 -62.272013
 0.892500 1.239902 -57.578952
 0.895000 1.102108 -52.334424
 0.897500 0.977644 -47.002295
 0.900000 0.866226 -41.972401
 0.902500 0.766731 -37.532158
 0.905000 0.677448 -33.822149
 0.907500 0.596525 -30.851356
 0.910000 0.522199 -28.481668
 0.912500 0.453246 -26.537367
 0.915000 0.388879 -24.773276
 0.917500 0.328963 -23.005697
 0.920000 0.273676 -21.071723
 0.922500 0.223478 -18.905092
 0.925000 0.178963 -16.554917
 0.927500 0.140538 -14.109918
 0.930000 0.108260 -11.657802
 0.932500 0.081962 -9.324256
 0.935000 0.061232 -7.239118
 0.937500 0.045349 -5.470795
 0.940000 0.033467 -4.050319
 0.942500 0.024714 -2.967038
 0.945000 0.018293 -2.177549
 0.947500 0.013526 -1.612344
 0.950000 0.009967 -1.223912
 0.952500 0.007253 -0.944469
 0.955000 0.005142 -0.722056
 0.957500 0.003536 -0.544134
 0.960000 0.002350 -0.401260
 0.962500 0.001491 -0.281971
 0.965000 0.000900 -0.187694
 0.967500 0.000515 -0.117901
 0.970000 0.000283 -0.071118
 0.972500 0.000146 -0.040213
 0.975000 0.000069 -0.020452
 0.977500 0.000032 -0.010263
 0.980000 0.000013 -0.004260
 0.982500 0.000005 -0.001909
 0.985000 0.000000 0.000000
 0.987500 0.000000 0.000000
 0.990000 0.000000 0.000000
 0.992500 0.000000 0.000000
 0.995000 0.000000 0.000000
 0.997500 0.000000 0.000000
 1.000000 0.000000 0.000000
 1.002500 0.000000 0.000000
 1.005000 0.000000 0.000000
 1.007500 0.000000 0.000000
 1.010000 0.000000 0.000000
 1.012500 0.000000 0.000000
 1.015000 0.000000 0.000000
 1.017500 0.000000 0.000000
 1.020000 0.000000 0.000000
 1.022500 0.000000 0.000000
 1.025000 0.000000 0.000000
 1.027500 0.000000 0.000000
 1.030000 0.000000 0.000000
 1.032500 0.000000 0.000000
 1.035000 0.000000 0.000000
 1.037500 0.000000 0.000000
 1.040000 0.000000 0.000000
 1.042500 0.000000 0.000000
 1.045000 0.000000 0.000000
 1.047500 0.000000 0.000000
 1.050000 0.000000 0.000000
 1.052500 0.000000 0.000000
 1.055000 0.000000 0.000000
 1.057500 0.000000 0.000000
 1.060000 0.000000 0.000000
 1.062500 0.000000 0.000000
 1.065000 0.000000 0.000000
 1.067500 0.000000 0.000000
 1.070000 0.000000 0.000000
 1.072500 0.000000 0.000000
 1.075000 0.000000 0.000000
 1.077500 0.000000 0.000000
 1.080000 0.000000 0.000000
 1.082500 0.000000 0.000000
 1.085000 0.000000 0.000000
 1.087500 0.000000 0.000000
 1.090000 0.000000 0.000000
 1.092500 0.000000 0.000000
 1.095000 0.000000 0.000000
 1.097500 0.000000 0.000000
 1.100000 0.000000 0.000000
 1.102500 0.000000 0.000000
 1.105000 0.000000 0.000000
 1.107500 0.000000 0.000000
 1.110000 0.000000 0.000000
 1.112500 0.000000 0.000000
 1.115000 0.000000 0.000000
 1.117500 0.000000 0.000000
 1.120000 0.000000 0.000000
 1.122500 0.000000 0.000000
 1.125000 0.000000 0.000000
 1.127500 0.000000 0.000000
 1.130000 0.000000 0.000000
 1.132500 0.000000 0.000000
 1.135000 0.000000 0.000000
 1.137500 0.000000 0.000000
 1.140000 0.000000 0.000000
 1.142500 0.000000 0.000000
 1.145000 0.000000 0.000000
 1.147500 0.000000 0.000000
 1.150000 0.000000 0.000000
 1.152500 0.000000 0.000000
 1.155000 0.000000 0.000000
 1.157500 0.000000 0.000000
 1.160000 0.000000 0.000000
 1.162500 0.000000 0.000000
 1.165000 0.000000 0.000000
 1.167500 0.000000 0.000000
 1.170000 0.000000 0.000000
 1.172500 0.000000 0.000000
 1.175000 0.000000 0.000000
 1.177500 0.000000 0.000000
 1.180000 0.000000 0.000000
 1.182500 0.000000 0.000000
 1.185000 0.000000 0.000000
 1.187500 0.000000 0.000000
 1.190000 0.000000 0.000000
 1.192500 0.000000 0.000000
 1.195000 0.000000 0.000000
 1.197500 0.000000 0.000000
 1.200000 0.000000 0.000000
 1.202500 0.000000 0.000000
 1.205000 0.000000 0.000000
 1.207500 0.000000 0.000000
 1.210000 0.000000 0.000000
 1.212500 0.000000 0.000000
 1.215000 0.000000 0.000000
 1.217500 0.000000 0.000000
 1.220000 0.000000 0.000000
 1.222500 0.000000 0.000000
 1.225000 0.000000 0.000000
 1.227500 0.000000 0.000000
 1.230000 0.000000 0.000000
 1.232500 0.000000 0.000000
 1.235000 0.000000 0.000000
 1.237500 0.000000 0.000000
 1.240000 0.000000 0.000000
 1.242500 0.000000 0.000000
 1.245000 0.000000 0.000000
 1.247500 0.000000 0.000000
 1.250000 0.000000 0.000000
 1.252500 0.000000 0.000000
 1.255000 0.000000 0.000000
 1.257500 0.000000 0.000000
 1.260000 0.000000 0.000000
 1.262500 0.000000 0.000000
 1.265000 0.000000 0.000000
 1.267500 0.000000 0.000000
 1.270000 0.000000 0.000000
 1.272500 0.000000 0.000000
 1.275000 0.000000 0.000000
 1.277500 0.000000 0.000000
 1.280000 0.000000 0.000000
 1.282500 0.000000 0.000000
 1.285000 0.000000 0.000000
 1.287500 0.000000 0.000000
 1.290000 0.000000 0.000000
 1.292500 0.000000 0.000000
 1.295000 0.000000 0.000000
 1.297500 0.000000 0.000000
 1.300000 0.000000 0.000000
 1.302500 0.000000 0.000000
 1.305000 0.000000 0.000000
 1.307500 0.000000 0.000000
 1.310000 0.000000 0.000000
 1.312500 0.000000 0.000000
 1.315000 0.000000 0.000000
 1.317500 0.000000 0.000000
 1.320000 0.000000 0.000000
 1.322500 0.000000 0.000000
 1.325000 0.000000 0.000000
 1.327500 0.000000 0.000000
 1.330000 0.000000 0.000000
 1.332500 0.000000 0.000000
 1.335000 0.000000 0.000000
 1.337500 0.000000 0.000000
 1.340000 0.000000 0.000000
 1.342500 0.000000 0.000000
 1.345000 0.000000 0.000000
 1.347500 0.000000 0.000000
 1.350000 0.000000 0.000000
 1.352500 0.000000 0.000000
 1.355000 0.000000 0.000000
 1.357500 0.000000 0.000000
 1.360000 0.000000 0.000000
 1.362500 0.000000 0.000000
 1.365000 0.000000 0.000000
 1.367500 0.000000 0.000000
 1.370000 0.000000 0.000000
 1.372500 0.000000 0.000000
 1.375000 0.000000 0.000000
 1.377500 0.000000 0.000000
 1.380000 0.000000 0.000000
 1.382500 0.000000 0.000000
 1.385000 0.000000 0.000000
 1.387500 0.000000 0.000000
 1.390000 0.000000 0.000000
 1.392500 0.000000 0.000000
 1.395000 0.000000 0.000000
 1.397500 0.000000 0.000000
 1.400000 0.000000 0.000000
 1.402500 0.000000 0.000000
 1.405000 0.000000 0.000000
 1.407500 0.000000 0.000000
 1.410000 0.000000 0.000000
 1.412500 0.000000 0.000000
 1.415000 0.000000 0.000000
 1.417500 0.000000 0.000000
 1.420000 0.000000 0.000000
 1.422500 0.000000 0.000000
 1.425000 0.000000 0.000000
 1.427500 0.000000 0.000000
 1.430000 0.000000 0.000000
 1.432500 0.000000 0.000000
 1.435000 0.000000 0.000000
 1.437500 0.000000 0.000000
 1.440000 0.000000 0.000000
 1.442500 0.000000 0.000000
 1.445000 0.000000 0.000000
 1.447500 0.000000 0.000000
 1.450000 0.000000 0.000000
 1.452500 0.000000 0.000000
 1.455000 0.000000 0.000000
 1.457500 0.000000 0.000000
 1.460000 0.000000 0.000000
 1.462500 0.000000 0.000000
 1.465000 0.000000 0.000000
 1.467500 0.000000 0.000000
 1.470000 0.000000 0.000000
 1.472500 0.000000 0.000000
 1.475000 0.000000 0.000000
 1.477500 0.000000 0.000000
 1.480000 0.000000 0.000000
 1.482500 0.000000 0.000000
 1.485000 0.000000 0.000000
 1.487500 0.000000 0.000000
 1.490000 0.000000 0.000000
 1.492500 0.000000 0.000000
 1.495000 0.000000 0.000000
 1.497500 0.000000 0.000000
 1.500000 0.000000 0.000000
 1.502500 0.000000 0.000000
 1.505000 0.000000 0.000000
 1.507500 0.000000 0.000000
 1.510000 0.000000 0.000000
 1.512500 0.000000 0.000000
 1.515000 0.000000 0.000000
 1.517500 0.000000 0.000000
 1.520000 0.000000 0.000000
 1.522500 0.000000 0.000000
 1.525000 0.000000 0.000000
 1.527500 0.000000 0.000000
 1.530000 0.000000 0.000000
 1.532500 0.000000 0.000000
 1.535000 0.000000 0.000000
 1.537500 0.000000 0.000000
 1.540000 0.000000 0.000000
 1.542500 0.000000 0.000000
 1.545000 0.000000 0.000000
 1.547500 0.000000 0.000000
 1.550000 0.000000 0.000000
 1.552500 0.000000 0.000000
 1.555000 0.000000 0.000000
 1.557500 0.000000 0.000000
 1.560000 0.000000 0.000000
 1.562500 0.000000 0.000000
 1.565000 0.000000 0.000000
 1.567500 0.000000 0.000000
 1.570000 0.000000 0.000000
 1.572500 0.000000 0.000000
 1.575000 0.000000 0.000000
 1.577500 0.000000 0.000000
 1.580000 0.000000 0.000000
 1.582500 0.000000 0.000000
 1.585000 0.000000 0.000000
 1.587500 0.000000 0.000000
 1.590000 0.000000 0.000000
 1.592500 0.000000 0.000000
 1.595000 0.000000 0.000000
 1.597500 0.000000 0.000000
 1.600000 0.000000 0.000000
 1.602500 0.000000 0.000000
 1.605000 0.000000 0.000000
 1.607500 0.000000 0.000000
 1.610000 0.000000 0.000000
 1.612500 0.000000 0.000000
 1.615000 0.000000 0.000000
 1.617500 0.000000 0.000000
 1.620000 0.000000 0.000000
 1.622500 0.000000 0.000000
 1.625000 0.000000 0.000000
 1.627500 0.000000 0.000000
 1.630000 0.000000 0.000000
 1.632500 0.000000 0.000000
 1.635000 0.000000 0.000000
 1.637500 0.000000 0.000000
 1.640000 0.000000 0.000000
 1.642500 0.000000 0.000000
 1.645000 0.000000 0.000000
 1.647500 0.000000 0.000000
 1.650000 0.000000 0.000000
 1.652500 0.000000 0.000000
 1.655000 0.000000 0.000000
 1.657500 0.000000 0.000000
 1.660000 0.000000 0.000000
 1.662500 0.000000 0.000000
 1.665000 0.000000 0.000000
 1.667500 0.000000 0.000000
 1.670000 0.000000 0.000000
 1.672500 0.000000 0.000000
 1.675000 0.000000 0.000000
 1.677500 0.000000 0.000000
 1.680000 0.000000 0.000000
 1.682500 0.000000 0.000000
 1.685000 0.000000 0.000000
 1.687500 0.000000 0.000000
 1.690000 0.000000 0.000000
 1.692500 0.000000 0.000000
 1.695000 0.000000 0.000000
 1.697500 0.000000 0.000000
 1.700000 0.000000 0.000000
 1.702500 0.000000 0.000000
 1.705000 0.000000 0.000000
 1.707500 0.000000 0.000000
 1.710000 0.000000 0.000000
 1.712500 0.000000 0.000000
 1.715000 0.000000 0.000000
 1.717500 0.000000 0.000000
 1.720000 0.000000 0.000000
 1.722500 0.000000 0.000000
 1.725000 0.000000 0.000000
 1.727500 0.000000 0.000000
 1.730000 0.000000 0.000000
 1.732500 0.000000 0.000000
 1.735000 0.000000 0.000000
 1.737500 0.000000 0.000000
 1.740000 0.000000 0.000000
 1.742500 0.000000 0.000000
 1.745000 0.000000 0.000000
 1.747500 0.000000 0.000000
 1.750000 0.000000 0.000000
 1.752500 0.000000 0.000000
 1.755000 0.000000 0.000000
 1.757500 0.000000 0.000000
 1.760000 0.000000 0.000000
 1.762500 0.000000 0.000000
 1.765000 0.000000 0.000000
 1.767500 0.000000 0.000000
 1.770000 0.000000 0.000000
 1.772500 0.000000 0.000000
 1.775000 0.000000 0.000000
 1.777500 0.000000 0.000000
 1.780000 0.000000 0.000000
 1.782500 0.000000 0.000000
 1.785000 0.000000 0.000000
 1.787500 0.000000 0.000000
 1.790000 0.000000 0.000000
 1.792500 0.000000 0.000000
 1.795000 0.000000 0.000000
 1.797500 0.000000 0.000000
 1.800000 0.000000 0.000000
 1.802500 0.000000 0.000000
 1.805000 0.000000 0.000000
 1.807500 0.000000 0.000000
 1.810000 0.000000 0.000000
 1.812500 0.000000 0.000000
 1.815000 0.000000 0.000000
 1.817500 0.000000 0.000000
 1.820000 0.000000 0.000000
 1.822500 0.000000 0.000000
 1.825000 0.000000 0.000000
 1.827500 0.000000 0.000000
 1.830000 0.000000 0.000000
 1.832500 0.000000 0.000000
 1.835000 0.000000 0.000000
 1.837500 0.000000 0.000000
 1.840000 0.000000 0.000000
 1.842500 0.000000 0.000000
 1.845000 0.000000 0.000000
 1.847500 0.000000 0.000000
 1.850000 0.000000 0.000000
 1.852500 0.000000 0.000000
 1.855000 0.000000 0.000000
 1.857500 0.000000 0.000000
 1.860000 0.000000 0.000000
 1.862500 0.000000 0.000000
 1.865000 0.000000 0.000000
 1.867500 0.000000 0.000000
 1.870000 0.000000 0.000000
 1.872500 0.000000 0.000000
 1.875000 0.000000 0.000000
 1.877500 0.000000 0.000000
 1.880000 0.000000 0.000000
 1.882500 0.000000 0.000000
 1.885000 0.000000 0.000000
 1.887500 0.000000 0.000000
 1.890000 0.000000 0.000000
 1.892500 0.000000 0.000000
 1.895000 0.000000 0.000000
 1.897500 0.000000 0.000000
 1.900000 0.000000 0.000000
 1.902500 0.000000 0.000000
 1.905000 0.000000 0.000000
 1.907500 0.000000 0.000000
 1.910000 0.000000 0.000000
 1.912500 0.000000 0.000000
 1.915000 0.000000 0.000000
 1.917500 0.000000 0.000000
 1.920000 0.000000 0.000000
 1.922500 0.000000 0.000000
 1.925000 0.000000 0.000000
 1.927500 0.000000 0.000000
 1.930000 0.000000 0.000000
 1.932500 0.000000 0.000000
 1.935000 0.000000 0.000000
 1.937500 0.000000 0.000000
 1.940000 0.000000 0.000000
 1.942500 0.000000 0.000000
 1.945000 0.000000 0.000000
 1.947500 0.000000 0.000000
 1.950000 0.000000 0.000000
 1.952500 0.000000 0.000000
 1.955000 0.000000 0.000000
 1.957500 0.000000 0.000000
 1.960000 0.000000 0.000000
 1.962500 0.000000 0.000000
 1.965000 0.000000 0.000000
 1.967500 0.000000 0.000000
 1.970000 0.000000 0.000000
 1.972500 0.000000 0.000000
 1.975000 0.000000 0.000000
 1.977500 0.000000 0.000000
 1.980000 0.000000 0.000000
 1.982500 0.000000 0.000000
 1.985000 0.000000 0.000000
 1.987500 0.000000 0.000000
 1.990000 0.000000 0.000000
 1.992500 0.000000 0.000000
 1.995000 0.000000 0.000000
 1.997500 0.000000 0.000000
 2.000000 0.000000 0.000000
