#! FIELDS time refcv.mean refcv.morethan-1 refcv.morethan-2 uwall.bias uwall.force2 lwall.bias lwall.force2
 0.000000 0.689690 264.075374 283.000000 0.000000 0.000000 0.000000 0.000000
 0.250000 0.677983 254.174926 282.000000 0.000000 0.000000 0.000000 0.000000
 0.500000 0.672515 251.005499 280.000000 0.000000 0.000000 0.000000 0.000000
 0.750000 0.688476 262.897332 284.000000 0.000000 0.000000 0.000000 0.000000
 1.000000 0.684951 265.454724 290.000000 0.000000 0.000000 0.000000 0.000000
 1.250000 0.683852 260.681251 284.000000 0.000000 0.000000 0.000000 0.000000
 1.500000 0.673890 250.278855 280.000000 0.000000 0.000000 0.000000 0.000000
 1.750000 0.687684 262.374929 283.000000 0.000000 0.000000 0.000000 0.000000
 2.000000 0.681919 258.792677 280.000000 0.000000 0.000000 0.000000 0.000000
 2.250000 0.683984 259.662014 283.000000 0.000000 0.000000 0.000000 0.000000
 2.500000 0.690678 266.934672 284.000000 0.000000 0.000000 0.000000 0.000000
 2.750000 0.688484 264.490233 283.000000 0.000000 0.000000 0.000000 0.000000
 3.000000 0.686850 264.902629 284.000000 0.000000 0.000000 0.000000 0.000000
 3.250000 0.689992 269.527517 287.000000 0.000000 0.000000 0.000000 0.000000
 3.500000 0.698838 272.492662 286.000000 0.000000 0.000000 0.000000 0.000000
 3.750000 0.687945 263.559948 282.000000 0.000000 0.000000 0.000000 0.000000
 4.000000 0.678517 257.653780 282.000000 0.000000 0.000000 0.000000 0.000000
 4.250000 0.692670 269.920999 286.000000 0.000000 0.000000 0.000000 0.000000
 4.500000 0.686172 264.305407 280.000000 0.000000 0.000000 0.000000 0.000000
 4.750000 0.680769 260.449966 281.000000 0.000000 0.000000 0.000000 0.000000
 5.000000 0.680195 259.304401 282.000000 0.000000 0.000000 0.000000 0.000000
 5.250000 0.675151 259.403735 282.000000 0.000000 0.000000 0.000000 0.000000
 5.500000 0.685000 262.539662 283.000000 0.000000 0.000000 0.000000 0.000000
 5.750000 0.682233 259.313183 284.000000 0.000000 0.000000 0.000000 0.000000
 6.000000 0.680562 258.664211 283.000000 0.000000 0.000000 0.000000 0.000000
 6.250000 0.688535 261.110704 274.000000 0.000000 0.000000 0.000000 0.000000
 6.500000 0.689711 265.368245 284.000000 0.000000 0.000000 0.000000 0.000000
 6.750000 0.681420 256.358705 284.000000 0.000000 0.000000 0.000000 0.000000
 7.000000 0.688313 260.616291 284.000000 0.000000 0.000000 0.000000 0.000000
 7.250000 0.689043 263.275689 280.000000 0.000000 0.000000 0.000000 0.000000
 7.500000 0.682407 259.379449 285.000000 0.000000 0.000000 0.000000 0.000000
 7.750000 0.687760 265.839019 284.000000 0.000000 0.000000 0.000000 0.000000
 8.000000 0.687466 262.443734 281.000000 0.000000 0.000000 0.000000 0.000000
 8.250000 0.688145 264.018340 286.000000 0.000000 0.000000 0.000000 0.000000
 8.500000 0.688932 263.736083 286.000000 0.000000 0.000000 0.000000 0.000000
 8.750000 0.687678 265.231535 286.000000 0.000000 0.000000 0.000000 0.000000
 9.000000 0.693183 268.616417 283.000000 0.000000 0.000000 0.000000 0.000000
 9.250000 0.685570 259.364625 285.000000 0.000000 0.000000 0.000000 0.000000
 9.500000 0.685514 264.692374 288.000000 0.000000 0.000000 0.000000 0.000000
 9.750000 0.688467 264.524381 283.000000 0.000000 0.000000 0.000000 0.000000
 10.000000 0.694620 268.915676 284.000000 0.000000 0.000000 0.000000 0.000000
 10.250000 0.689003 265.854552 283.000000 0.000000 0.000000 0.000000 0.000000
 10.500000 0.687873 262.016046 281.000000 0.000000 0.000000 0.000000 0.000000
 10.750000 0.690566 268.412806 282.000000 0.000000 0.000000 0.000000 0.000000
 11.000000 0.685092 263.501219 284.000000 0.000000 0.000000 0.000000 0.000000
 11.250000 0.690437 267.507631 286.000000 0.000000 0.000000 0.000000 0.000000
 11.500000 0.676354 254.635844 281.000000 0.000000 0.000000 0.000000 0.000000
 11.750000 0.682148 257.980084 280.000000 0.000000 0.000000 0.000000 0.000000
 12.000000 0.681383 259.890298 285.000000 0.000000 0.000000 0.000000 0.000000
 12.250000 0.692784 268.271353 286.000000 0.000000 0.000000 0.000000 0.000000
 12.500000 0.689979 264.160417 285.000000 0.000000 0.000000 0.000000 0.000000
 12.750000 0.678047 254.505623 278.000000 0.000000 0.000000 0.000000 0.000000
 13.000000 0.692579 269.490448 288.000000 0.000000 0.000000 0.000000 0.000000
 13.250000 0.688530 264.789910 286.000000 0.000000 0.000000 0.000000 0.000000
 13.500000 0.678481 253.128602 278.000000 0.000000 0.000000 0.000000 0.000000
 13.750000 0.679077 256.132748 277.000000 0.000000 0.000000 0.000000 0.000000
 14.000000 0.686286 265.164656 284.000000 0.000000 0.000000 0.000000 0.000000
 14.250000 0.687973 265.671617 285.000000 0.000000 0.000000 0.000000 0.000000
 14.500000 0.682659 257.196176 279.000000 0.000000 0.000000 0.000000 0.000000
 14.750000 0.682359 257.887325 286.000000 0.000000 0.000000 0.000000 0.000000
 15.000000 0.680130 259.093730 281.000000 0.000000 0.000000 0.000000 0.000000
 15.250000 0.690211 266.120636 286.000000 0.000000 0.000000 0.000000 0.000000
 15.500000 0.684209 257.454810 281.000000 0.000000 0.000000 0.000000 0.000000
 15.750000 0.686832 259.284636 283.000000 0.000000 0.000000 0.000000 0.000000
 16.000000 0.696003 269.864983 289.000000 0.000000 0.000000 0.000000 0.000000
 16.250000 0.678028 252.493792 277.000000 0.000000 0.000000 0.000000 0.000000
 16.500000 0.685251 257.904134 281.000000 0.000000 0.000000 0.000000 0.000000
 16.750000 0.689882 261.276239 281.000000 0.000000 0.000000 0.000000 0.000000
 17.000000 0.692863 267.754460 283.000000 0.000000 0.000000 0.000000 0.000000
 17.250000 0.693141 271.019764 290.000000 0.000000 0.000000 0.000000 0.000000
 17.500000 0.696756 271.919217 284.000000 0.000000 0.000000 0.000000 0.000000
 17.750000 0.691185 264.094213 283.000000 0.000000 0.000000 0.000000 0.000000
 18.000000 0.686169 261.478381 286.000000 0.000000 0.000000 0.000000 0.000000
 18.250000 0.688026 261.484579 281.000000 0.000000 0.000000 0.000000 0.000000
 18.500000 0.685577 259.147690 278.000000 0.000000 0.000000 0.000000 0.000000
 18.750000 0.682771 260.653150 285.000000 0.000000 0.000000 0.000000 0.000000
 19.000000 0.683868 259.259952 282.000000 0.000000 0.000000 0.000000 0.000000
 19.250000 0.680688 258.308897 282.000000 0.000000 0.000000 0.000000 0.000000
 19.500000 0.696082 269.152752 285.000000 0.000000 0.000000 0.000000 0.000000
 19.750000 0.686765 258.759668 282.000000 0.000000 0.000000 0.000000 0.000000
 20.000000 0.693467 265.159561 284.000000 0.000000 0.000000 0.000000 0.000000
 20.250000 0.685726 262.628952 282.000000 0.000000 0.000000 0.000000 0.000000
 20.500000 0.690959 266.639604 284.000000 0.000000 0.000000 0.000000 0.000000
 20.750000 0.687866 264.141497 282.000000 0.000000 0.000000 0.000000 0.000000
 21.000000 0.678813 255.860854 280.000000 0.000000 0.000000 0.000000 0.000000
 21.250000 0.687499 262.987986 284.000000 0.000000 0.000000 0.000000 0.000000
 21.500000 0.683726 258.749697 282.000000 0.000000 0.000000 0.000000 0.000000
 21.750000 0.692701 264.684727 280.000000 0.000000 0.000000 0.000000 0.000000
 22.000000 0.691542 263.880274 281.000000 0.000000 0.000000 0.000000 0.000000
 22.250000 0.691963 264.814732 281.000000 0.000000 0.000000 0.000000 0.000000
 22.500000 0.685263 260.857117 283.000000 0.000000 0.000000 0.000000 0.000000
 22.750000 0.683103 260.023596 285.000000 0.000000 0.000000 0.000000 0.000000
 23.000000 0.696765 267.183030 282.000000 0.000000 0.000000 0.000000 0.000000
 23.250000 0.693811 265.888074 280.000000 0.000000 0.000000 0.000000 0.000000
 23.500000 0.691283 264.570688 279.000000 0.000000 0.000000 0.000000 0.000000
 23.750000 0.697421 269.440643 285.000000 0.000000 0.000000 0.000000 0.000000
 24.000000 0.697622 268.706117 286.000000 0.000000 0.000000 0.000000 0.000000
 24.250000 0.691959 265.995571 285.000000 0.000000 0.000000 0.000000 0.000000
 24.500000 0.688552 264.520790 285.000000 0.000000 0.000000 0.000000 0.000000
 24.750000 0.692281 269.170298 285.000000 0.000000 0.000000 0.000000 0.000000
 25.000000 0.689540 264.647771 282.000000 0.000000 0.000000 0.000000 0.000000
 25.250000 0.693403 266.918820 285.000000 0.000000 0.000000 0.000000 0.000000
 25.500000 0.696766 269.183270 283.000000 0.000000 0.000000 0.000000 0.000000
 25.750000 0.697281 272.425741 287.000000 0.000000 0.000000 0.000000 0.000000
 26.000000 0.698053 272.196777 288.000000 0.000000 0.000000 0.000000 0.000000
 26.250000 0.690599 266.416137 285.000000 0.000000 0.000000 0.000000 0.000000
 26.500000 0.698928 268.421893 278.000000 0.000000 0.000000 0.000000 0.000000
 26.750000 0.704420 277.889157 284.000000 0.000000 0.000000 0.000000 0.000000
 27.000000 0.697150 269.420478 284.000000 0.000000 0.000000 0.000000 0.000000
 27.250000 0.697833 269.933304 284.000000 0.000000 0.000000 0.000000 0.000000
 27.500000 0.698789 270.693064 287.000000 0.000000 0.000000 0.000000 0.000000
 27.750000 0.697294 270.762254 285.000000 0.000000 0.000000 0.000000 0.000000
 28.000000 0.693817 264.187224 281.000000 0.000000 0.000000 0.000000 0.000000
 28.250000 0.700296 271.464745 288.000000 0.000000 0.000000 0.000000 0.000000
 28.500000 0.693151 267.878971 283.000000 0.000000 0.000000 0.000000 0.000000
 28.750000 0.706508 276.192418 286.000000 0.000000 0.000000 0.000000 0.000000
 29.000000 0.693872 263.934462 281.000000 0.000000 0.000000 0.000000 0.000000
 29.250000 0.697941 271.666183 287.000000 0.000000 0.000000 0.000000 0.000000
 29.500000 0.698399 272.495644 285.000000 0.000000 0.000000 0.000000 0.000000
 29.750000 0.696492 270.950564 283.000000 0.000000 0.000000 0.000000 0.000000
 30.000000 0.702028 273.363174 285.000000 0.000000 0.000000 0.000000 0.000000
 30.250000 0.698511 265.377146 280.000000 0.000000 0.000000 0.000000 0.000000
 30.500000 0.700161 269.623571 284.000000 0.000000 0.000000 0.000000 0.000000
 30.750000 0.696569 266.733103 285.000000 0.000000 0.000000 0.000000 0.000000
 31.000000 0.696301 270.367863 281.000000 0.000000 0.000000 0.000000 0.000000
 31.250000 0.694756 266.357358 284.000000 0.000000 0.000000 0.000000 0.000000
 31.500000 0.701443 273.391848 289.000000 0.000000 0.000000 0.000000 0.000000
 31.750000 0.696970 269.521588 285.000000 0.000000 0.000000 0.000000 0.000000
 32.000000 0.693963 265.950239 283.000000 0.000000 0.000000 0.000000 0.000000
 32.250000 0.699364 273.725344 286.000000 0.000000 0.000000 0.000000 0.000000
 32.500000 0.698455 272.325833 286.000000 0.000000 0.000000 0.000000 0.000000
 32.750000 0.687879 263.450925 284.000000 0.000000 0.000000 0.000000 0.000000
 33.000000 0.694295 268.000355 281.000000 0.000000 0.000000 0.000000 0.000000
 33.250000 0.706924 277.945306 286.000000 0.000000 0.000000 0.000000 0.000000
 33.500000 0.699015 271.113026 289.000000 0.000000 0.000000 0.000000 0.000000
 33.750000 0.693106 268.358831 286.000000 0.000000 0.000000 0.000000 0.000000
 34.000000 0.700332 271.273627 282.000000 0.000000 0.000000 0.000000 0.000000
 34.250000 0.693529 267.330198 282.000000 0.000000 0.000000 0.000000 0.000000
 34.500000 0.703713 276.076623 290.000000 0.000000 0.000000 0.000000 0.000000
 34.750000 0.702333 273.660800 286.000000 0.000000 0.000000 0.000000 0.000000
 35.000000 0.697411 266.996246 284.000000 0.000000 0.000000 0.000000 0.000000
 35.250000 0.696827 270.578753 285.000000 0.000000 0.000000 0.000000 0.000000
 35.500000 0.705107 275.007941 283.000000 0.000000 0.000000 0.000000 0.000000
 35.750000 0.690823 260.410852 280.000000 0.000000 0.000000 0.000000 0.000000
 36.000000 0.686524 260.899134 279.000000 0.000000 0.000000 0.000000 0.000000
 36.250000 0.693311 264.982199 280.000000 0.000000 0.000000 0.000000 0.000000
 36.500000 0.702040 270.513972 284.000000 0.000000 0.000000 0.000000 0.000000
 36.750000 0.694873 266.276503 283.000000 0.000000 0.000000 0.000000 0.000000
 37.000000 0.694795 265.241936 285.000000 0.000000 0.000000 0.000000 0.000000
 37.250000 0.698818 269.191367 284.000000 0.000000 0.000000 0.000000 0.000000
 37.500000 0.698554 270.810398 285.000000 0.000000 0.000000 0.000000 0.000000
 37.750000 0.689880 262.137315 279.000000 0.000000 0.000000 0.000000 0.000000
 38.000000 0.688020 261.079079 279.000000 0.000000 0.000000 0.000000 0.000000
 38.250000 0.698975 271.154045 282.000000 0.000000 0.000000 0.000000 0.000000
 38.500000 0.695310 267.354713 281.000000 0.000000 0.000000 0.000000 0.000000
 38.750000 0.689274 261.692823 281.000000 0.000000 0.000000 0.000000 0.000000
 39.000000 0.691971 265.251417 280.000000 0.000000 0.000000 0.000000 0.000000
 39.250000 0.692791 264.314199 280.000000 0.000000 0.000000 0.000000 0.000000
 39.500000 0.695148 262.828394 279.000000 0.000000 0.000000 0.000000 0.000000
 39.750000 0.692176 264.885230 282.000000 0.000000 0.000000 0.000000 0.000000
 40.000000 0.693817 265.067656 280.000000 0.000000 0.000000 0.000000 0.000000
 40.250000 0.695661 266.787971 283.000000 0.000000 0.000000 0.000000 0.000000
 40.500000 0.697150 264.545075 279.000000 0.000000 0.000000 0.000000 0.000000
 40.750000 0.692105 266.011980 281.000000 0.000000 0.000000 0.000000 0.000000
 41.000000 0.693450 267.141598 281.000000 0.000000 0.000000 0.000000 0.000000
 41.250000 0.688992 260.221946 281.000000 0.000000 0.000000 0.000000 0.000000
 41.500000 0.689619 264.206077 281.000000 0.000000 0.000000 0.000000 0.000000
 41.750000 0.698759 270.654030 282.000000 0.000000 0.000000 0.000000 0.000000
 42.000000 0.688806 264.025606 282.000000 0.000000 0.000000 0.000000 0.000000
 42.250000 0.688476 262.653837 286.000000 0.000000 0.000000 0.000000 0.000000
 42.500000 0.695534 269.675423 282.000000 0.000000 0.000000 0.000000 0.000000
 42.750000 0.691954 268.156134 286.000000 0.000000 0.000000 0.000000 0.000000
 43.000000 0.699386 273.340112 290.000000 0.000000 0.000000 0.000000 0.000000
 43.250000 0.698069 271.913826 285.000000 0.000000 0.000000 0.000000 0.000000
 43.500000 0.690492 263.669061 282.000000 0.000000 0.000000 0.000000 0.000000
 43.750000 0.692288 265.488521 284.000000 0.000000 0.000000 0.000000 0.000000
 44.000000 0.695505 272.172611 291.000000 0.000000 0.000000 0.000000 0.000000
 44.250000 0.694430 266.759721 284.000000 0.000000 0.000000 0.000000 0.000000
 44.500000 0.693447 266.887289 287.000000 0.000000 0.000000 0.000000 0.000000
 44.750000 0.697198 271.527759 288.000000 0.000000 0.000000 0.000000 0.000000
 45.000000 0.705009 274.673056 287.000000 0.000000 0.000000 0.000000 0.000000
 45.250000 0.702609 272.951552 288.000000 0.000000 0.000000 0.000000 0.000000
 45.500000 0.694084 266.056963 282.000000 0.000000 0.000000 0.000000 0.000000
 45.750000 0.702213 271.629390 286.000000 0.000000 0.000000 0.000000 0.000000
 46.000000 0.697190 270.121311 288.000000 0.000000 0.000000 0.000000 0.000000
 46.250000 0.697858 272.414939 293.000000 0.000000 0.000000 0.000000 0.000000
 46.500000 0.693552 265.574773 282.000000 0.000000 0.000000 0.000000 0.000000
 46.750000 0.697390 271.667450 289.000000 0.000000 0.000000 0.000000 0.000000
 47.000000 0.697290 270.075857 289.000000 0.000000 0.000000 0.000000 0.000000
 47.250000 0.696791 269.026777 288.000000 0.000000 0.000000 0.000000 0.000000
 47.500000 0.686583 259.927927 283.000000 0.000000 0.000000 0.000000 0.000000
 47.750000 0.693806 268.394924 290.000000 0.000000 0.000000 0.000000 0.000000
 48.000000 0.692706 265.468810 285.000000 0.000000 0.000000 0.000000 0.000000
 48.250000 0.694352 264.783990 287.000000 0.000000 0.000000 0.000000 0.000000
 48.500000 0.689452 260.957881 282.000000 0.000000 0.000000 0.000000 0.000000
 48.750000 0.692628 262.072745 283.000000 0.000000 0.000000 0.000000 0.000000
 49.000000 0.700127 269.292262 286.000000 0.000000 0.000000 0.000000 0.000000
 49.250000 0.685795 257.401111 279.000000 0.000000 0.000000 0.000000 0.000000
 49.500000 0.692373 263.731181 283.000000 0.000000 0.000000 0.000000 0.000000
 49.750000 0.694443 264.525059 283.000000 0.000000 0.000000 0.000000 0.000000
 50.000000 0.693054 259.050792 273.000000 0.000000 0.000000 0.000000 0.000000
 50.250000 0.688886 261.218562 278.000000 0.000000 0.000000 0.000000 0.000000
 50.500000 0.689014 258.779895 274.000000 0.000000 0.000000 0.000000 0.000000
 50.750000 0.691663 263.794727 282.000000 0.000000 0.000000 0.000000 0.000000
 51.000000 0.698537 267.178751 285.000000 0.000000 0.000000 0.000000 0.000000
 51.250000 0.684068 256.348517 279.000000 0.000000 0.000000 0.000000 0.000000
 51.500000 0.688280 262.870779 278.000000 0.000000 0.000000 0.000000 0.000000
 51.750000 0.692547 262.766874 280.000000 0.000000 0.000000 0.000000 0.000000
 52.000000 0.682792 256.721751 280.000000 0.000000 0.000000 0.000000 0.000000
 52.250000 0.695602 268.782888 281.000000 0.000000 0.000000 0.000000 0.000000
 52.500000 0.685250 255.575308 276.000000 0.000000 0.000000 0.000000 0.000000
 52.750000 0.687802 261.078485 284.000000 0.000000 0.000000 0.000000 0.000000
 53.000000 0.683976 257.832976 285.000000 0.000000 0.000000 0.000000 0.000000
 53.250000 0.689867 262.960406 287.000000 0.000000 0.000000 0.000000 0.000000
 53.500000 0.694306 267.639828 284.000000 0.000000 0.000000 0.000000 0.000000
 53.750000 0.690763 261.469640 276.000000 0.000000 0.000000 0.000000 0.000000
 54.000000 0.692675 261.266169 276.000000 0.000000 0.000000 0.000000 0.000000
 54.250000 0.691602 265.802514 285.000000 0.000000 0.000000 0.000000 0.000000
 54.500000 0.702679 274.556914 290.000000 0.000000 0.000000 0.000000 0.000000
 54.750000 0.691421 266.286857 287.000000 0.000000 0.000000 0.000000 0.000000
 55.000000 0.694688 268.336980 286.000000 0.000000 0.000000 0.000000 0.000000
 55.250000 0.692857 267.825883 287.000000 0.000000 0.000000 0.000000 0.000000
 55.500000 0.695642 267.964644 288.000000 0.000000 0.000000 0.000000 0.000000
 55.750000 0.691664 263.287798 289.000000 0.000000 0.000000 0.000000 0.000000
 56.000000 0.696823 268.473786 284.000000 0.000000 0.000000 0.000000 0.000000
 56.250000 0.694163 267.199372 282.000000 0.000000 0.000000 0.000000 0.000000
 56.500000 0.696999 269.159234 284.000000 0.000000 0.000000 0.000000 0.000000
 56.750000 0.700073 273.535360 288.000000 0.000000 0.000000 0.000000 0.000000
 57.000000 0.696284 266.829431 282.000000 0.000000 0.000000 0.000000 0.000000
 57.250000 0.695118 266.927837 288.000000 0.000000 0.000000 0.000000 0.000000
 57.500000 0.698453 267.679817 286.000000 0.000000 0.000000 0.000000 0.000000
 57.750000 0.701102 273.640684 286.000000 0.000000 0.000000 0.000000 0.000000
 58.000000 0.698885 271.371756 287.000000 0.000000 0.000000 0.000000 0.000000
 58.250000 0.698038 273.292996 288.000000 0.000000 0.000000 0.000000 0.000000
 58.500000 0.700199 273.991086 293.000000 0.000000 0.000000 0.000000 0.000000
 58.750000 0.697982 270.510191 289.000000 0.000000 0.000000 0.000000 0.000000
 59.000000 0.701289 273.872213 293.000000 0.000000 0.000000 0.000000 0.000000
 59.250000 0.696680 271.315093 287.000000 0.000000 0.000000 0.000000 0.000000
 59.500000 0.694218 270.477496 286.000000 0.000000 0.000000 0.000000 0.000000
 59.750000 0.690394 269.064352 288.000000 0.000000 0.000000 0.000000 0.000000
 60.000000 0.687112 263.133024 290.000000 0.000000 0.000000 0.000000 0.000000
 60.250000 0.697666 273.910481 292.000000 0.000000 0.000000 0.000000 0.000000
 60.500000 0.696217 273.349233 293.000000 0.000000 0.000000 0.000000 0.000000
 60.750000 0.704281 279.287061 294.899556 0.000000 0.000000 0.000000 0.000000
 61.000000 0.695259 271.089707 291.000000 0.000000 0.000000 0.000000 0.000000
 61.250000 0.703043 276.888214 293.000000 0.000000 0.000000 0.000000 0.000000
 61.500000 0.694957 271.614909 287.000000 0.000000 0.000000 0.000000 0.000000
 61.750000 0.700162 274.432629 290.000000 0.000000 0.000000 0.000000 0.000000
 62.000000 0.698960 275.130702 290.000000 0.000000 0.000000 0.000000 0.000000
 62.250000 0.705630 280.945646 296.000000 0.000000 0.000000 0.000000 0.000000
 62.500000 0.698218 273.195889 297.000000 0.000000 0.000000 0.000000 0.000000
 62.750000 0.701495 276.012866 296.000000 0.000000 0.000000 0.000000 0.000000
 63.000000 0.698019 273.299154 290.000000 0.000000 0.000000 0.000000 0.000000
 63.250000 0.701523 276.450991 291.000000 0.000000 0.000000 0.000000 0.000000
 63.500000 0.694030 269.794938 295.000000 0.000000 0.000000 0.000000 0.000000
 63.750000 0.703819 276.623841 296.000000 0.000000 0.000000 0.000000 0.000000
 64.000000 0.711370 282.235012 296.000000 0.000000 0.000000 0.000000 0.000000
 64.250000 0.696909 270.401582 292.000000 0.000000 0.000000 0.000000 0.000000
 64.500000 0.700541 272.236228 290.000000 0.000000 0.000000 0.000000 0.000000
 64.750000 0.701330 276.905285 293.000000 0.000000 0.000000 0.000000 0.000000
 65.000000 0.698591 273.576624 287.000000 0.000000 0.000000 0.000000 0.000000
 65.250000 0.694578 268.268956 283.000000 0.000000 0.000000 0.000000 0.000000
 65.500000 0.699113 270.516609 286.000000 0.000000 0.000000 0.000000 0.000000
 65.750000 0.700144 272.232477 288.000000 0.000000 0.000000 0.000000 0.000000
 66.000000 0.688742 265.293809 291.000000 0.000000 0.000000 0.000000 0.000000
 66.250000 0.694400 267.763353 284.000000 0.000000 0.000000 0.000000 0.000000
 66.500000 0.697459 273.854887 287.000000 0.000000 0.000000 0.000000 0.000000
 66.750000 0.687991 263.865957 285.000000 0.000000 0.000000 0.000000 0.000000
 67.000000 0.688892 266.050789 285.000000 0.000000 0.000000 0.000000 0.000000
 67.250000 0.702765 275.182389 287.000000 0.000000 0.000000 0.000000 0.000000
 67.500000 0.704402 276.650033 291.000000 0.000000 0.000000 0.000000 0.000000
 67.750000 0.699666 273.922525 294.000000 0.000000 0.000000 0.000000 0.000000
 68.000000 0.697818 269.816430 287.000000 0.000000 0.000000 0.000000 0.000000
 68.250000 0.697424 265.218917 281.000000 0.000000 0.000000 0.000000 0.000000
 68.500000 0.697226 269.080289 284.000000 0.000000 0.000000 0.000000 0.000000
 68.750000 0.696496 268.360085 283.000000 0.000000 0.000000 0.000000 0.000000
 69.000000 0.692075 261.366418 281.000000 0.000000 0.000000 0.000000 0.000000
 69.250000 0.688106 257.776265 275.000000 0.000000 0.000000 0.000000 0.000000
 69.500000 0.689756 258.931766 277.000000 0.000000 0.000000 0.000000 0.000000
 69.750000 0.693180 264.270317 282.000000 0.000000 0.000000 0.000000 0.000000
 70.000000 0.694098 263.873668 282.000000 0.000000 0.000000 0.000000 0.000000
 70.250000 0.692363 263.874522 282.000000 0.000000 0.000000 0.000000 0.000000
 70.500000 0.700858 271.144444 287.000000 0.000000 0.000000 0.000000 0.000000
 70.750000 0.695125 267.561876 278.000000 0.000000 0.000000 0.000000 0.000000
 71.000000 0.702118 271.720579 284.000000 0.000000 0.000000 0.000000 0.000000
 71.250000 0.695928 267.946492 283.000000 0.000000 0.000000 0.000000 0.000000
 71.500000 0.694768 261.269744 274.000000 0.000000 0.000000 0.000000 0.000000
 71.750000 0.700303 269.822094 286.000000 0.000000 0.000000 0.000000 0.000000
 72.000000 0.700855 267.213131 277.000000 0.000000 0.000000 0.000000 0.000000
 72.250000 0.689295 255.367675 273.000000 0.000000 0.000000 0.000000 0.000000
 72.500000 0.690727 260.588889 280.000000 0.000000 0.000000 0.000000 0.000000
 72.750000 0.700695 271.667672 286.000000 0.000000 0.000000 0.000000 0.000000
 73.000000 0.691252 260.409545 280.000000 0.000000 0.000000 0.000000 0.000000
 73.250000 0.697297 266.113392 279.000000 0.000000 0.000000 0.000000 0.000000
 73.500000 0.690464 259.147587 275.000000 0.000000 0.000000 0.000000 0.000000
 73.750000 0.691535 262.233603 278.000000 0.000000 0.000000 0.000000 0.000000
 74.000000 0.692610 261.647142 279.000000 0.000000 0.000000 0.000000 0.000000
 74.250000 0.685693 254.520140 268.000000 0.000000 0.000000 0.000000 0.000000
 74.500000 0.685881 256.824508 275.000000 0.000000 0.000000 0.000000 0.000000
 74.750000 0.695093 263.258795 280.000000 0.000000 0.000000 0.000000 0.000000
 75.000000 0.689388 259.357143 277.000000 0.000000 0.000000 0.000000 0.000000
 75.250000 0.697511 265.855032 282.000000 0.000000 0.000000 0.000000 0.000000
 75.500000 0.694002 260.487426 274.000000 0.000000 0.000000 0.000000 0.000000
 75.750000 0.684629 254.561911 273.000000 0.000000 0.000000 0.000000 0.000000
 76.000000 0.691743 260.282419 278.000000 0.000000 0.000000 0.000000 0.000000
 76.250000 0.691776 262.092177 279.000000 0.000000 0.000000 0.000000 0.000000
 76.500000 0.694850 266.275153 285.000000 0.000000 0.000000 0.000000 0.000000
 76.750000 0.687769 258.306334 276.000000 0.000000 0.000000 0.000000 0.000000
 77.000000 0.686177 260.160234 282.000000 0.000000 0.000000 0.000000 0.000000
 77.250000 0.689506 262.720814 280.000000 0.000000 0.000000 0.000000 0.000000
 77.500000 0.689892 260.901039 279.000000 0.000000 0.000000 0.000000 0.000000
 77.750000 0.689963 261.842093 281.000000 0.000000 0.000000 0.000000 0.000000
 78.000000 0.689268 262.748016 283.000000 0.000000 0.000000 0.000000 0.000000
 78.250000 0.692799 263.065575 282.000000 0.000000 0.000000 0.000000 0.000000
 78.500000 0.691936 261.465277 275.000000 0.000000 0.000000 0.000000 0.000000
 78.750000 0.691578 262.847937 282.000000 0.000000 0.000000 0.000000 0.000000
 79.000000 0.686399 258.317428 283.000000 0.000000 0.000000 0.000000 0.000000
 79.250000 0.687935 259.167574 274.000000 0.000000 0.000000 0.000000 0.000000
 79.500000 0.689721 260.638159 280.000000 0.000000 0.000000 0.000000 0.000000
 79.750000 0.685676 259.510803 281.000000 0.000000 0.000000 0.000000 0.000000
 80.000000 0.690792 261.886784 276.000000 0.000000 0.000000 0.000000 0.000000
 80.250000 0.682496 252.186453 277.000000 0.000000 0.000000 0.000000 0.000000
 80.500000 0.691440 260.631288 282.000000 0.000000 0.000000 0.000000 0.000000
 80.750000 0.691554 264.202898 281.000000 0.000000 0.000000 0.000000 0.000000
 81.000000 0.686033 261.274324 277.000000 0.000000 0.000000 0.000000 0.000000
 81.250000 0.685726 257.911491 272.000000 0.000000 0.000000 0.000000 0.000000
 81.500000 0.686179 258.846950 277.000000 0.000000 0.000000 0.000000 0.000000
 81.750000 0.683202 258.371864 284.000000 0.000000 0.000000 0.000000 0.000000
 82.000000 0.687733 259.765328 279.000000 0.000000 0.000000 0.000000 0.000000
 82.250000 0.688786 256.931196 279.000000 0.000000 0.000000 0.000000 0.000000
 82.500000 0.683719 255.248135 275.000000 0.000000 0.000000 0.000000 0.000000
 82.750000 0.688300 261.360236 279.000000 0.000000 0.000000 0.000000 0.000000
 83.000000 0.679152 252.647036 272.000000 0.000000 0.000000 0.000000 0.000000
 83.250000 0.683270 253.389420 275.000000 0.000000 0.000000 0.000000 0.000000
 83.500000 0.698436 267.848870 285.000000 0.000000 0.000000 0.000000 0.000000
 83.750000 0.691321 261.212303 277.000000 0.000000 0.000000 0.000000 0.000000
 84.000000 0.690893 259.834970 277.000000 0.000000 0.000000 0.000000 0.000000
 84.250000 0.685333 258.897025 282.000000 0.000000 0.000000 0.000000 0.000000
 84.500000 0.697153 268.719075 285.000000 0.000000 0.000000 0.000000 0.000000
 84.750000 0.696467 269.098693 286.000000 0.000000 0.000000 0.000000 0.000000
 85.000000 0.690108 260.699393 278.000000 0.000000 0.000000 0.000000 0.000000
 85.250000 0.694418 267.068381 285.000000 0.000000 0.000000 0.000000 0.000000
 85.500000 0.696798 265.777360 279.000000 0.000000 0.000000 0.000000 0.000000
 85.750000 0.690289 261.898842 279.000000 0.000000 0.000000 0.000000 0.000000
 86.000000 0.691017 262.118229 281.000000 0.000000 0.000000 0.000000 0.000000
 86.250000 0.683922 259.399257 279.000000 0.000000 0.000000 0.000000 0.000000
 86.500000 0.685940 260.848282 277.000000 0.000000 0.000000 0.000000 0.000000
 86.750000 0.690316 261.830750 280.000000 0.000000 0.000000 0.000000 0.000000
 87.000000 0.684917 255.823062 277.000000 0.000000 0.000000 0.000000 0.000000
 87.250000 0.687123 253.843321 274.000000 0.000000 0.000000 0.000000 0.000000
 87.500000 0.687659 258.044621 273.000000 0.000000 0.000000 0.000000 0.000000
 87.750000 0.689004 259.212986 276.000000 0.000000 0.000000 0.000000 0.000000
 88.000000 0.678006 249.865758 272.000000 0.000000 0.000000 0.000000 0.000000
 88.250000 0.683627 258.552450 278.000000 0.000000 0.000000 0.000000 0.000000
 88.500000 0.680405 253.131590 273.000000 0.000000 0.000000 0.000000 0.000000
 88.750000 0.678121 249.027726 269.000000 0.000000 0.000000 0.000000 0.000000
 89.000000 0.676549 248.632758 268.000000 0.000000 0.000000 0.000000 0.000000
 89.250000 0.686455 254.850495 270.000000 0.000000 0.000000 0.000000 0.000000
 89.500000 0.682445 253.093595 274.000000 0.000000 0.000000 0.000000 0.000000
 89.750000 0.686566 261.480045 279.000000 0.000000 0.000000 0.000000 0.000000
 90.000000 0.677490 247.015816 269.000000 0.000000 0.000000 0.000000 0.000000
 90.250000 0.683356 256.042304 277.000000 0.000000 0.000000 0.000000 0.000000
 90.500000 0.688547 257.221116 276.000000 0.000000 0.000000 0.000000 0.000000
 90.750000 0.685502 260.911008 278.000000 0.000000 0.000000 0.000000 0.000000
 91.000000 0.678686 252.694139 276.000000 0.000000 0.000000 0.000000 0.000000
 91.250000 0.690482 265.173739 277.000000 0.000000 0.000000 0.000000 0.000000
 91.500000 0.679695 252.815075 275.000000 0.000000 0.000000 0.000000 0.000000
 91.750000 0.679626 252.907575 272.000000 0.000000 0.000000 0.000000 0.000000
 92.000000 0.681912 255.797975 276.000000 0.000000 0.000000 0.000000 0.000000
 92.250000 0.684923 255.297355 271.000000 0.000000 0.000000 0.000000 0.000000
 92.500000 0.681190 254.880497 276.000000 0.000000 0.000000 0.000000 0.000000
 92.750000 0.674166 247.937729 271.000000 0.000000 0.000000 0.000000 0.000000
 93.000000 0.679354 249.886309 271.000000 0.000000 0.000000 0.000000 0.000000
 93.250000 0.678601 252.717061 274.000000 0.000000 0.000000 0.000000 0.000000
 93.500000 0.679531 254.046384 275.000000 0.000000 0.000000 0.000000 0.000000
 93.750000 0.680071 255.794775 280.000000 0.000000 0.000000 0.000000 0.000000
 94.000000 0.688713 261.431255 274.000000 0.000000 0.000000 0.000000 0.000000
 94.250000 0.678622 250.073402 271.000000 0.000000 0.000000 0.000000 0.000000
 94.500000 0.674394 242.325085 260.000000 0.000000 0.000000 0.000000 0.000000
 94.750000 0.674190 245.299034 266.000000 0.000000 0.000000 0.000000 0.000000
 95.000000 0.671639 244.597773 267.000000 0.000000 0.000000 0.000000 0.000000
 95.250000 0.672822 243.005170 270.000000 0.000000 0.000000 0.000000 0.000000
 95.500000 0.687666 259.236566 277.000000 0.000000 0.000000 0.000000 0.000000
 95.750000 0.684481 255.267494 279.000000 0.000000 0.000000 0.000000 0.000000
 96.000000 0.683581 251.654625 275.000000 0.000000 0.000000 0.000000 0.000000
 96.250000 0.680482 248.030146 271.000000 0.000000 0.000000 0.000000 0.000000
 96.500000 0.691504 262.012381 278.000000 0.000000 0.000000 0.000000 0.000000
 96.750000 0.683294 253.622978 273.000000 0.000000 0.000000 0.000000 0.000000
 97.000000 0.680318 252.393669 275.000000 0.000000 0.000000 0.000000 0.000000
 97.250000 0.677982 251.834962 278.000000 0.000000 0.000000 0.000000 0.000000
 97.500000 0.679393 251.571102 275.000000 0.000000 0.000000 0.000000 0.000000
 97.750000 0.688981 259.781553 275.000000 0.000000 0.000000 0.000000 0.000000
 98.000000 0.687679 258.204678 278.000000 0.000000 0.000000 0.000000 0.000000
 98.250000 0.681697 252.398596 275.000000 0.000000 0.000000 0.000000 0.000000
 98.500000 0.682457 254.502153 269.000000 0.000000 0.000000 0.000000 0.000000
 98.750000 0.678222 250.415577 275.000000 0.000000 0.000000 0.000000 0.000000
 99.000000 0.676340 251.823735 273.000000 0.000000 0.000000 0.000000 0.000000
 99.250000 0.685878 257.749176 277.000000 0.000000 0.000000 0.000000 0.000000
 99.500000 0.679184 253.318318 272.000000 0.000000 0.000000 0.000000 0.000000
 99.750000 0.689696 260.550937 279.000000 0.000000 0.000000 0.000000 0.000000
 100.000000 0.681997 255.647960 280.000000 0.000000 0.000000 0.000000 0.000000
 100.250000 0.701020 271.043920 281.000000 0.000000 0.000000 0.000000 0.000000
 100.500000 0.687167 255.891149 275.000000 0.000000 0.000000 0.000000 0.000000
 100.750000 0.680294 250.433784 273.000000 0.000000 0.000000 0.000000 0.000000
 101.000000 0.681372 252.565447 274.000000 0.000000 0.000000 0.000000 0.000000
 101.250000 0.681160 253.706964 276.000000 0.000000 0.000000 0.000000 0.000000
 101.500000 0.689636 257.840153 277.000000 0.000000 0.000000 0.000000 0.000000
 101.750000 0.682611 254.969323 277.000000 0.000000 0.000000 0.000000 0.000000
 102.000000 0.692371 263.910835 277.000000 0.000000 0.000000 0.000000 0.000000
 102.250000 0.689392 258.847140 277.000000 0.000000 0.000000 0.000000 0.000000
 102.500000 0.688292 257.150370 274.000000 0.000000 0.000000 0.000000 0.000000
 102.750000 0.687195 256.054573 273.000000 0.000000 0.000000 0.000000 0.000000
 103.000000 0.692719 263.471034 281.000000 0.000000 0.000000 0.000000 0.000000
 103.250000 0.689305 262.066231 285.000000 0.000000 0.000000 0.000000 0.000000
 103.500000 0.688521 259.265217 276.000000 0.000000 0.000000 0.000000 0.000000
 103.750000 0.693685 261.113372 276.000000 0.000000 0.000000 0.000000 0.000000
 104.000000 0.694102 260.347858 276.000000 0.000000 0.000000 0.000000 0.000000
 104.250000 0.685605 257.986064 280.000000 0.000000 0.000000 0.000000 0.000000
 104.500000 0.694658 263.665373 278.000000 0.000000 0.000000 0.000000 0.000000
 104.750000 0.692124 267.242248 287.000000 0.000000 0.000000 0.000000 0.000000
 105.000000 0.682311 254.726270 278.000000 0.000000 0.000000 0.000000 0.000000
 105.250000 0.690789 263.720979 286.000000 0.000000 0.000000 0.000000 0.000000
 105.500000 0.690410 262.562437 283.000000 0.000000 0.000000 0.000000 0.000000
 105.750000 0.687471 257.981418 280.000000 0.000000 0.000000 0.000000 0.000000
 106.000000 0.699608 271.574024 286.000000 0.000000 0.000000 0.000000 0.000000
 106.250000 0.686315 256.346651 281.000000 0.000000 0.000000 0.000000 0.000000
 106.500000 0.685826 255.478032 280.000000 0.000000 0.000000 0.000000 0.000000
 106.750000 0.682387 253.359270 277.000000 0.000000 0.000000 0.000000 0.000000
 107.000000 0.696071 266.878699 285.000000 0.000000 0.000000 0.000000 0.000000
 107.250000 0.684550 257.696779 285.000000 0.000000 0.000000 0.000000 0.000000
 107.500000 0.687132 256.826980 278.000000 0.000000 0.000000 0.000000 0.000000
 107.750000 0.699113 266.285759 279.000000 0.000000 0.000000 0.000000 0.000000
 108.000000 0.689682 262.258916 281.000000 0.000000 0.000000 0.000000 0.000000
 108.250000 0.699703 269.839143 288.000000 0.000000 0.000000 0.000000 0.000000
 108.500000 0.693470 262.321192 281.000000 0.000000 0.000000 0.000000 0.000000
 108.750000 0.688318 257.630978 279.000000 0.000000 0.000000 0.000000 0.000000
 109.000000 0.700872 269.524689 284.000000 0.000000 0.000000 0.000000 0.000000
 109.250000 0.698813 268.449938 284.000000 0.000000 0.000000 0.000000 0.000000
 109.500000 0.701728 272.029002 285.000000 0.000000 0.000000 0.000000 0.000000
 109.750000 0.708742 276.222260 291.000000 0.000000 0.000000 0.000000 0.000000
 110.000000 0.703327 271.081728 283.000000 0.000000 0.000000 0.000000 0.000000
 110.250000 0.708001 274.626950 285.000000 0.000000 0.000000 0.000000 0.000000
 110.500000 0.704964 271.970723 284.000000 0.000000 0.000000 0.000000 0.000000
 110.750000 0.699467 264.547238 280.000000 0.000000 0.000000 0.000000 0.000000
 111.000000 0.695344 263.787396 280.000000 0.000000 0.000000 0.000000 0.000000
 111.250000 0.698885 264.876377 279.000000 0.000000 0.000000 0.000000 0.000000
 111.500000 0.697195 265.561314 277.000000 0.000000 0.000000 0.000000 0.000000
 111.750000 0.694138 264.344164 280.000000 0.000000 0.000000 0.000000 0.000000
 112.000000 0.696492 265.112026 281.000000 0.000000 0.000000 0.000000 0.000000
 112.250000 0.699543 268.897844 283.000000 0.000000 0.000000 0.000000 0.000000
 112.500000 0.687129 259.336690 276.000000 0.000000 0.000000 0.000000 0.000000
 112.750000 0.691584 258.895127 276.000000 0.000000 0.000000 0.000000 0.000000
 113.000000 0.692864 258.533000 275.000000 0.000000 0.000000 0.000000 0.000000
 113.250000 0.695356 263.569970 278.000000 0.000000 0.000000 0.000000 0.000000
 113.500000 0.693066 263.866613 285.000000 0.000000 0.000000 0.000000 0.000000
 113.750000 0.696640 266.277707 287.000000 0.000000 0.000000 0.000000 0.000000
 114.000000 0.690421 257.520959 282.000000 0.000000 0.000000 0.000000 0.000000
 114.250000 0.695505 263.563153 277.000000 0.000000 0.000000 0.000000 0.000000
 114.500000 0.696783 265.896933 281.000000 0.000000 0.000000 0.000000 0.000000
 114.750000 0.694374 262.967089 281.000000 0.000000 0.000000 0.000000 0.000000
 115.000000 0.693072 260.325012 274.000000 0.000000 0.000000 0.000000 0.000000
 115.250000 0.704083 272.100097 284.000000 0.000000 0.000000 0.000000 0.000000
 115.500000 0.706768 274.716431 287.000000 0.000000 0.000000 0.000000 0.000000
 115.750000 0.699072 269.471252 285.000000 0.000000 0.000000 0.000000 0.000000
 116.000000 0.702529 269.804021 283.000000 0.000000 0.000000 0.000000 0.000000
 116.250000 0.695396 265.908602 286.000000 0.000000 0.000000 0.000000 0.000000
 116.500000 0.699693 269.796012 282.000000 0.000000 0.000000 0.000000 0.000000
 116.750000 0.695781 266.020564 287.000000 0.000000 0.000000 0.000000 0.000000
 117.000000 0.700034 269.655718 286.000000 0.000000 0.000000 0.000000 0.000000
 117.250000 0.695122 264.428880 284.000000 0.000000 0.000000 0.000000 0.000000
 117.500000 0.707701 277.524152 292.000000 0.000000 0.000000 0.000000 0.000000
 117.750000 0.695555 265.197931 282.000000 0.000000 0.000000 0.000000 0.000000
 118.000000 0.694463 264.676976 282.000000 0.000000 0.000000 0.000000 0.000000
 118.250000 0.694729 265.084255 280.000000 0.000000 0.000000 0.000000 0.000000
 118.500000 0.696818 268.179993 288.000000 0.000000 0.000000 0.000000 0.000000
 118.750000 0.704741 276.241021 286.000000 0.000000 0.000000 0.000000 0.000000
 119.000000 0.697780 265.320132 282.000000 0.000000 0.000000 0.000000 0.000000
 119.250000 0.689013 259.369070 278.000000 0.000000 0.000000 0.000000 0.000000
 119.500000 0.705682 273.548879 289.000000 0.000000 0.000000 0.000000 0.000000
 119.750000 0.702723 272.502672 289.000000 0.000000 0.000000 0.000000 0.000000
 120.000000 0.704437 273.501417 287.000000 0.000000 0.000000 0.000000 0.000000
 120.250000 0.687157 255.989097 277.000000 0.000000 0.000000 0.000000 0.000000
 120.500000 0.695470 264.061452 282.000000 0.000000 0.000000 0.000000 0.000000
 120.750000 0.706874 275.655372 286.000000 0.000000 0.000000 0.000000 0.000000
 121.000000 0.690767 260.430216 285.000000 0.000000 0.000000 0.000000 0.000000
 121.250000 0.688538 262.038900 285.000000 0.000000 0.000000 0.000000 0.000000
 121.500000 0.703759 271.402158 285.000000 0.000000 0.000000 0.000000 0.000000
 121.750000 0.692189 265.517767 283.000000 0.000000 0.000000 0.000000 0.000000
 122.000000 0.696699 266.763933 285.000000 0.000000 0.000000 0.000000 0.000000
 122.250000 0.696405 268.648218 281.000000 0.000000 0.000000 0.000000 0.000000
 122.500000 0.693005 262.654555 284.000000 0.000000 0.000000 0.000000 0.000000
 122.750000 0.695290 267.203460 286.000000 0.000000 0.000000 0.000000 0.000000
 123.000000 0.695258 265.112086 283.000000 0.000000 0.000000 0.000000 0.000000
 123.250000 0.695737 267.485198 283.000000 0.000000 0.000000 0.000000 0.000000
 123.500000 0.694841 264.376905 278.000000 0.000000 0.000000 0.000000 0.000000
 123.750000 0.697755 269.734114 284.000000 0.000000 0.000000 0.000000 0.000000
 124.000000 0.695493 268.609944 286.000000 0.000000 0.000000 0.000000 0.000000
 124.250000 0.691648 264.703890 284.000000 0.000000 0.000000 0.000000 0.000000
 124.500000 0.697489 269.876539 285.000000 0.000000 0.000000 0.000000 0.000000
 124.750000 0.687048 258.194704 281.000000 0.000000 0.000000 0.000000 0.000000
 125.000000 0.691313 265.881051 282.000000 0.000000 0.000000 0.000000 0.000000
