#! FIELDS time refcv.mean refcv.morethan
 200.000000 0.952348 287.851355
 220.000000 0.955439 287.850001
 240.000000 0.952962 287.848614
 260.000000 0.933638 287.810631
 280.000000 0.958615 287.863837
 300.000000 0.955592 287.863339
 320.000000 0.962801 287.870535
 340.000000 0.935001 287.812582
 360.000000 0.947822 287.839895
 380.000000 0.960366 287.859030
 400.000000 0.965132 287.873331
 420.000000 0.957816 287.859726
 440.000000 0.958274 287.850209
 460.000000 0.935173 287.799713
 480.000000 0.964035 287.870967
 500.000000 0.943085 287.828626
 520.000000 0.953531 287.852001
 540.000000 0.938660 287.793923
 560.000000 0.962519 287.861252
 580.000000 0.939354 287.811409
 600.000000 0.956902 287.856601
 620.000000 0.945371 287.830751
 640.000000 0.944809 287.820545
 660.000000 0.948739 287.842799
 680.000000 0.932077 287.804672
 700.000000 0.941668 287.811641
 720.000000 0.957502 287.861837
 740.000000 0.959749 287.865393
 760.000000 0.955816 287.858008
 780.000000 0.964246 287.867975
 800.000000 0.966873 287.869583
 820.000000 0.962503 287.860467
 840.000000 0.958818 287.862867
 860.000000 0.972957 287.879971
 880.000000 0.947956 287.840009
 900.000000 0.966568 287.870195
 920.000000 0.953596 287.850644
 940.000000 0.947589 287.843414
 960.000000 0.959493 287.860333
 980.000000 0.955666 287.845956
 1000.000000 0.943543 287.824623
 1020.000000 0.959287 287.859670
 1040.000000 0.950138 287.833801
 1060.000000 0.951179 287.853499
 1080.000000 0.970513 287.882064
 1100.000000 0.955296 287.860231
 1120.000000 0.928097 287.775525
 1140.000000 0.942732 287.835570
 1160.000000 0.949166 287.840672
 1180.000000 0.940818 287.820832
 1200.000000 0.942745 287.816262
 1220.000000 0.955841 287.840180
 1240.000000 0.962385 287.864899
 1260.000000 0.955688 287.853820
 1280.000000 0.949837 287.841708
 1300.000000 0.955345 287.853428
 1320.000000 0.961712 287.871934
 1340.000000 0.974532 287.887414
 1360.000000 0.957246 287.856688
 1380.000000 0.948046 287.825920
 1400.000000 0.960579 287.858848
 1420.000000 0.972799 287.889973
 1440.000000 0.970831 287.878987
 1460.000000 0.959949 287.865144
 1480.000000 0.955880 287.864434
 1500.000000 0.951911 287.849438
 1520.000000 0.974845 287.888869
 1540.000000 0.960416 287.862731
 1560.000000 0.978067 287.895834
 1580.000000 0.981178 287.896648
 1600.000000 0.940037 287.821820
 1620.000000 0.950702 287.845448
 1640.000000 0.958223 287.858289
 1660.000000 0.948782 287.832023
 1680.000000 0.945574 287.835132
 1700.000000 0.957273 287.847263
 1720.000000 0.963915 287.868128
 1740.000000 0.945599 287.823089
 1760.000000 0.952767 287.849282
 1780.000000 0.956029 287.859225
 1800.000000 0.966075 287.879097
 1820.000000 0.969035 287.883101
 1840.000000 0.962733 287.873484
 1860.000000 0.960914 287.872322
 1880.000000 0.957356 287.859685
 1900.000000 0.960623 287.864293
 1920.000000 0.972255 287.884374
 1940.000000 0.971020 287.880599
 1960.000000 0.960144 287.855117
 1980.000000 0.968873 287.877363
 2000.000000 0.985162 287.896731
