#! FIELDS time refcv.mean refcv.morethan
 200.000000 1.383623 287.998410
 220.000000 1.386765 287.998373
 240.000000 1.382986 287.998376
 260.000000 1.358965 287.998027
 280.000000 1.392731 287.998541
 300.000000 1.393109 287.998593
 320.000000 1.400013 287.998637
 340.000000 1.357804 287.998016
 360.000000 1.381297 287.998352
 380.000000 1.397914 287.998536
 400.000000 1.402778 287.998660
 420.000000 1.393842 287.998554
 440.000000 1.392137 287.998423
 460.000000 1.360295 287.997959
 480.000000 1.403185 287.998650
 500.000000 1.371014 287.998161
 520.000000 1.385709 287.998414
 540.000000 1.363112 287.997864
 560.000000 1.396183 287.998495
 580.000000 1.365673 287.998045
 600.000000 1.393694 287.998502
 620.000000 1.373752 287.998224
 640.000000 1.373176 287.998119
 660.000000 1.378817 287.998323
 680.000000 1.349847 287.997843
 700.000000 1.365295 287.997994
 720.000000 1.389721 287.998517
 740.000000 1.394165 287.998549
 760.000000 1.387818 287.998464
 780.000000 1.396901 287.998559
 800.000000 1.407544 287.998638
 820.000000 1.401027 287.998568
 840.000000 1.393777 287.998529
 860.000000 1.416083 287.998745
 880.000000 1.375564 287.998278
 900.000000 1.400430 287.998617
 920.000000 1.386671 287.998400
 940.000000 1.375292 287.998309
 960.000000 1.397599 287.998544
 980.000000 1.390887 287.998400
 1000.000000 1.368593 287.998107
 1020.000000 1.392416 287.998481
 1040.000000 1.382082 287.998243
 1060.000000 1.380458 287.998397
 1080.000000 1.410367 287.998742
 1100.000000 1.387369 287.998492
 1120.000000 1.356584 287.997810
 1140.000000 1.368979 287.998224
 1160.000000 1.383675 287.998383
 1180.000000 1.365726 287.998100
 1200.000000 1.374197 287.998102
 1220.000000 1.387972 287.998301
 1240.000000 1.399753 287.998576
 1260.000000 1.388828 287.998472
 1280.000000 1.384852 287.998343
 1300.000000 1.394756 287.998511
 1320.000000 1.398843 287.998633
 1340.000000 1.416110 287.998777
 1360.000000 1.395461 287.998551
 1380.000000 1.376009 287.998172
 1400.000000 1.396196 287.998515
 1420.000000 1.413550 287.998817
 1440.000000 1.413360 287.998722
 1460.000000 1.396215 287.998572
 1480.000000 1.391050 287.998553
 1500.000000 1.383677 287.998410
 1520.000000 1.417128 287.998816
 1540.000000 1.396827 287.998546
 1560.000000 1.421945 287.998884
 1580.000000 1.429474 287.998922
 1600.000000 1.363229 287.998066
 1620.000000 1.382177 287.998358
 1640.000000 1.393545 287.998501
 1660.000000 1.376983 287.998219
 1680.000000 1.377735 287.998314
 1700.000000 1.389410 287.998386
 1720.000000 1.404166 287.998625
 1740.000000 1.374426 287.998098
 1760.000000 1.385481 287.998417
 1780.000000 1.389464 287.998490
 1800.000000 1.404234 287.998699
 1820.000000 1.407563 287.998717
 1840.000000 1.398727 287.998644
 1860.000000 1.397383 287.998637
 1880.000000 1.388410 287.998478
 1900.000000 1.395338 287.998546
 1920.000000 1.415913 287.998810
 1940.000000 1.408624 287.998694
 1960.000000 1.388854 287.998411
 1980.000000 1.407008 287.998670
 2000.000000 1.425018 287.998850
