#! FIELDS time refcv.mean refcv.morethan
 200.000000 0.198052 0.135329
 220.000000 0.203531 0.109116
 240.000000 0.205463 0.047181
 260.000000 0.193669 0.055272
 280.000000 0.207515 0.221111
 300.000000 0.197509 0.072887
 320.000000 0.207873 0.479182
 340.000000 0.199370 0.153847
 360.000000 0.198353 0.118816
 380.000000 0.201477 0.117123
 400.000000 0.205500 0.124679
 420.000000 0.205183 0.159449
 440.000000 0.201021 0.092358
 460.000000 0.192235 0.060780
 480.000000 0.200294 0.070328
 500.000000 0.198442 0.219436
 520.000000 0.199789 0.275230
 540.000000 0.202298 0.099563
 560.000000 0.206234 0.115235
 580.000000 0.198791 0.295603
 600.000000 0.202025 0.202679
 620.000000 0.199625 0.108707
 640.000000 0.195345 0.096241
 660.000000 0.196020 0.050462
 680.000000 0.195361 0.095420
 700.000000 0.199996 0.121977
 720.000000 0.201860 0.581353
 740.000000 0.204710 0.311478
 760.000000 0.199402 0.082592
 780.000000 0.206454 0.349686
 800.000000 0.204667 0.211389
 820.000000 0.200811 0.124761
 840.000000 0.204080 0.146107
 860.000000 0.206467 0.072802
 880.000000 0.201241 0.147468
 900.000000 0.213782 0.774933
 920.000000 0.202125 0.205595
 940.000000 0.204331 0.563929
 960.000000 0.201510 0.381805
 980.000000 0.201034 0.126333
 1000.000000 0.198542 0.092645
 1020.000000 0.205263 0.109926
 1040.000000 0.197467 0.064809
 1060.000000 0.200621 0.501216
 1080.000000 0.206527 0.170728
 1100.000000 0.198577 0.156822
 1120.000000 0.184676 0.020886
 1140.000000 0.202098 0.113182
 1160.000000 0.196223 0.071500
 1180.000000 0.197621 0.112167
 1200.000000 0.191465 0.039834
 1220.000000 0.201509 0.131675
 1240.000000 0.198361 0.084563
 1260.000000 0.203109 0.238550
 1280.000000 0.194248 0.091492
 1300.000000 0.191019 0.033705
 1320.000000 0.199258 0.053508
 1340.000000 0.210453 0.253783
 1360.000000 0.194895 0.035045
 1380.000000 0.198381 0.093617
 1400.000000 0.208237 0.659890
 1420.000000 0.208464 0.145660
 1440.000000 0.199797 0.049094
 1460.000000 0.198808 0.099135
 1480.000000 0.196435 0.036857
 1500.000000 0.200558 0.072129
 1520.000000 0.208381 0.259900
 1540.000000 0.200417 0.074359
 1560.000000 0.206568 0.133269
 1580.000000 0.201434 0.088867
 1600.000000 0.195905 0.040939
 1620.000000 0.198064 0.062589
 1640.000000 0.202034 0.114155
 1660.000000 0.204372 0.126960
 1680.000000 0.192681 0.037754
 1700.000000 0.200778 0.259158
 1720.000000 0.192262 0.036268
 1740.000000 0.199055 0.070036
 1760.000000 0.204134 0.116814
 1780.000000 0.196537 0.030058
 1800.000000 0.204907 0.089866
 1820.000000 0.203679 0.086900
 1840.000000 0.203307 0.353463
 1860.000000 0.202724 0.134916
 1880.000000 0.203621 0.194842
 1900.000000 0.207043 0.095653
 1920.000000 0.202355 0.282383
 1940.000000 0.213304 0.248179
 1960.000000 0.214837 0.351300
 1980.000000 0.205957 0.091659
 2000.000000 0.215312 0.420905
