#! FIELDS time refcv.mean refcv.morethan
 200.000000 0.750613 285.206408
 220.000000 0.753561 285.242574
 240.000000 0.751888 285.179992
 260.000000 0.734513 284.411972
 280.000000 0.756574 285.501874
 300.000000 0.751592 285.393107
 320.000000 0.759480 285.571165
 340.000000 0.737805 284.504432
 360.000000 0.745073 284.959676
 380.000000 0.755921 285.303422
 400.000000 0.761138 285.637501
 420.000000 0.754173 285.338655
 440.000000 0.755873 285.150077
 460.000000 0.736041 284.081475
 480.000000 0.759132 285.554982
 500.000000 0.743330 284.822082
 520.000000 0.752304 285.255411
 540.000000 0.740847 284.170981
 560.000000 0.759988 285.436769
 580.000000 0.740522 284.482276
 600.000000 0.753136 285.284598
 620.000000 0.745014 284.794652
 640.000000 0.744489 284.625356
 660.000000 0.747468 285.080328
 680.000000 0.736555 284.442554
 700.000000 0.744085 284.484524
 720.000000 0.755399 285.403894
 740.000000 0.756852 285.527718
 760.000000 0.754387 285.408204
 780.000000 0.763214 285.628758
 800.000000 0.761840 285.554553
 820.000000 0.758161 285.332935
 840.000000 0.755899 285.471985
 860.000000 0.767033 285.765056
 880.000000 0.748236 285.007547
 900.000000 0.764861 285.574698
 920.000000 0.751113 285.207622
 940.000000 0.748184 285.117954
 960.000000 0.754876 285.339217
 980.000000 0.752367 285.068025
 1000.000000 0.744844 284.755663
 1020.000000 0.757269 285.429226
 1040.000000 0.748498 284.927178
 1060.000000 0.750542 285.310669
 1080.000000 0.765209 285.796824
 1100.000000 0.753559 285.414090
 1120.000000 0.727186 283.616676
 1140.000000 0.743679 284.975023
 1160.000000 0.745673 284.898733
 1180.000000 0.742013 284.646801
 1200.000000 0.741089 284.498734
 1220.000000 0.754903 285.050768
 1240.000000 0.758674 285.474635
 1260.000000 0.753391 285.212494
 1280.000000 0.746522 285.021948
 1300.000000 0.749782 285.157542
 1320.000000 0.756898 285.586540
 1340.000000 0.768875 285.964376
 1360.000000 0.752743 285.231698
 1380.000000 0.748137 284.720501
 1400.000000 0.757923 285.378328
 1420.000000 0.767494 285.958747
 1440.000000 0.763901 285.728505
 1460.000000 0.756451 285.481695
 1480.000000 0.752470 285.454930
 1500.000000 0.750533 285.179304
 1520.000000 0.768395 285.905784
 1540.000000 0.756816 285.424188
 1560.000000 0.771053 286.061655
 1580.000000 0.772320 286.038977
 1600.000000 0.742381 284.713098
 1620.000000 0.749067 285.128507
 1640.000000 0.755345 285.344841
 1660.000000 0.749002 284.836519
 1680.000000 0.742905 284.799379
 1700.000000 0.755386 285.106712
 1720.000000 0.757294 285.463074
 1740.000000 0.744753 284.693811
 1760.000000 0.751073 285.168780
 1780.000000 0.753929 285.398943
 1800.000000 0.761911 285.776411
 1820.000000 0.764250 285.872766
 1840.000000 0.759341 285.639984
 1860.000000 0.757266 285.621884
 1880.000000 0.756007 285.440132
 1900.000000 0.758431 285.483279
 1920.000000 0.765715 285.792795
 1940.000000 0.767877 285.841995
 1960.000000 0.761081 285.399379
 1980.000000 0.764493 285.742670
 2000.000000 0.780078 286.117594
