#! FIELDS time refcv.mean refcv.morethan
 200.000000 0.306528 3.618511
 220.000000 0.312185 3.710749
 240.000000 0.312925 2.909387
 260.000000 0.299935 2.269554
 280.000000 0.316419 4.846106
 300.000000 0.305005 2.948047
 320.000000 0.316494 6.566803
 340.000000 0.305355 3.950934
 360.000000 0.304266 3.708869
 380.000000 0.310481 3.933514
 400.000000 0.314683 4.141051
 420.000000 0.312019 4.337942
 440.000000 0.310770 4.169973
 460.000000 0.298505 2.735005
 480.000000 0.310431 3.841631
 500.000000 0.305431 4.018177
 520.000000 0.308603 5.374495
 540.000000 0.308089 3.664599
 560.000000 0.316498 4.226826
 580.000000 0.305778 4.290924
 600.000000 0.309951 4.560503
 620.000000 0.307353 3.849433
 640.000000 0.303104 3.296803
 660.000000 0.304656 2.869635
 680.000000 0.302850 3.498851
 700.000000 0.308307 4.877460
 720.000000 0.311128 5.596053
 740.000000 0.312975 4.630546
 760.000000 0.309550 3.506276
 780.000000 0.317367 5.663605
 800.000000 0.314422 5.316014
 820.000000 0.310280 4.288691
 840.000000 0.313623 3.942060
 860.000000 0.316546 4.160235
 880.000000 0.310051 4.586090
 900.000000 0.324570 9.514666
 920.000000 0.310082 4.701103
 940.000000 0.311793 6.072006
 960.000000 0.309200 4.554919
 980.000000 0.309585 4.123037
 1000.000000 0.306862 3.917158
 1020.000000 0.315533 4.596211
 1040.000000 0.305680 3.188952
 1060.000000 0.308883 4.186973
 1080.000000 0.316929 5.367981
 1100.000000 0.307668 4.053368
 1120.000000 0.288521 1.155913
 1140.000000 0.308788 3.519278
 1160.000000 0.303117 2.930111
 1180.000000 0.305364 4.011353
 1200.000000 0.298889 2.412244
 1220.000000 0.311979 4.808182
 1240.000000 0.309561 4.289508
 1260.000000 0.311456 4.712873
 1280.000000 0.302621 2.705743
 1300.000000 0.299060 1.926760
 1320.000000 0.309264 2.839534
 1340.000000 0.320736 5.419608
 1360.000000 0.303528 2.493800
 1380.000000 0.306640 3.628435
 1400.000000 0.316510 6.075522
 1420.000000 0.319454 4.927892
 1440.000000 0.311529 2.831944
 1460.000000 0.309266 3.903994
 1480.000000 0.306152 2.472068
 1500.000000 0.308736 3.569538
 1520.000000 0.318564 5.358730
 1540.000000 0.310306 3.267518
 1560.000000 0.318023 4.943674
 1580.000000 0.314559 4.101328
 1600.000000 0.304966 3.024789
 1620.000000 0.306031 2.912870
 1640.000000 0.311178 4.057035
 1660.000000 0.312705 4.698310
 1680.000000 0.299530 2.241144
 1700.000000 0.310306 5.859697
 1720.000000 0.302843 2.339226
 1740.000000 0.306825 3.557602
 1760.000000 0.310435 4.213070
 1780.000000 0.307004 2.510749
 1800.000000 0.315040 4.192699
 1820.000000 0.314359 3.460768
 1840.000000 0.313470 4.951500
 1860.000000 0.312037 4.733383
 1880.000000 0.312637 4.655694
 1900.000000 0.315694 4.336911
 1920.000000 0.312275 4.758563
 1940.000000 0.324173 7.423429
 1960.000000 0.324663 8.260087
 1980.000000 0.316660 4.476939
 2000.000000 0.328680 9.779208
