#! FIELDS time refcv.mean refcv.morethan
 200.000000 0.691569 280.388455
 220.000000 0.694633 280.596707
 240.000000 0.693241 280.411874
 260.000000 0.676453 278.300973
 280.000000 0.697717 281.273845
 300.000000 0.691953 280.840664
 320.000000 0.700235 281.388067
 340.000000 0.680237 278.595220
 360.000000 0.686120 279.777495
 380.000000 0.696529 280.660030
 400.000000 0.701620 281.581946
 420.000000 0.694689 280.758192
 440.000000 0.696770 280.289408
 460.000000 0.677877 277.381122
 480.000000 0.699358 281.318390
 500.000000 0.684893 279.420156
 520.000000 0.693294 280.541855
 540.000000 0.683192 277.943332
 560.000000 0.700926 281.139083
 580.000000 0.682492 278.609811
 600.000000 0.693880 280.639536
 620.000000 0.686696 279.357032
 640.000000 0.685910 278.934398
 660.000000 0.688737 280.151241
 680.000000 0.679253 278.486580
 700.000000 0.686386 278.649323
 720.000000 0.696334 280.923812
 740.000000 0.697597 281.320436
 760.000000 0.695642 281.020708
 780.000000 0.704225 281.642279
 800.000000 0.702228 281.394465
 820.000000 0.698339 280.771161
 840.000000 0.696702 281.179514
 860.000000 0.706851 281.951968
 880.000000 0.690126 279.951172
 900.000000 0.706362 281.463932
 920.000000 0.692054 280.440884
 940.000000 0.690210 280.270332
 960.000000 0.695276 280.755959
 980.000000 0.693142 280.078438
 1000.000000 0.686874 279.290972
 1020.000000 0.698337 281.091279
 1040.000000 0.689709 279.746954
 1060.000000 0.691737 280.730963
 1080.000000 0.705420 282.010391
 1100.000000 0.694439 281.007116
 1120.000000 0.668572 276.220851
 1140.000000 0.685784 279.909260
 1160.000000 0.686098 279.454882
 1180.000000 0.683897 278.934796
 1200.000000 0.682211 278.482076
 1220.000000 0.696216 280.126842
 1240.000000 0.699178 281.143419
 1260.000000 0.694474 280.441587
 1280.000000 0.687299 279.961729
 1300.000000 0.689654 280.217022
 1320.000000 0.697234 281.441671
 1340.000000 0.708854 282.520983
 1360.000000 0.692875 280.419572
 1380.000000 0.689659 279.228661
 1400.000000 0.698841 280.916107
 1420.000000 0.707613 282.436418
 1440.000000 0.703617 281.840975
 1460.000000 0.697000 281.174639
 1480.000000 0.693169 281.088945
 1500.000000 0.691704 280.349799
 1520.000000 0.708191 282.283087
 1540.000000 0.697373 281.004897
 1560.000000 0.710867 282.734103
 1580.000000 0.711111 282.577300
 1600.000000 0.684570 279.163975
 1620.000000 0.690347 280.266370
 1640.000000 0.696021 280.822732
 1660.000000 0.690757 279.454477
 1680.000000 0.683710 279.225259
 1700.000000 0.696442 280.168687
 1720.000000 0.696669 280.994129
 1740.000000 0.686347 279.183303
 1760.000000 0.692117 280.301576
 1780.000000 0.694802 280.970265
 1800.000000 0.702439 281.997385
 1820.000000 0.704595 282.257755
 1840.000000 0.700047 281.595375
 1860.000000 0.697741 281.507401
 1880.000000 0.697202 281.069103
 1900.000000 0.699437 281.218534
 1920.000000 0.705209 281.954073
 1940.000000 0.708777 282.208233
 1960.000000 0.703026 281.063636
 1980.000000 0.704900 281.901072
 2000.000000 0.720353 282.933500
