#! FIELDS time refcv.mean refcv.morethan
 200.000000 0.584438 239.154872
 220.000000 0.588358 242.190243
 240.000000 0.587175 241.248621
 260.000000 0.571657 229.727458
 280.000000 0.591560 244.924247
 300.000000 0.583868 240.313029
 320.000000 0.593252 244.735471
 340.000000 0.576024 231.400047
 360.000000 0.579576 236.088351
 380.000000 0.589032 241.587543
 400.000000 0.594251 246.459565
 420.000000 0.587559 241.994685
 440.000000 0.589954 240.947241
 460.000000 0.572526 227.495300
 480.000000 0.591260 244.119991
 500.000000 0.579375 235.081300
 520.000000 0.586788 240.233208
 540.000000 0.578591 232.230715
 560.000000 0.594122 245.906664
 580.000000 0.577893 233.484433
 600.000000 0.586745 240.881755
 620.000000 0.580961 235.452068
 640.000000 0.579598 233.932723
 660.000000 0.582146 238.471833
 680.000000 0.574929 231.165369
 700.000000 0.581578 233.997317
 720.000000 0.589456 242.033165
 740.000000 0.590487 244.384258
 760.000000 0.588980 243.264026
 780.000000 0.597510 247.613323
 800.000000 0.594113 245.229527
 820.000000 0.590376 242.662695
 840.000000 0.589980 244.339794
 860.000000 0.598280 248.836619
 880.000000 0.584689 238.737481
 900.000000 0.600218 246.962614
 920.000000 0.585483 240.125210
 940.000000 0.585134 239.557202
 960.000000 0.587857 241.579197
 980.000000 0.585931 239.457898
 1000.000000 0.581593 235.329891
 1020.000000 0.592198 244.505722
 1040.000000 0.583169 237.566016
 1060.000000 0.585850 241.889740
 1080.000000 0.597234 247.994160
 1100.000000 0.587493 242.617641
 1120.000000 0.562397 221.114036
 1140.000000 0.580849 237.625614
 1160.000000 0.578953 234.615253
 1180.000000 0.578466 233.393938
 1200.000000 0.575569 230.542225
 1220.000000 0.590026 240.875413
 1240.000000 0.591374 243.701364
 1260.000000 0.587467 240.685377
 1280.000000 0.579892 237.032190
 1300.000000 0.580705 238.135515
 1320.000000 0.589426 244.964623
 1340.000000 0.600725 251.889534
 1360.000000 0.584606 239.472175
 1380.000000 0.583552 236.935110
 1400.000000 0.592203 243.829322
 1420.000000 0.599675 250.509302
 1440.000000 0.594604 247.488167
 1460.000000 0.589197 243.166666
 1480.000000 0.585700 242.578979
 1500.000000 0.585440 239.593969
 1520.000000 0.599634 249.867207
 1540.000000 0.589720 243.060783
 1560.000000 0.601665 251.978068
 1580.000000 0.600766 251.193588
 1600.000000 0.579634 234.505611
 1620.000000 0.583671 239.188155
 1640.000000 0.589037 242.636013
 1660.000000 0.585742 237.672876
 1680.000000 0.576758 233.161663
 1700.000000 0.589400 239.574716
 1720.000000 0.587084 241.721101
 1740.000000 0.580622 235.463515
 1760.000000 0.585661 239.643162
 1780.000000 0.587569 242.901804
 1800.000000 0.594851 248.469549
 1820.000000 0.596385 249.393522
 1840.000000 0.592550 245.761249
 1860.000000 0.590351 244.713634
 1880.000000 0.590646 243.564129
 1900.000000 0.592843 245.136728
 1920.000000 0.595913 247.759654
 1940.000000 0.601954 250.548343
 1960.000000 0.598087 245.450807
 1980.000000 0.596990 248.189606
 2000.000000 0.612197 254.721499
