#! FIELDS time refcv.mean refcv.morethan
 20.000000 0.244335 0.308741
 25.000000 0.239606 0.260620
 30.000000 0.242830 0.285543
 35.000000 0.256237 1.127937
 40.000000 0.247954 0.297167
 45.000000 0.249348 0.380242
 50.000000 0.251127 0.393298
 55.000000 0.247817 0.411011
 60.000000 0.249395 0.867913
 65.000000 0.250844 0.951999
 70.000000 0.246266 0.332634
 75.000000 0.247315 1.050752
 80.000000 0.242005 0.324799
 85.000000 0.237742 0.150966
 90.000000 0.244584 0.248208
 95.000000 0.243128 0.355783
 100.000000 0.250992 0.564892
 105.000000 0.244154 0.249924
 110.000000 0.246798 0.382893
 115.000000 0.242139 0.255239
 120.000000 0.250582 0.512207
 125.000000 0.248093 0.434998
 130.000000 0.251553 0.330464
 135.000000 0.252174 0.457993
 140.000000 0.251124 0.337437
 145.000000 0.242832 0.340455
 150.000000 0.251515 0.406341
 155.000000 0.256617 0.505278
 160.000000 0.249350 0.432329
 165.000000 0.248766 0.378099
 170.000000 0.248827 0.505617
 175.000000 0.255987 0.615561
 180.000000 0.257846 0.631632
 185.000000 0.251069 0.504600
 190.000000 0.254878 0.471927
 195.000000 0.256594 1.976578
 200.000000 0.252965 1.595186
 205.000000 0.251121 0.375624
 210.000000 0.249195 0.523446
 215.000000 0.244907 0.582586
 220.000000 0.250167 0.402016
 225.000000 0.246570 0.476986
 230.000000 0.249806 0.701428
 235.000000 0.248425 0.272829
 240.000000 0.255103 0.811164
 245.000000 0.244332 0.825471
 250.000000 0.253062 0.425310
 255.000000 0.247008 0.429990
 260.000000 0.251787 0.490412
 265.000000 0.251138 0.441454
 270.000000 0.249750 0.695429
 275.000000 0.245686 0.519361
 280.000000 0.248146 0.400222
 285.000000 0.243395 0.365207
 290.000000 0.254390 0.386080
 295.000000 0.248602 0.420759
 300.000000 0.250701 0.330208
 305.000000 0.247446 0.496254
 310.000000 0.245817 0.485272
 315.000000 0.250832 0.407829
 320.000000 0.249629 0.492128
 325.000000 0.257427 0.955635
 330.000000 0.248220 0.350202
 335.000000 0.250209 0.423223
 340.000000 0.257075 0.897309
 345.000000 0.248737 0.886067
 350.000000 0.250775 0.477680
 355.000000 0.250923 1.128721
 360.000000 0.247518 0.354788
 365.000000 0.255651 0.529235
 370.000000 0.243884 0.211510
 375.000000 0.243518 0.311933
 380.000000 0.248618 0.237677
 385.000000 0.246734 0.466583
 390.000000 0.249824 0.636252
 395.000000 0.250916 0.383824
 400.000000 0.245143 0.271769
 405.000000 0.254810 0.807091
 410.000000 0.249212 0.307117
 415.000000 0.249430 0.448530
 420.000000 0.248927 0.373161
 425.000000 0.249381 0.370634
 430.000000 0.247492 0.267555
 435.000000 0.248496 0.512749
 440.000000 0.249561 0.268626
 445.000000 0.256402 0.495864
 450.000000 0.266482 1.612904
 455.000000 0.261189 1.137013
 460.000000 0.258651 0.904802
 465.000000 0.259498 0.912077
 470.000000 0.254666 0.634033
 475.000000 0.252990 0.646809
 480.000000 0.243479 0.244420
 485.000000 0.250572 0.548937
 490.000000 0.245085 0.408547
 495.000000 0.244625 0.350332
 500.000000 0.249265 0.551583
 505.000000 0.249707 0.517167
 510.000000 0.251000 0.601261
 515.000000 0.249118 0.442127
 520.000000 0.243611 0.237879
 525.000000 0.247416 0.255021
 530.000000 0.246042 0.670413
 535.000000 0.246938 0.604421
 540.000000 0.248596 0.433556
 545.000000 0.249494 1.027765
 550.000000 0.255783 1.625405
 555.000000 0.256893 2.009876
 560.000000 0.246120 0.428652
 565.000000 0.243589 0.322026
 570.000000 0.245591 0.357864
 575.000000 0.252684 0.516390
 580.000000 0.248092 0.346797
 585.000000 0.251435 0.426131
 590.000000 0.248165 0.500296
 595.000000 0.250168 0.360242
 600.000000 0.248785 0.443547
 605.000000 0.250150 0.400143
 610.000000 0.252183 0.825746
 615.000000 0.247430 0.248801
 620.000000 0.244547 0.273085
 625.000000 0.238684 0.272563
 630.000000 0.239620 0.208241
 635.000000 0.246974 0.390814
 640.000000 0.245369 0.379981
 645.000000 0.248728 0.508729
 650.000000 0.249179 0.423266
 655.000000 0.243930 0.373705
 660.000000 0.243945 0.213889
 665.000000 0.249152 0.442953
 670.000000 0.250490 0.670834
 675.000000 0.242000 0.538467
 680.000000 0.243133 0.399396
 685.000000 0.243075 0.521050
 690.000000 0.246625 0.432040
 695.000000 0.237799 0.231237
 700.000000 0.241330 0.244332
 705.000000 0.247096 0.239930
 710.000000 0.242978 0.495768
 715.000000 0.247225 0.569495
 720.000000 0.248085 0.380998
 725.000000 0.249198 0.356649
 730.000000 0.252346 0.535813
 735.000000 0.250411 0.744970
 740.000000 0.242935 0.468987
 745.000000 0.249518 0.273295
 750.000000 0.252161 0.348891
 755.000000 0.251630 0.691578
 760.000000 0.252131 0.451838
 765.000000 0.254017 0.482775
 770.000000 0.253687 0.464350
 775.000000 0.247174 0.354434
 780.000000 0.246097 0.218907
 785.000000 0.242917 0.213051
 790.000000 0.246916 0.387107
 795.000000 0.248140 0.269437
 800.000000 0.252037 1.086808
 805.000000 0.249848 0.420324
 810.000000 0.247948 0.356095
 815.000000 0.249758 0.336393
 820.000000 0.251891 0.374430
 825.000000 0.254299 1.067823
 830.000000 0.254639 0.699443
 835.000000 0.253062 0.474719
 840.000000 0.248500 0.348767
 845.000000 0.244031 0.343530
 850.000000 0.251470 0.446721
 855.000000 0.245337 0.278943
 860.000000 0.245601 0.281512
 865.000000 0.253623 1.213895
 870.000000 0.257547 0.605458
 875.000000 0.255610 0.541865
 880.000000 0.256501 0.775212
 885.000000 0.259429 0.742858
 890.000000 0.246602 0.257272
 895.000000 0.254307 0.358874
 900.000000 0.248783 0.746497
 905.000000 0.241948 0.298847
 910.000000 0.247571 0.284401
 915.000000 0.246211 0.423050
 920.000000 0.248132 0.550163
 925.000000 0.254111 0.717266
 930.000000 0.256398 0.428779
 935.000000 0.254708 0.603029
 940.000000 0.250044 0.387549
 945.000000 0.254891 0.447834
 950.000000 0.251924 0.381934
 955.000000 0.246310 0.419375
 960.000000 0.246713 0.212585
 965.000000 0.244530 0.302834
 970.000000 0.247965 0.312348
 975.000000 0.256878 0.408885
 980.000000 0.251868 0.388182
 985.000000 0.250117 0.600903
 990.000000 0.248821 0.364868
 995.000000 0.251186 0.354640
 1000.000000 0.250799 0.312241
