#! FIELDS time refcv.mean refcv.morethan
 20.000000 1.719409 287.999881
 25.000000 1.734476 287.999899
 30.000000 1.727300 287.999889
 35.000000 1.737573 287.999904
 40.000000 1.760548 287.999916
 45.000000 1.741106 287.999904
 50.000000 1.744794 287.999903
 55.000000 1.755752 287.999913
 60.000000 1.733915 287.999899
 65.000000 1.744785 287.999906
 70.000000 1.741664 287.999905
 75.000000 1.752099 287.999912
 80.000000 1.743742 287.999904
 85.000000 1.735412 287.999900
 90.000000 1.743666 287.999903
 95.000000 1.737744 287.999902
 100.000000 1.745573 287.999903
 105.000000 1.739520 287.999902
 110.000000 1.728952 287.999895
 115.000000 1.750677 287.999908
 120.000000 1.731509 287.999896
 125.000000 1.758574 287.999913
 130.000000 1.773488 287.999922
 135.000000 1.772667 287.999921
 140.000000 1.743690 287.999905
 145.000000 1.762495 287.999917
 150.000000 1.769657 287.999921
 155.000000 1.779961 287.999928
 160.000000 1.771145 287.999922
 165.000000 1.738529 287.999903
 170.000000 1.730428 287.999896
 175.000000 1.770139 287.999923
 180.000000 1.763231 287.999917
 185.000000 1.757006 287.999915
 190.000000 1.780119 287.999927
 195.000000 1.781454 287.999924
 200.000000 1.752400 287.999912
 205.000000 1.752051 287.999911
 210.000000 1.763119 287.999917
 215.000000 1.737044 287.999897
 220.000000 1.751483 287.999905
 225.000000 1.736753 287.999900
 230.000000 1.740887 287.999903
 235.000000 1.763591 287.999916
 240.000000 1.768231 287.999919
 245.000000 1.732144 287.999897
 250.000000 1.758687 287.999916
 255.000000 1.748051 287.999911
 260.000000 1.755248 287.999912
 265.000000 1.751872 287.999909
 270.000000 1.752737 287.999910
 275.000000 1.743225 287.999903
 280.000000 1.734415 287.999897
 285.000000 1.724917 287.999891
 290.000000 1.769180 287.999919
 295.000000 1.759395 287.999912
 300.000000 1.730487 287.999893
 305.000000 1.715896 287.999884
 310.000000 1.735012 287.999899
 315.000000 1.768592 287.999921
 320.000000 1.748439 287.999906
 325.000000 1.784747 287.999930
 330.000000 1.724299 287.999893
 335.000000 1.740653 287.999903
 340.000000 1.756522 287.999913
 345.000000 1.762153 287.999917
 350.000000 1.755949 287.999913
 355.000000 1.747169 287.999904
 360.000000 1.774119 287.999922
 365.000000 1.763164 287.999916
 370.000000 1.760696 287.999914
 375.000000 1.737230 287.999900
 380.000000 1.769258 287.999920
 385.000000 1.719008 287.999885
 390.000000 1.760436 287.999916
 395.000000 1.731627 287.999899
 400.000000 1.741658 287.999904
 405.000000 1.703852 287.999873
 410.000000 1.727066 287.999893
 415.000000 1.725768 287.999895
 420.000000 1.748001 287.999907
 425.000000 1.758979 287.999916
 430.000000 1.756960 287.999914
 435.000000 1.721525 287.999889
 440.000000 1.762923 287.999918
 445.000000 1.783782 287.999928
 450.000000 1.772197 287.999922
 455.000000 1.787477 287.999930
 460.000000 1.784481 287.999930
 465.000000 1.780670 287.999928
 470.000000 1.762275 287.999917
 475.000000 1.754072 287.999908
 480.000000 1.754846 287.999912
 485.000000 1.747328 287.999909
 490.000000 1.750676 287.999909
 495.000000 1.741972 287.999905
 500.000000 1.766443 287.999919
 505.000000 1.747312 287.999907
 510.000000 1.777723 287.999926
 515.000000 1.766739 287.999919
 520.000000 1.757493 287.999914
 525.000000 1.775242 287.999924
 530.000000 1.742609 287.999903
 535.000000 1.762214 287.999911
 540.000000 1.747534 287.999906
 545.000000 1.744968 287.999900
 550.000000 1.742883 287.999905
 555.000000 1.736402 287.999901
 560.000000 1.735073 287.999899
 565.000000 1.743756 287.999906
 570.000000 1.733460 287.999898
 575.000000 1.735685 287.999901
 580.000000 1.724748 287.999893
 585.000000 1.750173 287.999911
 590.000000 1.731830 287.999891
 595.000000 1.768930 287.999922
 600.000000 1.748842 287.999906
 605.000000 1.751853 287.999910
 610.000000 1.755139 287.999913
 615.000000 1.772074 287.999919
 620.000000 1.728205 287.999893
 625.000000 1.728759 287.999890
 630.000000 1.739746 287.999901
 635.000000 1.755179 287.999912
 640.000000 1.718086 287.999882
 645.000000 1.736406 287.999896
 650.000000 1.748540 287.999907
 655.000000 1.733523 287.999899
 660.000000 1.750940 287.999910
 665.000000 1.753565 287.999912
 670.000000 1.763896 287.999916
 675.000000 1.742530 287.999903
 680.000000 1.750513 287.999912
 685.000000 1.730607 287.999896
 690.000000 1.742051 287.999902
 695.000000 1.752739 287.999912
 700.000000 1.741200 287.999904
 705.000000 1.743101 287.999905
 710.000000 1.746328 287.999906
 715.000000 1.740368 287.999903
 720.000000 1.760573 287.999917
 725.000000 1.751983 287.999910
 730.000000 1.750256 287.999909
 735.000000 1.769833 287.999919
 740.000000 1.753737 287.999912
 745.000000 1.793084 287.999933
 750.000000 1.789309 287.999930
 755.000000 1.747205 287.999908
 760.000000 1.763142 287.999918
 765.000000 1.761451 287.999915
 770.000000 1.741993 287.999903
 775.000000 1.748065 287.999906
 780.000000 1.766210 287.999918
 785.000000 1.762042 287.999918
 790.000000 1.738533 287.999901
 795.000000 1.761937 287.999917
 800.000000 1.775136 287.999924
 805.000000 1.761670 287.999918
 810.000000 1.759897 287.999916
 815.000000 1.778633 287.999926
 820.000000 1.788500 287.999932
 825.000000 1.780174 287.999928
 830.000000 1.779833 287.999927
 835.000000 1.752834 287.999912
 840.000000 1.749599 287.999910
 845.000000 1.765612 287.999918
 850.000000 1.774540 287.999925
 855.000000 1.751540 287.999909
 860.000000 1.773225 287.999921
 865.000000 1.781989 287.999925
 870.000000 1.779014 287.999926
 875.000000 1.791048 287.999933
 880.000000 1.785946 287.999929
 885.000000 1.802120 287.999936
 890.000000 1.774384 287.999924
 895.000000 1.787427 287.999930
 900.000000 1.753921 287.999911
 905.000000 1.750092 287.999908
 910.000000 1.774711 287.999920
 915.000000 1.777291 287.999925
 920.000000 1.791727 287.999933
 925.000000 1.786366 287.999930
 930.000000 1.783898 287.999927
 935.000000 1.785452 287.999930
 940.000000 1.770309 287.999921
 945.000000 1.762983 287.999916
 950.000000 1.769794 287.999919
 955.000000 1.768868 287.999922
 960.000000 1.777071 287.999925
 965.000000 1.752699 287.999911
 970.000000 1.774589 287.999922
 975.000000 1.785996 287.999928
 980.000000 1.796882 287.999935
 985.000000 1.777934 287.999927
 990.000000 1.778496 287.999925
 995.000000 1.773081 287.999923
 1000.000000 1.792169 287.999931
