#! FIELDS time refcv.mean refcv.morethan
 20.000000 0.872195 287.549034
 25.000000 0.877922 287.626823
 30.000000 0.876473 287.600802
 35.000000 0.885522 287.665900
 40.000000 0.893860 287.695593
 45.000000 0.887063 287.673255
 50.000000 0.888271 287.656170
 55.000000 0.891849 287.684990
 60.000000 0.881111 287.636283
 65.000000 0.888564 287.671140
 70.000000 0.882897 287.645679
 75.000000 0.888019 287.672195
 80.000000 0.881946 287.632063
 85.000000 0.879370 287.629723
 90.000000 0.884510 287.641183
 95.000000 0.882463 287.641185
 100.000000 0.887831 287.651009
 105.000000 0.882249 287.647566
 110.000000 0.878577 287.629365
 115.000000 0.887684 287.666082
 120.000000 0.883419 287.645906
 125.000000 0.891961 287.678248
 130.000000 0.901136 287.722275
 135.000000 0.901658 287.724268
 140.000000 0.887206 287.671547
 145.000000 0.891930 287.691162
 150.000000 0.898479 287.715378
 155.000000 0.903859 287.740260
 160.000000 0.896904 287.714793
 165.000000 0.883146 287.653533
 170.000000 0.878829 287.625858
 175.000000 0.900692 287.729069
 180.000000 0.897012 287.702008
 185.000000 0.891664 287.690397
 190.000000 0.904320 287.739986
 195.000000 0.903786 287.724002
 200.000000 0.892180 287.684399
 205.000000 0.891129 287.689182
 210.000000 0.894655 287.698251
 215.000000 0.881987 287.634346
 220.000000 0.889231 287.663991
 225.000000 0.881061 287.631754
 230.000000 0.885787 287.647593
 235.000000 0.894898 287.697833
 240.000000 0.899188 287.707963
 245.000000 0.879543 287.622893
 250.000000 0.894312 287.700885
 255.000000 0.887786 287.682439
 260.000000 0.890939 287.683250
 265.000000 0.888860 287.664780
 270.000000 0.887886 287.663515
 275.000000 0.884577 287.644353
 280.000000 0.881340 287.626697
 285.000000 0.874327 287.590665
 290.000000 0.900670 287.717271
 295.000000 0.891160 287.673796
 300.000000 0.880049 287.606029
 305.000000 0.873396 287.595616
 310.000000 0.881242 287.638727
 315.000000 0.896403 287.712008
 320.000000 0.887774 287.658372
 325.000000 0.905726 287.744232
 330.000000 0.876874 287.617383
 335.000000 0.887440 287.658890
 340.000000 0.894480 287.695236
 345.000000 0.893396 287.692088
 350.000000 0.892149 287.687089
 355.000000 0.885888 287.644542
 360.000000 0.897343 287.708668
 365.000000 0.896654 287.703949
 370.000000 0.889358 287.672607
 375.000000 0.881385 287.637585
 380.000000 0.894130 287.700897
 385.000000 0.874488 287.592360
 390.000000 0.892865 287.696621
 395.000000 0.881288 287.644018
 400.000000 0.882566 287.644945
 405.000000 0.869345 287.567170
 410.000000 0.878903 287.630912
 415.000000 0.879082 287.632651
 420.000000 0.886372 287.657688
 425.000000 0.892297 287.692174
 430.000000 0.890619 287.689369
 435.000000 0.875633 287.602405
 440.000000 0.894311 287.704499
 445.000000 0.904247 287.740208
 450.000000 0.904160 287.728604
 455.000000 0.907404 287.747543
 460.000000 0.907229 287.754480
 465.000000 0.905100 287.745647
 470.000000 0.896085 287.709575
 475.000000 0.890634 287.669738
 480.000000 0.887389 287.664430
 485.000000 0.887048 287.668579
 490.000000 0.886921 287.660025
 495.000000 0.881377 287.639063
 500.000000 0.894685 287.696991
 505.000000 0.886315 287.665668
 510.000000 0.900599 287.728736
 515.000000 0.893954 287.696241
 520.000000 0.888880 287.675748
 525.000000 0.898698 287.723611
 530.000000 0.883340 287.641978
 535.000000 0.893588 287.666807
 540.000000 0.887997 287.654154
 545.000000 0.886434 287.628341
 550.000000 0.888863 287.665250
 555.000000 0.884787 287.645999
 560.000000 0.880962 287.633913
 565.000000 0.883176 287.649818
 570.000000 0.879124 287.624527
 575.000000 0.884963 287.661670
 580.000000 0.878060 287.625035
 585.000000 0.889766 287.686767
 590.000000 0.878998 287.601131
 595.000000 0.894910 287.708679
 600.000000 0.888443 287.661230
 605.000000 0.890957 287.681018
 610.000000 0.893927 287.697257
 615.000000 0.898408 287.704323
 620.000000 0.878166 287.618046
 625.000000 0.875215 287.586708
 630.000000 0.880382 287.628690
 635.000000 0.889884 287.671832
 640.000000 0.873544 287.553929
 645.000000 0.882091 287.619879
 650.000000 0.888029 287.663775
 655.000000 0.880008 287.628954
 660.000000 0.886551 287.664120
 665.000000 0.889428 287.679850
 670.000000 0.895458 287.697537
 675.000000 0.882598 287.640006
 680.000000 0.887238 287.675765
 685.000000 0.878431 287.623942
 690.000000 0.883402 287.634648
 695.000000 0.885225 287.662625
 700.000000 0.880480 287.638641
 705.000000 0.884444 287.655455
 710.000000 0.881703 287.637603
 715.000000 0.883816 287.644773
 720.000000 0.891797 287.690553
 725.000000 0.888537 287.672383
 730.000000 0.888321 287.669527
 735.000000 0.896482 287.696836
 740.000000 0.887864 287.670138
 745.000000 0.906031 287.750696
 750.000000 0.903601 287.738367
 755.000000 0.888520 287.666208
 760.000000 0.896202 287.702540
 765.000000 0.896474 287.694414
 770.000000 0.885940 287.654959
 775.000000 0.887412 287.652370
 780.000000 0.893327 287.695533
 785.000000 0.891248 287.689221
 790.000000 0.882890 287.641241
 795.000000 0.892922 287.697999
 800.000000 0.900302 287.717315
 805.000000 0.893563 287.701329
 810.000000 0.891296 287.692156
 815.000000 0.900222 287.725855
 820.000000 0.905600 287.749588
 825.000000 0.903600 287.742614
 830.000000 0.903401 287.733723
 835.000000 0.891492 287.681572
 840.000000 0.888467 287.678317
 845.000000 0.893951 287.696732
 850.000000 0.901342 287.726498
 855.000000 0.888166 287.665514
 860.000000 0.897967 287.703180
 865.000000 0.903180 287.723240
 870.000000 0.902640 287.723786
 875.000000 0.907377 287.751184
 880.000000 0.905455 287.736259
 885.000000 0.914035 287.770161
 890.000000 0.897237 287.710739
 895.000000 0.906448 287.746662
 900.000000 0.888653 287.662523
 905.000000 0.886394 287.656692
 910.000000 0.899214 287.704983
 915.000000 0.898524 287.719165
 920.000000 0.905438 287.743746
 925.000000 0.906633 287.746071
 930.000000 0.907386 287.747867
 935.000000 0.906100 287.747238
 940.000000 0.896923 287.705767
 945.000000 0.895363 287.700905
 950.000000 0.897214 287.701863
 955.000000 0.894149 287.704290
 960.000000 0.899379 287.722720
 965.000000 0.888431 287.677681
 970.000000 0.899067 287.715147
 975.000000 0.905492 287.737871
 980.000000 0.909191 287.759605
 985.000000 0.900887 287.731125
 990.000000 0.900884 287.724978
 995.000000 0.900750 287.725639
 1000.000000 0.906777 287.738080
