#! FIELDS time refcv.mean refcv.morethan
 20.000000 0.332371 5.515351
 25.000000 0.328730 4.572456
 30.000000 0.332410 5.392225
 35.000000 0.345843 9.724592
 40.000000 0.339320 6.224376
 45.000000 0.340508 6.636950
 50.000000 0.342000 7.103807
 55.000000 0.338578 6.310409
 60.000000 0.338470 7.509155
 65.000000 0.341068 9.151128
 70.000000 0.335156 5.677290
 75.000000 0.337057 7.511229
 80.000000 0.331498 5.610820
 85.000000 0.328372 3.942121
 90.000000 0.335382 5.314533
 95.000000 0.334355 5.931870
 100.000000 0.341057 8.698389
 105.000000 0.334256 5.195220
 110.000000 0.335988 5.797311
 115.000000 0.333870 5.383984
 120.000000 0.341002 7.941842
 125.000000 0.338387 6.957822
 130.000000 0.343569 7.013468
 135.000000 0.344402 8.042937
 140.000000 0.341644 6.340104
 145.000000 0.334535 5.890598
 150.000000 0.343516 7.109282
 155.000000 0.348833 8.532018
 160.000000 0.340576 6.592135
 165.000000 0.338782 6.449768
 170.000000 0.338244 6.478854
 175.000000 0.347895 9.239115
 180.000000 0.349032 9.960484
 185.000000 0.341589 7.564934
 190.000000 0.347181 8.558225
 195.000000 0.348413 12.079616
 200.000000 0.344087 11.348845
 205.000000 0.342374 7.247276
 210.000000 0.340532 8.269869
 215.000000 0.334916 6.632108
 220.000000 0.340824 6.945267
 225.000000 0.335669 6.713800
 230.000000 0.340489 8.982379
 235.000000 0.339894 6.050893
 240.000000 0.347143 9.972081
 245.000000 0.334413 7.075545
 250.000000 0.344407 7.843471
 255.000000 0.337259 6.335364
 260.000000 0.342884 7.576481
 265.000000 0.341567 7.237998
 270.000000 0.340020 8.090104
 275.000000 0.335879 7.119062
 280.000000 0.337481 6.783134
 285.000000 0.332007 6.103427
 290.000000 0.346540 7.827528
 295.000000 0.339125 6.672995
 300.000000 0.339990 6.681593
 305.000000 0.336407 7.335846
 310.000000 0.335845 7.031377
 315.000000 0.341385 6.908930
 320.000000 0.340190 7.628778
 325.000000 0.349012 10.303599
 330.000000 0.336952 6.106157
 335.000000 0.341483 7.815667
 340.000000 0.347004 9.994874
 345.000000 0.339682 8.837835
 350.000000 0.341297 7.766717
 355.000000 0.340342 9.280625
 360.000000 0.338868 6.416365
 365.000000 0.346364 8.474827
 370.000000 0.334463 4.946422
 375.000000 0.334010 5.848148
 380.000000 0.339092 5.389176
 385.000000 0.336173 6.660161
 390.000000 0.340953 7.017427
 395.000000 0.340341 6.898016
 400.000000 0.335497 5.509312
 405.000000 0.342246 8.516201
 410.000000 0.337979 5.811862
 415.000000 0.338405 6.783997
 420.000000 0.338825 6.407737
 425.000000 0.340127 6.497684
 430.000000 0.337878 5.539351
 435.000000 0.337726 7.445623
 440.000000 0.340989 6.167291
 445.000000 0.347928 8.323040
 450.000000 0.357991 14.686541
 455.000000 0.353066 10.906368
 460.000000 0.350493 10.132610
 465.000000 0.351008 10.922360
 470.000000 0.345908 8.246955
 475.000000 0.343190 8.837822
 480.000000 0.334014 5.212745
 485.000000 0.341042 7.390241
 490.000000 0.335647 6.651703
 495.000000 0.333317 5.870854
 500.000000 0.339885 7.680941
 505.000000 0.339556 6.657196
 510.000000 0.342539 8.376292
 515.000000 0.339923 7.466146
 520.000000 0.334644 5.166784
 525.000000 0.339372 5.560073
 530.000000 0.334914 7.655328
 535.000000 0.338562 7.469530
 540.000000 0.339513 7.279177
 545.000000 0.339559 9.693818
 550.000000 0.346295 11.693982
 555.000000 0.346435 12.755071
 560.000000 0.335542 6.518899
 565.000000 0.333108 5.742414
 570.000000 0.334524 5.773498
 575.000000 0.342352 7.462177
 580.000000 0.337858 6.082763
 585.000000 0.341143 7.088303
 590.000000 0.337305 7.145609
 595.000000 0.340246 6.097466
 600.000000 0.339099 7.347855
 605.000000 0.341546 7.306727
 610.000000 0.343554 9.040031
 615.000000 0.339735 5.905638
 620.000000 0.334697 5.351329
 625.000000 0.328030 4.842859
 630.000000 0.329660 4.475462
 635.000000 0.337683 7.128516
 640.000000 0.334828 6.781514
 645.000000 0.337705 7.183909
 650.000000 0.338878 6.962392
 655.000000 0.333950 6.443376
 660.000000 0.334558 5.048825
 665.000000 0.339424 6.966621
 670.000000 0.341944 8.290054
 675.000000 0.332042 6.288817
 680.000000 0.333152 6.052517
 685.000000 0.332677 5.958746
 690.000000 0.336849 6.642059
 695.000000 0.328515 4.682729
 700.000000 0.331043 4.576618
 705.000000 0.336958 5.391508
 710.000000 0.331495 6.579697
 715.000000 0.337323 7.437892
 720.000000 0.338948 6.815253
 725.000000 0.339799 6.440514
 730.000000 0.342618 8.043869
 735.000000 0.340972 8.873950
 740.000000 0.333770 5.705382
 745.000000 0.341372 5.937287
 750.000000 0.343453 6.639865
 755.000000 0.342170 8.884553
 760.000000 0.343729 7.925836
 765.000000 0.345547 8.694593
 770.000000 0.343273 7.993328
 775.000000 0.337435 6.341156
 780.000000 0.336606 5.054093
 785.000000 0.334236 5.203696
 790.000000 0.337340 6.422692
 795.000000 0.339103 5.806322
 800.000000 0.343735 9.021379
 805.000000 0.340198 6.571553
 810.000000 0.338822 6.633599
 815.000000 0.341750 6.783810
 820.000000 0.344113 6.923073
 825.000000 0.346542 9.468775
 830.000000 0.346570 8.868190
 835.000000 0.344094 7.982236
 840.000000 0.339491 6.556156
 845.000000 0.335745 6.091209
 850.000000 0.344006 8.108477
 855.000000 0.336043 5.648463
 860.000000 0.337826 6.009303
 865.000000 0.344630 8.762539
 870.000000 0.348908 9.499725
 875.000000 0.347916 8.502255
 880.000000 0.348255 9.920208
 885.000000 0.351714 9.634303
 890.000000 0.338112 5.698804
 895.000000 0.347146 7.769511
 900.000000 0.338508 8.273361
 905.000000 0.333215 5.846646
 910.000000 0.339785 6.182030
 915.000000 0.337208 6.377725
 920.000000 0.340482 7.655223
 925.000000 0.346309 9.023553
 930.000000 0.349140 8.429028
 935.000000 0.347078 8.823315
 940.000000 0.341510 7.180818
 945.000000 0.345960 7.901210
 950.000000 0.342771 7.154943
 955.000000 0.336990 5.575549
 960.000000 0.337862 5.105041
 965.000000 0.335551 5.636521
 970.000000 0.339375 5.899662
 975.000000 0.347419 7.785081
 980.000000 0.344235 7.167634
 985.000000 0.341890 7.560744
 990.000000 0.341127 6.673067
 995.000000 0.343743 7.404981
 1000.000000 0.342486 7.024855
