#! FIELDS time refcv.mean refcv.morethan
 20.000000 0.804116 286.773218
 25.000000 0.808832 286.987941
 30.000000 0.808227 286.929277
 35.000000 0.817364 287.107890
 40.000000 0.824248 287.179585
 45.000000 0.818496 287.129362
 50.000000 0.819634 287.077864
 55.000000 0.822368 287.150328
 60.000000 0.812663 287.019745
 65.000000 0.819711 287.117212
 70.000000 0.813690 287.036972
 75.000000 0.818690 287.113348
 80.000000 0.812617 286.997621
 85.000000 0.810460 286.999582
 90.000000 0.815461 287.031764
 95.000000 0.813760 287.029630
 100.000000 0.819064 287.060396
 105.000000 0.813285 287.049757
 110.000000 0.810248 287.004548
 115.000000 0.818232 287.101993
 120.000000 0.815315 287.054367
 125.000000 0.822126 287.126926
 130.000000 0.831096 287.254496
 135.000000 0.831588 287.258674
 140.000000 0.818570 287.122837
 145.000000 0.821901 287.162746
 150.000000 0.828809 287.235588
 155.000000 0.833917 287.304352
 160.000000 0.826585 287.229574
 165.000000 0.814472 287.069598
 170.000000 0.810648 286.994226
 175.000000 0.831025 287.273906
 180.000000 0.827859 287.201856
 185.000000 0.822184 287.165308
 190.000000 0.834205 287.301435
 195.000000 0.833641 287.258422
 200.000000 0.823350 287.151905
 205.000000 0.822137 287.169421
 210.000000 0.825121 287.186752
 215.000000 0.813209 287.017972
 220.000000 0.820168 287.099616
 225.000000 0.812343 287.003739
 230.000000 0.817383 287.053453
 235.000000 0.825010 287.186013
 240.000000 0.829765 287.216599
 245.000000 0.811029 286.980299
 250.000000 0.824989 287.196075
 255.000000 0.818616 287.145588
 260.000000 0.821771 287.151208
 265.000000 0.819603 287.095674
 270.000000 0.818700 287.092273
 275.000000 0.815400 287.035976
 280.000000 0.812832 286.991999
 285.000000 0.805986 286.889803
 290.000000 0.831084 287.244016
 295.000000 0.821618 287.119322
 300.000000 0.811886 286.935246
 305.000000 0.805906 286.917611
 310.000000 0.812529 287.026673
 315.000000 0.826519 287.224850
 320.000000 0.818730 287.082036
 325.000000 0.835317 287.311007
 330.000000 0.808802 286.970188
 335.000000 0.818868 287.083914
 340.000000 0.825306 287.181383
 345.000000 0.823815 287.164718
 350.000000 0.822741 287.154561
 355.000000 0.816770 287.038669
 360.000000 0.826881 287.209697
 365.000000 0.827212 287.206900
 370.000000 0.819418 287.112142
 375.000000 0.812611 287.024092
 380.000000 0.823996 287.193927
 385.000000 0.806807 286.907139
 390.000000 0.823323 287.184507
 395.000000 0.813080 287.044277
 400.000000 0.813476 287.039699
 405.000000 0.802734 286.851285
 410.000000 0.810706 287.013404
 415.000000 0.810920 287.013864
 420.000000 0.817224 287.076293
 425.000000 0.822639 287.168427
 430.000000 0.821098 287.163804
 435.000000 0.808105 286.935784
 440.000000 0.824540 287.204856
 445.000000 0.833766 287.301435
 450.000000 0.835168 287.279027
 455.000000 0.837314 287.324523
 460.000000 0.836923 287.339944
 465.000000 0.834955 287.318886
 470.000000 0.826717 287.223704
 475.000000 0.821419 287.112282
 480.000000 0.817706 287.089313
 485.000000 0.818214 287.107948
 490.000000 0.817600 287.078071
 495.000000 0.812293 287.020191
 500.000000 0.824899 287.181707
 505.000000 0.817295 287.103109
 510.000000 0.830200 287.267600
 515.000000 0.823944 287.177600
 520.000000 0.819082 287.120539
 525.000000 0.828230 287.256112
 530.000000 0.814254 287.030444
 535.000000 0.823892 287.096311
 540.000000 0.819106 287.066872
 545.000000 0.817668 286.997175
 550.000000 0.820552 287.103354
 555.000000 0.816740 287.047598
 560.000000 0.812405 287.014883
 565.000000 0.813917 287.050619
 570.000000 0.810327 286.985246
 575.000000 0.816730 287.097398
 580.000000 0.810093 286.995610
 585.000000 0.820512 287.157955
 590.000000 0.810680 286.927288
 595.000000 0.824675 287.211847
 600.000000 0.819370 287.086884
 605.000000 0.821927 287.144230
 610.000000 0.824810 287.187457
 615.000000 0.828281 287.204994
 620.000000 0.810020 286.976469
 625.000000 0.806488 286.875219
 630.000000 0.811072 286.988432
 635.000000 0.820371 287.110462
 640.000000 0.805769 286.786825
 645.000000 0.813419 286.971690
 650.000000 0.818863 287.093924
 655.000000 0.811502 286.995862
 660.000000 0.816944 287.089177
 665.000000 0.820185 287.138728
 670.000000 0.825805 287.185831
 675.000000 0.813423 287.023026
 680.000000 0.817648 287.120732
 685.000000 0.809865 286.986579
 690.000000 0.814487 287.012683
 695.000000 0.815271 287.078604
 700.000000 0.811028 287.018623
 705.000000 0.815535 287.072014
 710.000000 0.812176 287.011467
 715.000000 0.814956 287.041385
 720.000000 0.822234 287.165550
 725.000000 0.819482 287.120773
 730.000000 0.819144 287.105817
 735.000000 0.826479 287.179865
 740.000000 0.818120 287.105402
 745.000000 0.834723 287.325163
 750.000000 0.832601 287.294479
 755.000000 0.819650 287.099118
 760.000000 0.826644 287.198868
 765.000000 0.826990 287.176158
 770.000000 0.817422 287.075310
 775.000000 0.818196 287.057600
 780.000000 0.823163 287.175937
 785.000000 0.821383 287.157247
 790.000000 0.814258 287.034084
 795.000000 0.823094 287.185626
 800.000000 0.830099 287.234648
 805.000000 0.823746 287.193610
 810.000000 0.821683 287.170728
 815.000000 0.829918 287.261448
 820.000000 0.834849 287.326110
 825.000000 0.833586 287.311413
 830.000000 0.833245 287.283915
 835.000000 0.822615 287.144281
 840.000000 0.819471 287.135508
 845.000000 0.823856 287.179892
 850.000000 0.831294 287.261966
 855.000000 0.818795 287.097081
 860.000000 0.827852 287.196510
 865.000000 0.832466 287.251660
 870.000000 0.832438 287.251309
 875.000000 0.836615 287.329036
 880.000000 0.835098 287.287369
 885.000000 0.843114 287.384003
 890.000000 0.826863 287.214673
 895.000000 0.835987 287.319418
 900.000000 0.819237 287.082766
 905.000000 0.817040 287.069297
 910.000000 0.829027 287.206093
 915.000000 0.827856 287.238116
 920.000000 0.834353 287.304109
 925.000000 0.836022 287.314185
 930.000000 0.837288 287.329074
 935.000000 0.835509 287.318885
 940.000000 0.826956 287.206336
 945.000000 0.825911 287.199310
 950.000000 0.827265 287.194722
 955.000000 0.823841 287.197568
 960.000000 0.828607 287.248256
 965.000000 0.818911 287.130921
 970.000000 0.828391 287.228519
 975.000000 0.835009 287.295071
 980.000000 0.837894 287.350151
 985.000000 0.830492 287.274131
 990.000000 0.830447 287.257669
 995.000000 0.830870 287.263585
 1000.000000 0.835638 287.288093
