#! FIELDS time refcv.mean refcv.morethan
 20.000000 0.271726 0.825702
 25.000000 0.267264 0.686290
 30.000000 0.270763 0.786656
 35.000000 0.284239 2.298033
 40.000000 0.276386 0.851224
 45.000000 0.277804 1.035225
 50.000000 0.279525 1.075609
 55.000000 0.275997 1.011766
 60.000000 0.277158 1.720870
 65.000000 0.279019 2.112683
 70.000000 0.273894 0.866859
 75.000000 0.275208 1.919107
 80.000000 0.269786 0.876202
 85.000000 0.265896 0.471576
 90.000000 0.272875 0.716068
 95.000000 0.271612 0.936403
 100.000000 0.279070 1.482541
 105.000000 0.272128 0.708278
 110.000000 0.274614 0.958806
 115.000000 0.270741 0.745153
 120.000000 0.278833 1.328162
 125.000000 0.276155 1.120605
 130.000000 0.280222 0.944492
 135.000000 0.280986 1.239191
 140.000000 0.279393 0.921312
 145.000000 0.271373 0.912513
 150.000000 0.280245 1.089105
 155.000000 0.285414 1.346977
 160.000000 0.277797 1.099820
 165.000000 0.276885 1.003657
 170.000000 0.276716 1.173082
 175.000000 0.284671 1.553258
 180.000000 0.286423 1.679941
 185.000000 0.279204 1.271949
 190.000000 0.283684 1.307172
 195.000000 0.285277 3.614302
 200.000000 0.281428 3.150153
 205.000000 0.279656 1.068838
 210.000000 0.277614 1.378321
 215.000000 0.273015 1.342532
 220.000000 0.278497 1.069970
 225.000000 0.274295 1.167209
 230.000000 0.278141 1.755077
 235.000000 0.276894 0.799660
 240.000000 0.283878 1.931356
 245.000000 0.272413 1.593799
 250.000000 0.281657 1.182415
 255.000000 0.275129 1.078297
 260.000000 0.280298 1.282464
 265.000000 0.279442 1.162814
 270.000000 0.277935 1.614282
 275.000000 0.273763 1.304796
 280.000000 0.276007 1.065895
 285.000000 0.270928 0.974652
 290.000000 0.283238 1.100148
 295.000000 0.276792 1.096564
 300.000000 0.278598 0.941818
 305.000000 0.275245 1.270979
 310.000000 0.273829 1.231010
 315.000000 0.279019 1.092506
 320.000000 0.277868 1.278810
 325.000000 0.286034 2.188576
 330.000000 0.275854 0.950351
 335.000000 0.278756 1.200904
 340.000000 0.285171 2.035755
 345.000000 0.277121 1.914052
 350.000000 0.278938 1.269895
 355.000000 0.278864 2.379095
 360.000000 0.275979 0.960845
 365.000000 0.283981 1.390679
 370.000000 0.272040 0.629295
 375.000000 0.271707 0.866809
 380.000000 0.276878 0.696941
 385.000000 0.274659 1.154357
 390.000000 0.278313 1.392244
 395.000000 0.278835 1.060342
 400.000000 0.273374 0.772636
 405.000000 0.282211 1.853064
 410.000000 0.276930 0.842482
 415.000000 0.277184 1.151715
 420.000000 0.276887 1.014230
 425.000000 0.277723 0.998941
 430.000000 0.275540 0.753062
 435.000000 0.276363 1.315772
 440.000000 0.278140 0.809944
 445.000000 0.284978 1.328537
 450.000000 0.295225 3.488216
 455.000000 0.289930 2.418374
 460.000000 0.287304 2.064054
 465.000000 0.288122 2.166791
 470.000000 0.283179 1.483245
 475.000000 0.281204 1.618607
 480.000000 0.271649 0.708517
 485.000000 0.278875 1.295976
 490.000000 0.273240 1.082856
 495.000000 0.272178 0.926839
 500.000000 0.277463 1.375981
 505.000000 0.277773 1.209077
 510.000000 0.279593 1.515468
 515.000000 0.277425 1.200733
 520.000000 0.271922 0.689421
 525.000000 0.276069 0.740657
 530.000000 0.273635 1.552702
 535.000000 0.275462 1.412961
 540.000000 0.276944 1.148888
 545.000000 0.277529 2.246482
 550.000000 0.284136 3.226420
 555.000000 0.284944 3.762134
 560.000000 0.274004 1.081431
 565.000000 0.271340 0.866118
 570.000000 0.273295 0.939889
 575.000000 0.280703 1.303542
 580.000000 0.276091 0.936227
 585.000000 0.279376 1.147164
 590.000000 0.275971 1.248975
 595.000000 0.278191 0.946624
 600.000000 0.276957 1.181143
 605.000000 0.278583 1.098045
 610.000000 0.280680 1.842254
 615.000000 0.276145 0.748319
 620.000000 0.272674 0.763165
 625.000000 0.266489 0.731220
 630.000000 0.267565 0.596638
 635.000000 0.275317 1.090421
 640.000000 0.273309 1.055362
 645.000000 0.276398 1.254962
 650.000000 0.277106 1.120586
 655.000000 0.271978 1.010766
 660.000000 0.272196 0.640559
 665.000000 0.277327 1.145916
 670.000000 0.279039 1.597772
 675.000000 0.269950 1.223941
 680.000000 0.271047 1.017508
 685.000000 0.270977 1.152540
 690.000000 0.274814 1.099006
 695.000000 0.265907 0.645199
 700.000000 0.269266 0.675384
 705.000000 0.275087 0.704710
 710.000000 0.270421 1.215712
 715.000000 0.275272 1.419165
 720.000000 0.276360 1.030891
 725.000000 0.277498 0.973429
 730.000000 0.280589 1.396723
 735.000000 0.278618 1.754604
 740.000000 0.271141 1.099054
 745.000000 0.278113 0.796103
 750.000000 0.280624 0.969241
 755.000000 0.279862 1.676353
 760.000000 0.280723 1.231701
 765.000000 0.282594 1.337347
 770.000000 0.281636 1.264908
 775.000000 0.275203 0.963765
 780.000000 0.274231 0.643305
 785.000000 0.271308 0.647872
 790.000000 0.275115 1.012864
 795.000000 0.276472 0.772772
 800.000000 0.280594 2.111213
 805.000000 0.278010 1.072612
 810.000000 0.276283 0.998470
 815.000000 0.278398 0.962984
 820.000000 0.280673 1.027554
 825.000000 0.283093 2.210005
 830.000000 0.283338 1.681687
 835.000000 0.281543 1.255720
 840.000000 0.276911 0.968718
 845.000000 0.272570 0.937619
 850.000000 0.280321 1.226106
 855.000000 0.273539 0.783450
 860.000000 0.274277 0.809675
 865.000000 0.281960 2.228441
 870.000000 0.286106 1.591846
 875.000000 0.284442 1.412675
 880.000000 0.285188 1.878715
 885.000000 0.288193 1.771494
 890.000000 0.275008 0.743760
 895.000000 0.283305 1.062310
 900.000000 0.276738 1.682645
 905.000000 0.270292 0.843083
 910.000000 0.276207 0.822734
 915.000000 0.274462 1.060666
 920.000000 0.276831 1.336559
 925.000000 0.282861 1.699810
 930.000000 0.285351 1.221815
 935.000000 0.283545 1.555021
 940.000000 0.278578 1.078440
 945.000000 0.283375 1.219423
 950.000000 0.280223 1.054506
 955.000000 0.274456 0.949971
 960.000000 0.275045 0.636127
 965.000000 0.272910 0.835767
 970.000000 0.276357 0.846133
 975.000000 0.285053 1.127816
 980.000000 0.280593 1.060078
 985.000000 0.278728 1.428340
 990.000000 0.277584 1.001609
 995.000000 0.280110 1.036345
 1000.000000 0.279346 0.936150
