#! FIELDS time refcv.mean refcv.morethan
 20.000000 0.482151 117.566573
 25.000000 0.481104 113.406895
 30.000000 0.484027 118.520707
 35.000000 0.495932 135.335334
 40.000000 0.493722 132.640620
 45.000000 0.493481 131.781447
 50.000000 0.494479 134.250561
 55.000000 0.492775 131.172962
 60.000000 0.489132 125.987515
 65.000000 0.493527 130.632141
 70.000000 0.486672 122.527917
 75.000000 0.489802 125.347167
 80.000000 0.484158 118.319717
 85.000000 0.482137 115.327329
 90.000000 0.488412 125.398069
 95.000000 0.487484 123.281468
 100.000000 0.493357 131.331366
 105.000000 0.486818 122.604946
 110.000000 0.486767 122.426168
 115.000000 0.488661 124.404496
 120.000000 0.492817 130.957712
 125.000000 0.492075 130.326827
 130.000000 0.499072 140.418592
 135.000000 0.499632 140.918839
 140.000000 0.493668 133.100696
 145.000000 0.489861 126.375133
 150.000000 0.498422 140.248340
 155.000000 0.503209 146.448276
 160.000000 0.494955 134.190177
 165.000000 0.490008 126.929658
 170.000000 0.488502 125.052865
 175.000000 0.501982 144.092580
 180.000000 0.501563 143.120283
 185.000000 0.494486 132.727111
 190.000000 0.502290 145.069882
 195.000000 0.502532 142.181343
 200.000000 0.497079 134.643285
 205.000000 0.495436 134.949152
 210.000000 0.495016 133.739857
 215.000000 0.487136 121.664067
 220.000000 0.493413 132.330493
 225.000000 0.486951 122.398505
 230.000000 0.493016 129.835435
 235.000000 0.494168 133.402407
 240.000000 0.501053 142.309792
 245.000000 0.486652 121.585049
 250.000000 0.497409 138.121944
 255.000000 0.490474 127.337168
 260.000000 0.495235 134.366107
 265.000000 0.493240 132.010342
 270.000000 0.492008 129.458731
 275.000000 0.488576 124.433905
 280.000000 0.488737 125.294347
 285.000000 0.482501 116.224365
 290.000000 0.501088 143.356995
 295.000000 0.492267 130.686127
 300.000000 0.490189 128.536420
 305.000000 0.485944 121.343128
 310.000000 0.487929 123.122746
 315.000000 0.495320 134.354287
 320.000000 0.492678 130.349626
 325.000000 0.503310 145.913737
 330.000000 0.487035 122.486586
 335.000000 0.494177 132.516189
 340.000000 0.499075 139.695447
 345.000000 0.493416 131.116099
 350.000000 0.494311 133.493689
 355.000000 0.491085 127.411895
 360.000000 0.493654 132.284810
 365.000000 0.499094 140.592240
 370.000000 0.488338 124.896658
 375.000000 0.486439 121.501401
 380.000000 0.492257 130.114012
 385.000000 0.486367 121.898505
 390.000000 0.494212 132.827472
 395.000000 0.490919 128.690345
 400.000000 0.487446 123.416812
 405.000000 0.488357 123.727421
 410.000000 0.488123 124.390681
 415.000000 0.488437 124.617899
 420.000000 0.490866 128.455937
 425.000000 0.493457 132.694822
 430.000000 0.491521 129.586864
 435.000000 0.487537 123.182084
 440.000000 0.494885 134.286616
 445.000000 0.501995 144.329049
 450.000000 0.509946 154.052243
 455.000000 0.506884 150.660140
 460.000000 0.505176 148.660033
 465.000000 0.504857 147.691793
 470.000000 0.498997 139.932767
 475.000000 0.495069 134.269253
 480.000000 0.487791 123.729445
 485.000000 0.492956 131.319490
 490.000000 0.489088 125.662606
 495.000000 0.484896 119.299822
 500.000000 0.494009 132.656060
 505.000000 0.491117 128.516581
 510.000000 0.497387 137.492246
 515.000000 0.493530 131.371536
 520.000000 0.488892 125.768946
 525.000000 0.494792 134.421797
 530.000000 0.486970 122.041075
 535.000000 0.493309 132.327885
 540.000000 0.492356 131.070576
 545.000000 0.491753 128.211296
 550.000000 0.497733 136.037916
 555.000000 0.496070 133.514561
 560.000000 0.487156 122.264043
 565.000000 0.485702 120.552125
 570.000000 0.485454 119.867080
 575.000000 0.493349 131.931310
 580.000000 0.488759 125.238081
 585.000000 0.493148 131.404998
 590.000000 0.487665 123.456253
 595.000000 0.493585 132.421876
 600.000000 0.491822 129.727310
 605.000000 0.495140 134.709423
 610.000000 0.497327 136.628782
 615.000000 0.495745 136.136754
 620.000000 0.486535 122.494047
 625.000000 0.480134 112.919582
 630.000000 0.482768 116.884491
 635.000000 0.491042 128.453306
 640.000000 0.485140 121.214846
 645.000000 0.488830 126.069238
 650.000000 0.491302 129.067009
 655.000000 0.486123 121.072746
 660.000000 0.487820 123.590975
 665.000000 0.492007 129.127713
 670.000000 0.496167 135.780364
 675.000000 0.485182 119.555090
 680.000000 0.486923 122.028686
 685.000000 0.484572 118.380896
 690.000000 0.488688 124.867165
 695.000000 0.483361 117.593814
 700.000000 0.483392 117.142073
 705.000000 0.489306 126.537362
 710.000000 0.483519 116.612458
 715.000000 0.489600 125.404670
 720.000000 0.492794 130.852285
 725.000000 0.492500 130.736021
 730.000000 0.494137 133.094591
 735.000000 0.494737 132.583110
 740.000000 0.487972 123.496377
 745.000000 0.497600 138.818047
 750.000000 0.498072 139.008861
 755.000000 0.494193 132.604957
 760.000000 0.497740 138.502350
 765.000000 0.499079 140.541926
 770.000000 0.493773 132.283853
 775.000000 0.490516 128.323594
 780.000000 0.490869 128.515855
 785.000000 0.489394 126.190405
 790.000000 0.489264 126.412998
 795.000000 0.493038 131.924136
 800.000000 0.498408 139.077269
 805.000000 0.493672 132.711532
 810.000000 0.492488 130.580670
 815.000000 0.497094 137.470809
 820.000000 0.500202 141.901484
 825.000000 0.501535 142.620987
 830.000000 0.501584 143.916361
 835.000000 0.496648 137.095985
 840.000000 0.492339 130.647476
 845.000000 0.491193 128.239189
 850.000000 0.499397 140.155442
 855.000000 0.489806 127.132925
 860.000000 0.493838 133.129237
 865.000000 0.499273 139.436975
 870.000000 0.502248 145.312119
 875.000000 0.503183 146.602345
 880.000000 0.502638 145.465211
 885.000000 0.507844 153.260298
 890.000000 0.493656 133.133792
 895.000000 0.502625 146.068787
 900.000000 0.490988 127.465382
 905.000000 0.487646 123.516006
 910.000000 0.495730 135.366680
 915.000000 0.492769 130.484871
 920.000000 0.497371 137.162729
 925.000000 0.501992 143.749493
 930.000000 0.505062 149.264825
 935.000000 0.502739 145.307455
 940.000000 0.496021 135.314403
 945.000000 0.498478 139.407806
 950.000000 0.496429 137.132014
 955.000000 0.491389 129.251096
 960.000000 0.493262 132.445131
 965.000000 0.489526 126.297393
 970.000000 0.494594 133.757261
 975.000000 0.501459 144.446204
 980.000000 0.500917 143.408119
 985.000000 0.497179 137.367994
 990.000000 0.497167 137.398515
 995.000000 0.499288 140.465734
 1000.000000 0.498658 139.512812
