#! FIELDS time refcv.mean refcv.morethan
 20.000000 0.301058 2.164145
 25.000000 0.296928 1.782827
 30.000000 0.300546 2.097100
 35.000000 0.314091 4.698365
 40.000000 0.306747 2.345881
 45.000000 0.308155 2.678864
 50.000000 0.309797 2.828463
 55.000000 0.306201 2.521379
 60.000000 0.306805 3.514286
 65.000000 0.309038 4.447139
 70.000000 0.303479 2.240334
 75.000000 0.305083 3.668053
 80.000000 0.299532 2.257962
 85.000000 0.296050 1.395511
 90.000000 0.303109 1.992824
 95.000000 0.301973 2.380908
 100.000000 0.309018 3.688325
 105.000000 0.302111 1.947262
 110.000000 0.304311 2.370769
 115.000000 0.301263 2.056617
 120.000000 0.308921 3.318328
 125.000000 0.306198 2.823483
 130.000000 0.310845 2.631987
 135.000000 0.311677 3.224282
 140.000000 0.309532 2.451615
 145.000000 0.301923 2.363911
 150.000000 0.310853 2.827879
 155.000000 0.316126 3.457870
 160.000000 0.308165 2.717143
 165.000000 0.306866 2.586659
 170.000000 0.306483 2.748052
 175.000000 0.315274 3.840482
 180.000000 0.316773 4.206646
 185.000000 0.309354 3.148729
 190.000000 0.314422 3.437132
 195.000000 0.315914 6.524217
 200.000000 0.311752 5.989591
 205.000000 0.310019 2.866114
 210.000000 0.307990 3.457350
 215.000000 0.302963 2.997960
 220.000000 0.308665 2.771928
 225.000000 0.303955 2.832584
 230.000000 0.308314 4.082429
 235.000000 0.307342 2.252688
 240.000000 0.314482 4.459673
 245.000000 0.302391 3.278208
 250.000000 0.312101 3.128739
 255.000000 0.305180 2.639879
 260.000000 0.310630 3.187831
 265.000000 0.309523 2.952899
 270.000000 0.307978 3.642086
 275.000000 0.303797 3.100888
 280.000000 0.305726 2.738420
 285.000000 0.300450 2.493266
 290.000000 0.313896 3.009438
 295.000000 0.306937 2.744559
 300.000000 0.308312 2.566244
 305.000000 0.304839 3.120075
 310.000000 0.303832 2.994790
 315.000000 0.309146 2.804870
 320.000000 0.308024 3.194465
 325.000000 0.316528 4.801197
 330.000000 0.305370 2.455760
 335.000000 0.309136 3.173220
 340.000000 0.315079 4.540662
 345.000000 0.307395 4.118698
 350.000000 0.309069 3.210904
 355.000000 0.308639 4.728054
 360.000000 0.306377 2.527860
 365.000000 0.314124 3.504749
 370.000000 0.302194 1.806126
 375.000000 0.301890 2.316370
 380.000000 0.306979 1.983442
 385.000000 0.304423 2.799261
 390.000000 0.308615 3.086800
 395.000000 0.308579 2.774010
 400.000000 0.303440 2.106336
 405.000000 0.311291 4.018999
 410.000000 0.306439 2.250202
 415.000000 0.306798 2.841799
 420.000000 0.306809 2.607361
 425.000000 0.307914 2.595953
 430.000000 0.305597 2.070647
 435.000000 0.306069 3.205725
 440.000000 0.308553 2.301985
 445.000000 0.315432 3.400849
 450.000000 0.325696 7.261022
 455.000000 0.320539 5.102633
 460.000000 0.317899 4.603561
 465.000000 0.318571 4.959097
 470.000000 0.313534 3.497592
 475.000000 0.311245 3.867912
 480.000000 0.301744 1.965859
 485.000000 0.308980 3.092843
 490.000000 0.303377 2.738195
 495.000000 0.301653 2.367103
 500.000000 0.307646 3.309125
 505.000000 0.307655 2.834637
 510.000000 0.310045 3.636642
 515.000000 0.307628 3.077870
 520.000000 0.302258 1.924695
 525.000000 0.306688 2.072523
 530.000000 0.303242 3.488331
 535.000000 0.305937 3.234981
 540.000000 0.307226 2.952706
 545.000000 0.307481 4.702120
 550.000000 0.314274 6.145881
 555.000000 0.314748 6.916638
 560.000000 0.303743 2.687900
 565.000000 0.301137 2.271419
 570.000000 0.302894 2.369768
 575.000000 0.310539 3.163076
 580.000000 0.305983 2.431551
 585.000000 0.309235 2.919630
 590.000000 0.305621 3.024565
 595.000000 0.308179 2.430852
 600.000000 0.307016 3.017953
 605.000000 0.309013 2.897772
 610.000000 0.311088 4.074236
 615.000000 0.306873 2.155858
 620.000000 0.302684 2.056854
 625.000000 0.296237 1.907381
 630.000000 0.297535 1.658924
 635.000000 0.305479 2.872079
 640.000000 0.303116 2.757566
 645.000000 0.306012 3.043122
 650.000000 0.306947 2.848566
 655.000000 0.301926 2.613875
 660.000000 0.302333 1.840968
 665.000000 0.307352 2.866746
 670.000000 0.309472 3.678144
 675.000000 0.299919 2.761049
 680.000000 0.301040 2.514008
 685.000000 0.300820 2.594100
 690.000000 0.304833 2.733911
 695.000000 0.296136 1.762434
 700.000000 0.299132 1.787034
 705.000000 0.304958 1.988681
 710.000000 0.299868 2.874760
 715.000000 0.305239 3.305401
 720.000000 0.306544 2.690670
 725.000000 0.307652 2.552120
 730.000000 0.310595 3.423569
 735.000000 0.308760 3.999944
 740.000000 0.301370 2.493073
 745.000000 0.308719 2.220757
 750.000000 0.311028 2.592967
 755.000000 0.310034 3.941084
 760.000000 0.311207 3.202003
 765.000000 0.313050 3.512558
 770.000000 0.311492 3.268478
 775.000000 0.305278 2.525864
 780.000000 0.304366 1.835962
 785.000000 0.301720 1.882629
 790.000000 0.305238 2.587879
 795.000000 0.306770 2.161298
 800.000000 0.311132 4.282975
 805.000000 0.308073 2.680206
 810.000000 0.306524 2.642127
 815.000000 0.309021 2.622278
 820.000000 0.311389 2.719772
 825.000000 0.313806 4.541757
 830.000000 0.313930 3.903620
 835.000000 0.311832 3.225158
 840.000000 0.307231 2.575504
 845.000000 0.303082 2.443490
 850.000000 0.311159 3.235005
 855.000000 0.303739 2.140235
 860.000000 0.304958 2.253184
 865.000000 0.312250 4.296718
 870.000000 0.316527 3.989504
 875.000000 0.315204 3.535045
 880.000000 0.315706 4.386751
 885.000000 0.318913 4.160980
 890.000000 0.305517 2.098659
 895.000000 0.314198 2.956978
 900.000000 0.306612 3.753999
 905.000000 0.300707 2.280641
 910.000000 0.306934 2.300781
 915.000000 0.304752 2.616994
 920.000000 0.307584 3.231064
 925.000000 0.313575 3.931841
 930.000000 0.316231 3.307790
 935.000000 0.314298 3.784783
 940.000000 0.309043 2.856591
 945.000000 0.313672 3.175289
 950.000000 0.310443 2.798392
 955.000000 0.304691 2.266079
 960.000000 0.305403 1.837260
 965.000000 0.303192 2.216221
 970.000000 0.306802 2.271457
 975.000000 0.315161 3.011799
 980.000000 0.311364 2.808475
 985.000000 0.309238 3.285741
 990.000000 0.308280 2.630294
 995.000000 0.310927 2.855609
 1000.000000 0.309855 2.645198
