#! FIELDS time refcv.mean refcv.morethan
 20.000000 0.945058 287.831331
 25.000000 0.951820 287.860068
 30.000000 0.949532 287.849181
 35.000000 0.958403 287.872820
 40.000000 0.968212 287.885008
 45.000000 0.960221 287.875160
 50.000000 0.961641 287.869705
 55.000000 0.966107 287.881242
 60.000000 0.954338 287.862887
 65.000000 0.962228 287.875366
 70.000000 0.956770 287.867138
 75.000000 0.962200 287.876876
 80.000000 0.956082 287.862650
 85.000000 0.953152 287.860963
 90.000000 0.958177 287.864709
 95.000000 0.955827 287.864803
 100.000000 0.961401 287.868310
 105.000000 0.955941 287.867066
 110.000000 0.951533 287.859694
 115.000000 0.961816 287.873760
 120.000000 0.955986 287.864808
 125.000000 0.966305 287.879102
 130.000000 0.975996 287.894869
 135.000000 0.976540 287.895659
 140.000000 0.960566 287.874932
 145.000000 0.966700 287.884027
 150.000000 0.973164 287.892258
 155.000000 0.978738 287.901459
 160.000000 0.972047 287.892571
 165.000000 0.956576 287.868881
 170.000000 0.951700 287.858376
 175.000000 0.975109 287.897106
 180.000000 0.971051 287.887065
 185.000000 0.965631 287.882707
 190.000000 0.979396 287.901760
 195.000000 0.979020 287.895875
 200.000000 0.965756 287.880464
 205.000000 0.964909 287.881815
 210.000000 0.969124 287.886157
 215.000000 0.955534 287.861648
 220.000000 0.963100 287.872458
 225.000000 0.954711 287.861811
 230.000000 0.958817 287.866385
 235.000000 0.969551 287.885897
 240.000000 0.973510 287.889595
 245.000000 0.952667 287.857815
 250.000000 0.968476 287.886795
 255.000000 0.961813 287.880018
 260.000000 0.964872 287.879825
 265.000000 0.962872 287.873749
 270.000000 0.962029 287.873402
 275.000000 0.958232 287.865808
 280.000000 0.954561 287.859230
 285.000000 0.947392 287.846668
 290.000000 0.974967 287.892447
 295.000000 0.965909 287.877750
 300.000000 0.952881 287.851642
 305.000000 0.945632 287.846650
 310.000000 0.954444 287.863175
 315.000000 0.971152 287.891246
 320.000000 0.961597 287.871006
 325.000000 0.981001 287.903388
 330.000000 0.949703 287.855396
 335.000000 0.960774 287.871107
 340.000000 0.968301 287.884326
 345.000000 0.967909 287.884467
 350.000000 0.966284 287.882016
 355.000000 0.959740 287.866349
 360.000000 0.972506 287.890389
 365.000000 0.970989 287.887665
 370.000000 0.964246 287.877438
 375.000000 0.954812 287.863138
 380.000000 0.969307 287.887581
 385.000000 0.946774 287.845329
 390.000000 0.967343 287.885545
 395.000000 0.954200 287.865015
 400.000000 0.956615 287.866909
 405.000000 0.940929 287.835091
 410.000000 0.951732 287.859767
 415.000000 0.951803 287.860578
 420.000000 0.960156 287.870729
 425.000000 0.966596 287.883823
 430.000000 0.965004 287.882722
 435.000000 0.948203 287.849688
 440.000000 0.968732 287.888136
 445.000000 0.979572 287.901672
 450.000000 0.978196 287.896464
 455.000000 0.982508 287.904257
 460.000000 0.982388 287.906930
 465.000000 0.979952 287.903220
 470.000000 0.970309 287.889681
 475.000000 0.964622 287.874882
 480.000000 0.961880 287.874215
 485.000000 0.960777 287.874895
 490.000000 0.961144 287.872596
 495.000000 0.955554 287.865262
 500.000000 0.969533 287.886220
 505.000000 0.960099 287.873360
 510.000000 0.975773 287.897726
 515.000000 0.969004 287.886289
 520.000000 0.963273 287.878047
 525.000000 0.973922 287.895453
 530.000000 0.957272 287.865609
 535.000000 0.968227 287.875098
 540.000000 0.961787 287.869959
 545.000000 0.960070 287.860139
 550.000000 0.961845 287.872838
 555.000000 0.957580 287.865930
 560.000000 0.954258 287.861827
 565.000000 0.957191 287.868569
 570.000000 0.952665 287.858839
 575.000000 0.957840 287.871040
 580.000000 0.950705 287.857696
 585.000000 0.963877 287.881614
 590.000000 0.952040 287.849291
 595.000000 0.969911 287.890357
 600.000000 0.962304 287.872067
 605.000000 0.964720 287.879049
 610.000000 0.967839 287.885168
 615.000000 0.973325 287.888338
 620.000000 0.950989 287.855264
 625.000000 0.948821 287.845603
 630.000000 0.954417 287.860962
 635.000000 0.964233 287.876883
 640.000000 0.946028 287.833449
 645.000000 0.955544 287.857016
 650.000000 0.962029 287.873376
 655.000000 0.953400 287.860554
 660.000000 0.960903 287.873970
 665.000000 0.963554 287.879198
 670.000000 0.970129 287.886041
 675.000000 0.956501 287.864764
 680.000000 0.961639 287.878333
 685.000000 0.951654 287.858050
 690.000000 0.957040 287.862532
 695.000000 0.960020 287.874131
 700.000000 0.954472 287.864265
 705.000000 0.958066 287.869907
 710.000000 0.956020 287.864865
 715.000000 0.957246 287.865868
 720.000000 0.966399 287.883744
 725.000000 0.962521 287.876271
 730.000000 0.962125 287.875307
 735.000000 0.971417 287.886233
 740.000000 0.962307 287.876014
 745.000000 0.982134 287.906190
 750.000000 0.979612 287.901541
 755.000000 0.962013 287.873918
 760.000000 0.970627 287.887760
 765.000000 0.970640 287.884825
 770.000000 0.959388 287.869459
 775.000000 0.961360 287.869566
 780.000000 0.968358 287.885512
 785.000000 0.965951 287.883552
 790.000000 0.956273 287.864618
 795.000000 0.967364 287.885800
 800.000000 0.975248 287.893563
 805.000000 0.968068 287.887309
 810.000000 0.965783 287.883809
 815.000000 0.975584 287.896738
 820.000000 0.981332 287.905566
 825.000000 0.978692 287.902452
 830.000000 0.978336 287.899122
 835.000000 0.965270 287.879670
 840.000000 0.962252 287.878302
 845.000000 0.968787 287.885727
 850.000000 0.976267 287.896853
 855.000000 0.962372 287.874196
 860.000000 0.973196 287.888920
 865.000000 0.978453 287.895510
 870.000000 0.977688 287.896128
 875.000000 0.982998 287.906106
 880.000000 0.980845 287.900827
 885.000000 0.990052 287.912945
 890.000000 0.972607 287.891735
 895.000000 0.982009 287.904387
 900.000000 0.962866 287.873525
 905.000000 0.960484 287.871033
 910.000000 0.974217 287.888585
 915.000000 0.974227 287.894836
 920.000000 0.981648 287.904144
 925.000000 0.982170 287.904368
 930.000000 0.982395 287.903834
 935.000000 0.981231 287.904161
 940.000000 0.971889 287.889375
 945.000000 0.969680 287.886556
 950.000000 0.972106 287.887780
 955.000000 0.969443 287.889369
 960.000000 0.974953 287.895794
 965.000000 0.962797 287.878516
 970.000000 0.974459 287.892791
 975.000000 0.981116 287.901236
 980.000000 0.985475 287.909583
 985.000000 0.976018 287.898487
 990.000000 0.976141 287.896255
 995.000000 0.975497 287.896206
 1000.000000 0.982920 287.901950
