#! FIELDS time refcv.mean refcv.morethan
 0.000000 1.298879 287.861193
 0.500000 1.250547 287.808020
 1.000000 1.255130 287.812926
 1.500000 1.248962 287.807370
 2.000000 1.257162 287.817229
 2.500000 1.252301 287.808256
 3.000000 1.246552 287.802563
 3.500000 1.257935 287.817326
 4.000000 1.248864 287.808064
 4.500000 1.254235 287.813403
 5.000000 1.251712 287.810035
 5.500000 1.252405 287.812173
 6.000000 1.265282 287.826477
 6.500000 1.250265 287.808679
 7.000000 1.253922 287.813706
 7.500000 1.251927 287.810860
 8.000000 1.255632 287.814668
 8.500000 1.254248 287.813776
 9.000000 1.250318 287.809017
 9.500000 1.249526 287.807416
 10.000000 1.251294 287.809792
 10.500000 1.250324 287.809319
 11.000000 1.245018 287.802176
 11.500000 1.260752 287.820653
 12.000000 1.249075 287.807513
 12.500000 1.248877 287.807151
 13.000000 1.253063 287.812176
 13.500000 1.252246 287.810082
 14.000000 1.256172 287.816259
 14.500000 1.252854 287.812440
 15.000000 1.255640 287.815887
 15.500000 1.251704 287.810641
 16.000000 1.248661 287.805682
 16.500000 1.249327 287.807648
 17.000000 1.252101 287.810918
 17.500000 1.249495 287.808134
 18.000000 1.254054 287.813657
 18.500000 1.252438 287.811026
 19.000000 1.250314 287.808019
 19.500000 1.250699 287.809279
 20.000000 1.250095 287.807929
 20.500000 1.252588 287.811417
 21.000000 1.256746 287.816598
 21.500000 1.246495 287.804571
 22.000000 1.261146 287.821006
 22.500000 1.245519 287.800643
 23.000000 1.257911 287.818190
 23.500000 1.250999 287.809116
 24.000000 1.246060 287.803466
 24.500000 1.249551 287.807374
 25.000000 1.244454 287.800629
 25.500000 1.248708 287.807356
 26.000000 1.247737 287.804069
 26.500000 1.249816 287.808695
 27.000000 1.247230 287.804278
 27.500000 1.253042 287.811519
 28.000000 1.243970 287.801202
 28.500000 1.254757 287.814275
 29.000000 1.244725 287.801988
 29.500000 1.246581 287.803760
 30.000000 1.245582 287.801706
 30.500000 1.240263 287.794565
 31.000000 1.254099 287.812637
 31.500000 1.236837 287.791164
 32.000000 1.252965 287.811836
 32.500000 1.244169 287.800279
 33.000000 1.238725 287.793798
 33.500000 1.252652 287.811669
 34.000000 1.243774 287.800859
 34.500000 1.251258 287.809642
 35.000000 1.249710 287.807350
 35.500000 1.246270 287.803998
 36.000000 1.245376 287.800673
 36.500000 1.250727 287.808566
 37.000000 1.245066 287.802443
 37.500000 1.250127 287.808908
 38.000000 1.244101 287.799871
 38.500000 1.245615 287.802653
 39.000000 1.248643 287.806892
 39.500000 1.247876 287.804258
 40.000000 1.249962 287.808587
 40.500000 1.248978 287.806292
 41.000000 1.239979 287.794689
 41.500000 1.253196 287.813182
 42.000000 1.243751 287.799854
 42.500000 1.249173 287.806821
 43.000000 1.246956 287.803195
 43.500000 1.247494 287.804272
 44.000000 1.247552 287.805266
 44.500000 1.247260 287.804880
 45.000000 1.247363 287.804687
 45.500000 1.247434 287.805188
 46.000000 1.255459 287.815159
 46.500000 1.247004 287.804737
 47.000000 1.238537 287.792362
 47.500000 1.256830 287.816191
 48.000000 1.245051 287.801041
 48.500000 1.245998 287.802485
 49.000000 1.241173 287.796292
 49.500000 1.239855 287.794714
 50.000000 1.243103 287.799929
 50.500000 1.246987 287.804260
 51.000000 1.244662 287.802180
 51.500000 1.248013 287.806881
 52.000000 1.250728 287.808210
 52.500000 1.241817 287.797634
 53.000000 1.244333 287.800905
 53.500000 1.257842 287.818192
 54.000000 1.246211 287.803779
 54.500000 1.248126 287.805917
 55.000000 1.253304 287.812705
 55.500000 1.241320 287.796831
 56.000000 1.248348 287.806201
 56.500000 1.245394 287.803448
 57.000000 1.251121 287.809864
 57.500000 1.248478 287.806514
 58.000000 1.242758 287.798737
 58.500000 1.247153 287.805401
 59.000000 1.247236 287.805143
 59.500000 1.251470 287.810100
 60.000000 1.241948 287.798158
 60.500000 1.232292 287.783975
 61.000000 1.258289 287.818581
 61.500000 1.235761 287.788961
 62.000000 1.248214 287.803641
 62.500000 1.243233 287.798406
 63.000000 1.237908 287.792312
 63.500000 1.245947 287.802345
 64.000000 1.238690 287.792737
 64.500000 1.242931 287.799806
 65.000000 1.248484 287.806032
 65.500000 1.238090 287.792461
 66.000000 1.247128 287.803428
 66.500000 1.243191 287.799384
 67.000000 1.247820 287.805075
 67.500000 1.236756 287.789483
 68.000000 1.245320 287.801259
 68.500000 1.245421 287.801921
 69.000000 1.240519 287.793959
 69.500000 1.249625 287.807515
 70.000000 1.241503 287.797185
 70.500000 1.247057 287.805109
 71.000000 1.243866 287.799771
 71.500000 1.254546 287.814067
 72.000000 1.235745 287.787974
 72.500000 1.242381 287.798592
 73.000000 1.243919 287.800132
 73.500000 1.241751 287.796565
 74.000000 1.242848 287.799900
 74.500000 1.244530 287.801451
 75.000000 1.248365 287.806106
 75.500000 1.240286 287.794398
 76.000000 1.244878 287.801718
 76.500000 1.256289 287.815302
 77.000000 1.245302 287.802329
 77.500000 1.243815 287.800063
 78.000000 1.247584 287.805077
 78.500000 1.244511 287.801154
 79.000000 1.247126 287.802787
 79.500000 1.247890 287.803895
 80.000000 1.239657 287.794238
 80.500000 1.244923 287.801325
 81.000000 1.243322 287.798991
 81.500000 1.250738 287.809349
 82.000000 1.252004 287.811281
 82.500000 1.246018 287.802883
 83.000000 1.238693 287.792594
 83.500000 1.246990 287.803916
 84.000000 1.244153 287.801264
 84.500000 1.239114 287.794576
 85.000000 1.250546 287.808011
 85.500000 1.244659 287.801791
 86.000000 1.245890 287.801792
 86.500000 1.243288 287.798312
 87.000000 1.244917 287.801055
 87.500000 1.247387 287.804857
 88.000000 1.250387 287.808370
 88.500000 1.239033 287.794971
 89.000000 1.252676 287.810986
 89.500000 1.250524 287.808914
 90.000000 1.244835 287.799781
 90.500000 1.251667 287.810059
 91.000000 1.238976 287.792870
 91.500000 1.248481 287.806678
 92.000000 1.241351 287.796947
 92.500000 1.242713 287.799078
 93.000000 1.249883 287.807268
 93.500000 1.243324 287.799659
 94.000000 1.252186 287.810625
 94.500000 1.236656 287.790354
 95.000000 1.252842 287.811902
 95.500000 1.240143 287.793767
 96.000000 1.240428 287.796324
 96.500000 1.239155 287.789706
 97.000000 1.247876 287.805459
 97.500000 1.231552 287.778525
 98.000000 1.250848 287.809444
 98.500000 1.235435 287.787498
 99.000000 1.237399 287.790599
 99.500000 1.248951 287.803897
 100.000000 1.229917 287.781073
 100.500000 1.241479 287.795582
 101.000000 1.242273 287.797948
 101.500000 1.245698 287.800340
 102.000000 1.240494 287.794834
 102.500000 1.242909 287.799208
 103.000000 1.245996 287.803309
 103.500000 1.246021 287.801301
 104.000000 1.240259 287.794378
 104.500000 1.241866 287.797894
 105.000000 1.241214 287.796155
 105.500000 1.246716 287.801410
 106.000000 1.230942 287.781690
 106.500000 1.255962 287.814505
 107.000000 1.233074 287.785820
 107.500000 1.246167 287.803680
 108.000000 1.244379 287.801233
 108.500000 1.241300 287.795138
 109.000000 1.247679 287.805784
 109.500000 1.246056 287.803561
 110.000000 1.237054 287.791415
 110.500000 1.252328 287.811157
 111.000000 1.242410 287.798951
 111.500000 1.245158 287.802839
 112.000000 1.246512 287.802119
 112.500000 1.240161 287.795708
 113.000000 1.249596 287.806957
 113.500000 1.243845 287.799305
 114.000000 1.242128 287.798347
 114.500000 1.238303 287.791082
 115.000000 1.241549 287.795004
 115.500000 1.240667 287.795135
 116.000000 1.239094 287.791232
 116.500000 1.244160 287.800648
 117.000000 1.239196 287.793337
 117.500000 1.249889 287.808010
 118.000000 1.243439 287.800056
 118.500000 1.245694 287.802432
 119.000000 1.242905 287.799435
 119.500000 1.234009 287.785430
 120.000000 1.238037 287.792782
 120.500000 1.248079 287.806174
 121.000000 1.239374 287.793026
 121.500000 1.241536 287.797426
 122.000000 1.241158 287.796108
 122.500000 1.237473 287.790194
 123.000000 1.239540 287.792924
 123.500000 1.241296 287.795640
 124.000000 1.244986 287.802059
 124.500000 1.246429 287.802909
 125.000000 1.234994 287.786504
 125.500000 1.244557 287.799791
 126.000000 1.237385 287.789914
 126.500000 1.242365 287.796197
 127.000000 1.249749 287.808127
 127.500000 1.227729 287.778009
 128.000000 1.262231 287.822477
 128.500000 1.230641 287.780861
 129.000000 1.247012 287.804419
 129.500000 1.243916 287.800392
 130.000000 1.235935 287.788416
 130.500000 1.251402 287.809926
 131.000000 1.231052 287.781504
 131.500000 1.251525 287.810487
 132.000000 1.240949 287.796626
 132.500000 1.243754 287.800937
 133.000000 1.247422 287.805126
 133.500000 1.232938 287.785947
 134.000000 1.253907 287.812867
 134.500000 1.236955 287.790178
 135.000000 1.242823 287.797660
 135.500000 1.241817 287.796821
 136.000000 1.247707 287.805651
 136.500000 1.236281 287.789455
 137.000000 1.246324 287.801762
 137.500000 1.236677 287.788671
 138.000000 1.244610 287.800619
 138.500000 1.246135 287.802786
 139.000000 1.238532 287.791182
 139.500000 1.247826 287.805620
 140.000000 1.240124 287.794953
 140.500000 1.239296 287.792872
 141.000000 1.248084 287.805125
 141.500000 1.238079 287.792987
 142.000000 1.241353 287.796343
 142.500000 1.245180 287.800574
 143.000000 1.243171 287.800180
 143.500000 1.242529 287.798518
 144.000000 1.246786 287.804260
 144.500000 1.237644 287.792292
 145.000000 1.243998 287.799611
 145.500000 1.242426 287.799018
 146.000000 1.246390 287.803585
 146.500000 1.245777 287.802133
 147.000000 1.240720 287.795372
 147.500000 1.247832 287.805648
 148.000000 1.236937 287.789979
 148.500000 1.241987 287.798525
 149.000000 1.236199 287.789892
 149.500000 1.244677 287.800566
 150.000000 1.237913 287.792794
 150.500000 1.248281 287.805723
 151.000000 1.243822 287.798537
 151.500000 1.232193 287.783754
 152.000000 1.244711 287.800055
 152.500000 1.249831 287.808280
 153.000000 1.236673 287.790399
 153.500000 1.244613 287.800427
 154.000000 1.237023 287.789999
 154.500000 1.239361 287.793842
 155.000000 1.242846 287.798517
 155.500000 1.237280 287.788478
 156.000000 1.240582 287.794579
 156.500000 1.243771 287.799556
 157.000000 1.241636 287.796982
 157.500000 1.250058 287.808342
 158.000000 1.239428 287.792831
 158.500000 1.245592 287.803231
 159.000000 1.243757 287.799655
 159.500000 1.240918 287.795643
 160.000000 1.246997 287.803644
 160.500000 1.242819 287.798486
 161.000000 1.244943 287.801323
 161.500000 1.240833 287.796229
 162.000000 1.246778 287.803332
 162.500000 1.240686 287.795831
 163.000000 1.238798 287.792716
 163.500000 1.255389 287.814941
 164.000000 1.236512 287.787249
 164.500000 1.247765 287.805527
 165.000000 1.244794 287.801061
 165.500000 1.244726 287.801496
 166.000000 1.243171 287.799182
 166.500000 1.246718 287.804328
 167.000000 1.242772 287.799367
 167.500000 1.251826 287.810609
 168.000000 1.244031 287.799947
 168.500000 1.244277 287.798880
 169.000000 1.245285 287.802184
 169.500000 1.237322 287.791385
 170.000000 1.236038 287.789496
 170.500000 1.250872 287.809559
 171.000000 1.242183 287.799158
 171.500000 1.251291 287.810036
 172.000000 1.233139 287.783067
 172.500000 1.240817 287.796327
 173.000000 1.240251 287.795124
 173.500000 1.244280 287.801542
 174.000000 1.246576 287.803067
 174.500000 1.241270 287.795993
 175.000000 1.244791 287.800388
 175.500000 1.243525 287.800395
 176.000000 1.254518 287.813031
 176.500000 1.244212 287.800131
 177.000000 1.240080 287.795793
 177.500000 1.245981 287.802772
 178.000000 1.241735 287.796900
 178.500000 1.241762 287.797730
 179.000000 1.241943 287.797586
 179.500000 1.239788 287.793500
 180.000000 1.236869 287.791046
 180.500000 1.241857 287.796400
 181.000000 1.242016 287.798127
 181.500000 1.247517 287.804701
 182.000000 1.245803 287.802438
 182.500000 1.242386 287.797993
 183.000000 1.240153 287.794661
 183.500000 1.244799 287.800839
 184.000000 1.237475 287.790832
 184.500000 1.245432 287.801005
 185.000000 1.248211 287.805004
 185.500000 1.240529 287.795221
 186.000000 1.242935 287.798068
 186.500000 1.245956 287.803617
 187.000000 1.237634 287.792727
 187.500000 1.244421 287.800603
 188.000000 1.244945 287.802054
 188.500000 1.239300 287.793870
 189.000000 1.243277 287.798437
 189.500000 1.237561 287.790966
 190.000000 1.240053 287.795017
 190.500000 1.233066 287.785597
 191.000000 1.248536 287.805987
 191.500000 1.238232 287.791860
 192.000000 1.238003 287.792527
 192.500000 1.251702 287.810687
 193.000000 1.237781 287.792286
 193.500000 1.247639 287.805486
 194.000000 1.249718 287.808307
 194.500000 1.242273 287.798267
 195.000000 1.236948 287.790930
 195.500000 1.248303 287.805245
 196.000000 1.238942 287.793667
 196.500000 1.245408 287.801284
 197.000000 1.246928 287.801430
 197.500000 1.232342 287.781382
 198.000000 1.249739 287.806361
 198.500000 1.247731 287.804496
 199.000000 1.239995 287.795750
 199.500000 1.242929 287.797551
 200.000000 1.245749 287.802578
 200.500000 1.241464 287.797507
 201.000000 1.254904 287.814291
 201.500000 1.243595 287.798941
 202.000000 1.240648 287.795705
 202.500000 1.239963 287.793708
 203.000000 1.253087 287.811814
 203.500000 1.246322 287.803402
 204.000000 1.245489 287.802296
 204.500000 1.243625 287.799329
 205.000000 1.253131 287.811787
 205.500000 1.239336 287.793464
 206.000000 1.245148 287.800666
 206.500000 1.246070 287.802332
 207.000000 1.240192 287.795654
 207.500000 1.245170 287.801787
 208.000000 1.243882 287.799163
 208.500000 1.239247 287.794286
 209.000000 1.252576 287.811129
 209.500000 1.238305 287.793359
 210.000000 1.237933 287.790552
 210.500000 1.248242 287.804575
 211.000000 1.241530 287.796771
 211.500000 1.253169 287.812460
 212.000000 1.252905 287.812448
 212.500000 1.244165 287.801232
 213.000000 1.245402 287.802248
 213.500000 1.249533 287.807068
 214.000000 1.243457 287.799072
 214.500000 1.244193 287.799883
 215.000000 1.259509 287.819782
 215.500000 1.238124 287.792294
 216.000000 1.251356 287.809869
 216.500000 1.245445 287.801842
 217.000000 1.238130 287.791907
 217.500000 1.246464 287.800922
 218.000000 1.236217 287.789724
 218.500000 1.242000 287.798076
 219.000000 1.240438 287.794073
 219.500000 1.240202 287.795680
 220.000000 1.253333 287.813133
 220.500000 1.242259 287.797496
 221.000000 1.248095 287.806448
 221.500000 1.253820 287.813353
 222.000000 1.243718 287.800685
 222.500000 1.246760 287.804341
 223.000000 1.246740 287.804293
 223.500000 1.251471 287.809826
 224.000000 1.242153 287.796847
 224.500000 1.246234 287.802061
 225.000000 1.240112 287.795141
 225.500000 1.250701 287.809421
 226.000000 1.237062 287.791634
 226.500000 1.255484 287.815422
 227.000000 1.245413 287.801211
 227.500000 1.242374 287.798241
 228.000000 1.242228 287.796666
 228.500000 1.240332 287.795209
 229.000000 1.243476 287.798777
 229.500000 1.248888 287.807382
 230.000000 1.240584 287.795803
 230.500000 1.249130 287.807050
 231.000000 1.244025 287.801190
 231.500000 1.241883 287.798009
 232.000000 1.244658 287.800109
 232.500000 1.254825 287.814171
 233.000000 1.246262 287.803167
 233.500000 1.249613 287.807672
 234.000000 1.249375 287.807021
 234.500000 1.242162 287.798249
 235.000000 1.256330 287.815998
 235.500000 1.248125 287.805647
 236.000000 1.245749 287.802904
 236.500000 1.251342 287.810293
 237.000000 1.237500 287.792786
 237.500000 1.254600 287.812643
 238.000000 1.242722 287.798630
 238.500000 1.245467 287.801997
 239.000000 1.248548 287.805152
 239.500000 1.242447 287.798780
 240.000000 1.247485 287.804843
 240.500000 1.247196 287.804507
 241.000000 1.244661 287.801646
 241.500000 1.243379 287.798551
 242.000000 1.242601 287.798159
 242.500000 1.245148 287.801321
 243.000000 1.241115 287.795505
 243.500000 1.243052 287.797814
 244.000000 1.244689 287.800570
 244.500000 1.252220 287.811124
 245.000000 1.229695 287.778328
 245.500000 1.246235 287.802454
 246.000000 1.241385 287.795876
 246.500000 1.254115 287.813527
 247.000000 1.243729 287.799640
 247.500000 1.238854 287.793369
 248.000000 1.252582 287.810685
 248.500000 1.248652 287.806585
 249.000000 1.247371 287.803605
 249.500000 1.248376 287.805815
 250.000000 1.237086 287.790495
 250.500000 1.246183 287.803039
 251.000000 1.237813 287.791846
 251.500000 1.248145 287.805112
 252.000000 1.236875 287.789792
 252.500000 1.252266 287.811198
 253.000000 1.230847 287.782113
 253.500000 1.250994 287.809728
 254.000000 1.242486 287.797838
 254.500000 1.244135 287.799292
 255.000000 1.246012 287.802320
 255.500000 1.252809 287.811485
 256.000000 1.236454 287.789854
 256.500000 1.253270 287.812664
 257.000000 1.241983 287.798149
 257.500000 1.247153 287.804047
 258.000000 1.243163 287.797162
 258.500000 1.244702 287.800900
 259.000000 1.244576 287.801581
 259.500000 1.260882 287.821393
 260.000000 1.242006 287.796345
 260.500000 1.250529 287.808251
 261.000000 1.246508 287.802359
 261.500000 1.247992 287.806691
 262.000000 1.240160 287.794516
 262.500000 1.240259 287.795344
 263.000000 1.245210 287.802213
 263.500000 1.244502 287.799960
 264.000000 1.235050 287.788382
 264.500000 1.256293 287.815949
 265.000000 1.239786 287.793828
 265.500000 1.255755 287.815642
 266.000000 1.246451 287.803014
 266.500000 1.242231 287.798146
 267.000000 1.244674 287.801512
 267.500000 1.247630 287.804280
 268.000000 1.235538 287.789499
 268.500000 1.248430 287.806225
 269.000000 1.246901 287.803965
 269.500000 1.239226 287.791524
 270.000000 1.246378 287.802843
 270.500000 1.240778 287.795898
 271.000000 1.255027 287.814058
 271.500000 1.236003 287.789146
 272.000000 1.243020 287.798338
 272.500000 1.246605 287.803134
 273.000000 1.243305 287.799787
 273.500000 1.246357 287.802918
 274.000000 1.236709 287.789663
 274.500000 1.245471 287.802862
 275.000000 1.251823 287.810916
 275.500000 1.237200 287.790907
 276.000000 1.253443 287.812408
 276.500000 1.244136 287.800450
 277.000000 1.247093 287.804787
 277.500000 1.244037 287.799963
 278.000000 1.240001 287.794229
 278.500000 1.242212 287.798008
 279.000000 1.254293 287.812630
 279.500000 1.235135 287.788621
 280.000000 1.250054 287.808179
 280.500000 1.238223 287.790714
 281.000000 1.234896 287.786700
 281.500000 1.246320 287.802064
 282.000000 1.238441 287.792420
 282.500000 1.246358 287.801546
 283.000000 1.248177 287.804990
 283.500000 1.237721 287.791302
 284.000000 1.248967 287.806061
 284.500000 1.241569 287.796206
 285.000000 1.238151 287.791485
 285.500000 1.247077 287.804819
 286.000000 1.244604 287.800840
 286.500000 1.232702 287.782395
 287.000000 1.253513 287.812742
 287.500000 1.238953 287.794041
 288.000000 1.251508 287.808991
 288.500000 1.257426 287.816229
 289.000000 1.233565 287.785994
 289.500000 1.255528 287.814539
 290.000000 1.240663 287.793664
 290.500000 1.248401 287.805641
 291.000000 1.239871 287.794982
 291.500000 1.243430 287.800281
 292.000000 1.241274 287.795725
 292.500000 1.250574 287.809158
 293.000000 1.240621 287.795836
 293.500000 1.252876 287.811463
 294.000000 1.241103 287.796150
 294.500000 1.245818 287.801716
 295.000000 1.244095 287.799685
 295.500000 1.244048 287.799694
 296.000000 1.249243 287.806899
 296.500000 1.242214 287.797135
 297.000000 1.249160 287.807497
 297.500000 1.247750 287.803531
 298.000000 1.234584 287.784662
 298.500000 1.248955 287.807180
 299.000000 1.245934 287.803058
 299.500000 1.242387 287.797582
 300.000000 1.251533 287.809381
 300.500000 1.244303 287.798378
 301.000000 1.242546 287.798107
 301.500000 1.254277 287.813121
 302.000000 1.243563 287.800941
 302.500000 1.248419 287.806274
 303.000000 1.249152 287.805238
 303.500000 1.244554 287.801420
 304.000000 1.247467 287.801248
 304.500000 1.245745 287.801547
 305.000000 1.248520 287.806059
 305.500000 1.246659 287.804125
 306.000000 1.233361 287.785205
 306.500000 1.254178 287.813607
 307.000000 1.242158 287.798163
 307.500000 1.236212 287.788343
 308.000000 1.256720 287.816803
 308.500000 1.234631 287.786613
 309.000000 1.250804 287.809605
 309.500000 1.237314 287.787684
 310.000000 1.245825 287.803093
 310.500000 1.239979 287.794351
 311.000000 1.247409 287.804109
 311.500000 1.244588 287.801457
 312.000000 1.238536 287.793304
 312.500000 1.256367 287.815809
 313.000000 1.242300 287.798541
 313.500000 1.245574 287.801178
 314.000000 1.249262 287.807630
 314.500000 1.236668 287.791141
 315.000000 1.248828 287.806193
 315.500000 1.240654 287.796573
 316.000000 1.241671 287.796454
 316.500000 1.240263 287.794712
 317.000000 1.242055 287.798027
 317.500000 1.249745 287.807524
 318.000000 1.246835 287.804796
 318.500000 1.231983 287.783946
 319.000000 1.251535 287.810048
 319.500000 1.236900 287.788925
 320.000000 1.243557 287.796475
 320.500000 1.252397 287.811102
 321.000000 1.241742 287.798030
 321.500000 1.252319 287.811262
 322.000000 1.235204 287.787705
 322.500000 1.252610 287.810925
 323.000000 1.234137 287.786335
 323.500000 1.245451 287.802853
 324.000000 1.247913 287.804346
 324.500000 1.237278 287.790725
 325.000000 1.251501 287.809391
 325.500000 1.237563 287.791651
 326.000000 1.242740 287.798310
 326.500000 1.257035 287.816734
 327.000000 1.237001 287.790511
 327.500000 1.247276 287.805125
 328.000000 1.247513 287.805473
 328.500000 1.238061 287.791958
 329.000000 1.248425 287.806080
 329.500000 1.248760 287.807139
 330.000000 1.242890 287.798115
 330.500000 1.243308 287.798751
 331.000000 1.247079 287.803816
 331.500000 1.246036 287.803931
 332.000000 1.244392 287.801457
 332.500000 1.238736 287.792818
 333.000000 1.252671 287.810853
 333.500000 1.243835 287.800870
 334.000000 1.241747 287.798282
 334.500000 1.256146 287.814581
 335.000000 1.249579 287.808315
 335.500000 1.244215 287.798965
 336.000000 1.247297 287.804091
 336.500000 1.239544 287.793915
 337.000000 1.251617 287.810039
 337.500000 1.247430 287.805493
 338.000000 1.236422 287.789785
 338.500000 1.249318 287.801267
 339.000000 1.244247 287.798983
 339.500000 1.240708 287.796740
 340.000000 1.249897 287.807216
 340.500000 1.235243 287.782566
 341.000000 1.241393 287.797569
 341.500000 1.255785 287.815205
 342.000000 1.239044 287.793161
 342.500000 1.249745 287.807690
 343.000000 1.252826 287.811509
 343.500000 1.243924 287.798826
 344.000000 1.243858 287.798627
 344.500000 1.259945 287.820299
 345.000000 1.229690 287.781556
 345.500000 1.258562 287.817999
 346.000000 1.243154 287.798940
 346.500000 1.244547 287.800813
 347.000000 1.253713 287.812742
 347.500000 1.247514 287.804046
 348.000000 1.242613 287.796450
 348.500000 1.253379 287.811951
 349.000000 1.245381 287.802594
 349.500000 1.251526 287.810092
 350.000000 1.243912 287.800575
 350.500000 1.250743 287.808122
 351.000000 1.239687 287.794311
 351.500000 1.251045 287.809490
 352.000000 1.246541 287.802405
 352.500000 1.249221 287.807495
 353.000000 1.249627 287.807179
 353.500000 1.248188 287.805564
 354.000000 1.254044 287.812623
 354.500000 1.244145 287.800858
 355.000000 1.248557 287.806653
 355.500000 1.249389 287.804368
 356.000000 1.244280 287.800025
 356.500000 1.254154 287.812314
 357.000000 1.238747 287.793457
 357.500000 1.253213 287.810963
 358.000000 1.246962 287.804263
 358.500000 1.256038 287.815566
 359.000000 1.243460 287.799776
 359.500000 1.249901 287.807840
 360.000000 1.242470 287.797984
 360.500000 1.248069 287.805730
 361.000000 1.250802 287.807276
 361.500000 1.242120 287.796999
 362.000000 1.243169 287.799612
 362.500000 1.247877 287.804518
 363.000000 1.243421 287.799738
 363.500000 1.241167 287.796585
 364.000000 1.242771 287.797322
 364.500000 1.247425 287.804754
 365.000000 1.242788 287.797585
 365.500000 1.246421 287.804053
 366.000000 1.245612 287.801545
 366.500000 1.242412 287.796851
 367.000000 1.246115 287.802476
 367.500000 1.249835 287.807077
 368.000000 1.249160 287.807212
 368.500000 1.247066 287.804471
 369.000000 1.249999 287.808040
 369.500000 1.241201 287.796793
 370.000000 1.247335 287.804094
 370.500000 1.249351 287.807687
 371.000000 1.245931 287.803838
 371.500000 1.251711 287.809840
 372.000000 1.241883 287.797714
 372.500000 1.249562 287.807709
 373.000000 1.258175 287.819174
 373.500000 1.246265 287.802802
 374.000000 1.243783 287.799843
 374.500000 1.255909 287.815658
 375.000000 1.236618 287.789639
 375.500000 1.246606 287.803756
 376.000000 1.249563 287.806772
 376.500000 1.238079 287.792868
 377.000000 1.252037 287.810451
 377.500000 1.248337 287.805767
 378.000000 1.245986 287.803625
 378.500000 1.252290 287.811402
 379.000000 1.244769 287.801745
 379.500000 1.248727 287.806240
 380.000000 1.245885 287.803094
 380.500000 1.257319 287.817493
 381.000000 1.238528 287.791767
 381.500000 1.242616 287.798360
 382.000000 1.242845 287.797541
 382.500000 1.241031 287.795600
 383.000000 1.242573 287.797266
 383.500000 1.240213 287.795993
 384.000000 1.242225 287.797891
 384.500000 1.256493 287.814543
 385.000000 1.243076 287.799859
 385.500000 1.250095 287.808304
 386.000000 1.244938 287.801812
 386.500000 1.241094 287.796273
 387.000000 1.243356 287.798095
 387.500000 1.253209 287.813082
 388.000000 1.245435 287.802206
 388.500000 1.255060 287.814664
 389.000000 1.245152 287.801875
 389.500000 1.249410 287.806714
 390.000000 1.247839 287.805917
 390.500000 1.247098 287.804702
 391.000000 1.247547 287.805150
 391.500000 1.246433 287.803336
 392.000000 1.245987 287.802385
 392.500000 1.256767 287.816153
 393.000000 1.239076 287.793184
 393.500000 1.239552 287.794431
 394.000000 1.246092 287.802781
 394.500000 1.246917 287.804229
 395.000000 1.239696 287.794543
 395.500000 1.245601 287.801239
 396.000000 1.244800 287.802584
 396.500000 1.252277 287.810349
 397.000000 1.243520 287.798581
 397.500000 1.250566 287.809379
 398.000000 1.241642 287.797229
 398.500000 1.245997 287.802463
 399.000000 1.251100 287.809435
 399.500000 1.249144 287.807451
 400.000000 1.249415 287.808333
