#! FIELDS time refcv.mean refcv.morethan
 0.000000 0.975996 286.639154
 0.500000 0.741267 268.513991
 1.000000 0.709798 262.356149
 1.500000 0.781149 276.808192
 2.000000 0.800378 277.966975
 2.500000 0.766989 273.068916
 3.000000 0.738204 268.459829
 3.500000 0.796677 277.578929
 4.000000 0.807681 280.472269
 4.500000 0.742706 271.580167
 5.000000 0.759354 273.533881
 5.500000 0.812091 280.646599
 6.000000 0.804312 279.494508
 6.500000 0.759743 273.671782
 7.000000 0.787382 278.221835
 7.500000 0.803565 278.738431
 8.000000 0.780365 275.825798
 8.500000 0.773772 275.627949
 9.000000 0.790924 277.584225
 9.500000 0.794487 277.364059
 10.000000 0.770387 274.415168
 10.500000 0.781700 276.861037
 11.000000 0.785220 276.601525
 11.500000 0.794268 277.396120
 12.000000 0.774538 277.012337
 12.500000 0.785154 276.815316
 13.000000 0.784277 277.340735
 13.500000 0.787042 274.842789
 14.000000 0.809569 280.154017
 14.500000 0.793668 278.558714
 15.000000 0.794174 279.004536
 15.500000 0.786385 277.082341
 16.000000 0.781303 275.691266
 16.500000 0.776185 275.044310
 17.000000 0.783815 276.904602
 17.500000 0.799135 278.951172
 18.000000 0.786447 277.203577
 18.500000 0.778986 275.337108
 19.000000 0.786040 277.006631
 19.500000 0.785181 276.583522
 20.000000 0.782182 276.304839
 20.500000 0.776330 275.991432
 21.000000 0.805432 279.010030
 21.500000 0.783570 276.906945
 22.000000 0.796282 278.134268
 22.500000 0.779588 274.807359
 23.000000 0.802630 278.995377
 23.500000 0.778656 275.316546
 24.000000 0.765687 274.181710
 24.500000 0.778816 276.303295
 25.000000 0.775504 274.753443
 25.500000 0.766954 275.384913
 26.000000 0.773436 273.151932
 26.500000 0.793274 278.954315
 27.000000 0.767983 274.547463
 27.500000 0.771206 274.776716
 28.000000 0.769741 276.033577
 28.500000 0.787685 277.130718
 29.000000 0.767602 275.348862
 29.500000 0.770373 275.119683
 30.000000 0.775133 275.199431
 30.500000 0.763561 273.647911
 31.000000 0.782292 275.815431
 31.500000 0.754294 273.372000
 32.000000 0.771514 275.171624
 32.500000 0.773125 273.869328
 33.000000 0.765368 274.625782
 33.500000 0.767406 274.915902
 34.000000 0.771175 276.093488
 34.500000 0.793728 277.493339
 35.000000 0.777557 274.955447
 35.500000 0.769014 275.561324
 36.000000 0.769294 273.125759
 36.500000 0.792506 276.844914
 37.000000 0.776303 276.459068
 37.500000 0.776518 276.291151
 38.000000 0.765938 273.319271
 38.500000 0.791545 278.099429
 39.000000 0.774032 276.330899
 39.500000 0.770706 274.489528
 40.000000 0.806480 279.388038
 40.500000 0.785162 276.597745
 41.000000 0.750466 272.172391
 41.500000 0.778842 276.943227
 42.000000 0.791057 276.063885
 42.500000 0.793248 277.333652
 43.000000 0.756559 270.992868
 43.500000 0.782423 276.328082
 44.000000 0.800157 278.377514
 44.500000 0.767577 274.559300
 45.000000 0.766335 273.930722
 45.500000 0.785880 276.526107
 46.000000 0.794742 277.893934
 46.500000 0.784485 276.814518
 47.000000 0.756880 272.490720
 47.500000 0.787140 275.501324
 48.000000 0.787036 275.169164
 48.500000 0.770483 274.114357
 49.000000 0.755603 272.425092
 49.500000 0.768497 274.469503
 50.000000 0.767172 275.388370
 50.500000 0.753432 272.328457
 51.000000 0.774038 276.095626
 51.500000 0.801687 279.208580
 52.000000 0.766974 272.628246
 52.500000 0.763148 273.997279
 53.000000 0.772756 275.935718
 53.500000 0.800228 279.215940
 54.000000 0.789506 278.032266
 54.500000 0.773996 275.678496
 55.000000 0.779051 277.212179
 55.500000 0.774639 275.390130
 56.000000 0.771617 276.037152
 56.500000 0.775608 276.421955
 57.000000 0.787085 277.294363
 57.500000 0.773683 275.911344
 58.000000 0.756211 273.026937
 58.500000 0.776642 275.859614
 59.000000 0.785219 277.053559
 59.500000 0.774571 275.389478
 60.000000 0.759243 273.486929
 60.500000 0.737560 268.751552
 61.000000 0.792203 277.962279
 61.500000 0.765148 273.363300
 62.000000 0.781314 275.119614
 62.500000 0.761087 272.096690
 63.000000 0.756583 271.751275
 63.500000 0.777417 275.642535
 64.000000 0.764088 272.514070
 64.500000 0.759408 274.335986
 65.000000 0.772900 275.429032
 65.500000 0.765038 274.207594
 66.000000 0.779413 275.384892
 66.500000 0.761484 273.298729
 67.000000 0.790140 277.235363
 67.500000 0.767026 272.485871
 68.000000 0.754327 270.852330
 68.500000 0.780846 277.137374
 69.000000 0.777573 274.568330
 69.500000 0.768896 274.679373
 70.000000 0.756073 273.017588
 70.500000 0.786795 277.949549
 71.000000 0.761384 272.443049
 71.500000 0.784358 277.363872
 72.000000 0.760246 271.678569
 72.500000 0.770190 275.608912
 73.000000 0.758459 272.086883
 73.500000 0.750416 271.470452
 74.000000 0.778839 277.283653
 74.500000 0.783820 276.304968
 75.000000 0.768831 274.600159
 75.500000 0.767509 272.389829
 76.000000 0.779499 275.815640
 76.500000 0.787001 275.636832
 77.000000 0.785219 276.637030
 77.500000 0.771651 274.833935
 78.000000 0.768932 274.464523
 78.500000 0.784820 276.142583
 79.000000 0.775106 274.598457
 79.500000 0.765815 272.255640
 80.000000 0.754132 271.008614
 80.500000 0.775738 274.919292
 81.000000 0.757408 272.902347
 81.500000 0.768820 274.514023
 82.000000 0.790843 277.897684
 82.500000 0.775457 275.628844
 83.000000 0.757488 272.085768
 83.500000 0.759300 273.157861
 84.000000 0.767692 274.994766
 84.500000 0.769241 274.984418
 85.000000 0.766037 272.547596
 85.500000 0.770960 275.312919
 86.000000 0.775818 274.065201
 86.500000 0.756903 272.647468
 87.000000 0.774609 274.252925
 87.500000 0.773955 275.052885
 88.000000 0.768155 273.688928
 88.500000 0.770813 275.694223
 89.000000 0.784897 276.041430
 89.500000 0.775389 274.135050
 90.000000 0.785952 275.912953
 90.500000 0.764990 274.049513
 91.000000 0.764802 272.618275
 91.500000 0.780754 275.704171
 92.000000 0.752269 272.334379
 92.500000 0.764871 274.975781
 93.000000 0.786709 276.545200
 93.500000 0.761537 273.293984
 94.000000 0.782128 274.916139
 94.500000 0.772403 274.944465
 95.000000 0.778458 276.701495
 95.500000 0.739834 267.793622
 96.000000 0.780646 275.647331
 96.500000 0.743226 267.297777
 97.000000 0.763915 273.454544
 97.500000 0.747635 269.691469
 98.000000 0.777878 276.283832
 98.500000 0.741003 267.279082
 99.000000 0.756866 271.237637
 99.500000 0.759340 271.998858
 100.000000 0.742412 269.386301
 100.500000 0.766219 272.545429
 101.000000 0.747349 269.385593
 101.500000 0.774925 272.749666
 102.000000 0.760496 272.891094
 102.500000 0.757046 272.731306
 103.000000 0.773023 275.692584
 103.500000 0.774961 274.863613
 104.000000 0.753737 270.858801
 104.500000 0.772921 275.002038
 105.000000 0.748510 271.054857
 105.500000 0.778041 275.140484
 106.000000 0.746261 270.391058
 106.500000 0.774144 273.608096
 107.000000 0.750597 271.043414
 107.500000 0.776290 275.943490
 108.000000 0.759495 273.459673
 108.500000 0.773520 273.046739
 109.000000 0.777853 276.051632
 109.500000 0.776818 275.178238
 110.000000 0.763059 272.688296
 110.500000 0.780215 276.443061
 111.000000 0.774524 275.607853
 111.500000 0.786416 277.753489
 112.000000 0.750431 270.358099
 112.500000 0.769602 274.207469
 113.000000 0.778778 274.955532
 113.500000 0.755169 271.450490
 114.000000 0.781141 276.303885
 114.500000 0.734042 265.919575
 115.000000 0.751220 269.073126
 115.500000 0.772443 274.837716
 116.000000 0.757244 270.466272
 116.500000 0.755965 273.277833
 117.000000 0.762166 272.039504
 117.500000 0.777817 275.689111
 118.000000 0.778482 275.952657
 118.500000 0.775048 275.400287
 119.000000 0.752360 273.490089
 119.500000 0.748071 270.241058
 120.000000 0.760671 273.490448
 120.500000 0.773176 275.502666
 121.000000 0.751573 269.910103
 121.500000 0.773241 276.387182
 122.000000 0.764447 273.425967
 122.500000 0.739265 268.703195
 123.000000 0.769204 273.030093
 123.500000 0.758744 271.414563
 124.000000 0.759169 273.064538
 124.500000 0.775685 272.809034
 125.000000 0.749395 268.510189
 125.500000 0.772483 273.616269
 126.000000 0.762883 271.652189
 126.500000 0.766947 273.419640
 127.000000 0.782213 276.973644
 127.500000 0.750817 273.022865
 128.000000 0.797167 278.429074
 128.500000 0.748819 269.435043
 129.000000 0.787769 277.681752
 129.500000 0.756460 273.243842
 130.000000 0.757818 270.196495
 130.500000 0.792100 278.136973
 131.000000 0.745961 269.066961
 131.500000 0.767337 275.604056
 132.000000 0.772305 275.379610
 132.500000 0.777516 276.284217
 133.000000 0.771505 275.492961
 133.500000 0.755073 272.737534
 134.000000 0.793078 277.068619
 134.500000 0.757588 271.283216
 135.000000 0.775300 274.431505
 135.500000 0.751593 270.919690
 136.000000 0.786550 277.463256
 136.500000 0.757288 272.029467
 137.000000 0.770435 272.105858
 137.500000 0.761754 271.258110
 138.000000 0.787094 275.650874
 138.500000 0.778812 274.940660
 139.000000 0.753346 270.574670
 139.500000 0.768501 274.630992
 140.000000 0.782674 275.262076
 140.500000 0.774442 274.137887
 141.000000 0.768430 273.906630
 141.500000 0.773799 275.588626
 142.000000 0.772757 275.357860
 142.500000 0.756865 269.715090
 143.000000 0.784073 277.220263
 143.500000 0.776167 275.510018
 144.000000 0.760409 272.332122
 144.500000 0.767353 274.098743
 145.000000 0.780076 273.980748
 145.500000 0.766106 274.223719
 146.000000 0.775974 275.443409
 146.500000 0.775341 274.988917
 147.000000 0.770323 272.952632
 147.500000 0.776740 276.338483
 148.000000 0.737006 267.707310
 148.500000 0.781587 276.318153
 149.000000 0.751375 272.762630
 149.500000 0.747693 270.540398
 150.000000 0.767322 274.767729
 150.500000 0.785595 276.496305
 151.000000 0.743552 268.867410
 151.500000 0.751905 271.217889
 152.000000 0.765062 273.085102
 152.500000 0.774540 275.444948
 153.000000 0.754917 272.039298
 153.500000 0.752073 272.379757
 154.000000 0.752992 271.844183
 154.500000 0.758063 273.792388
 155.000000 0.754510 273.078163
 155.500000 0.757574 270.223530
 156.000000 0.756863 271.936478
 156.500000 0.765619 272.981634
 157.000000 0.764928 271.425592
 157.500000 0.783565 276.386892
 158.000000 0.750116 270.447895
 158.500000 0.770751 275.891511
 159.000000 0.773670 274.059087
 159.500000 0.753728 271.465806
 160.000000 0.782824 275.839383
 160.500000 0.764917 273.797110
 161.000000 0.769208 274.633751
 161.500000 0.775565 275.478638
 162.000000 0.753207 271.388654
 162.500000 0.758630 272.516794
 163.000000 0.787782 275.120932
 163.500000 0.790655 276.665169
 164.000000 0.749207 270.722242
 164.500000 0.781723 275.820369
 165.000000 0.775684 274.978934
 165.500000 0.789744 277.211027
 166.000000 0.759642 273.841623
 166.500000 0.781872 276.754369
 167.000000 0.782344 275.852661
 167.500000 0.786552 276.848415
 168.000000 0.774303 274.490534
 168.500000 0.790307 276.598541
 169.000000 0.787798 277.050730
 169.500000 0.760753 273.193526
 170.000000 0.738674 269.522847
 170.500000 0.795266 278.007383
 171.000000 0.787554 278.163251
 171.500000 0.777775 276.610943
 172.000000 0.746918 268.137392
 172.500000 0.773645 274.726855
 173.000000 0.763837 273.194052
 173.500000 0.774571 275.051495
 174.000000 0.776320 274.828703
 174.500000 0.761096 272.464317
 175.000000 0.780814 275.944339
 175.500000 0.770391 274.485646
 176.000000 0.788025 276.204641
 176.500000 0.784391 276.173996
 177.000000 0.772965 275.828952
 177.500000 0.754896 272.347019
 178.000000 0.772248 274.191092
 178.500000 0.776922 276.159876
 179.000000 0.750171 271.380815
 179.500000 0.764625 272.906200
 180.000000 0.754483 272.262470
 180.500000 0.756816 270.267919
 181.000000 0.777077 275.461243
 181.500000 0.785132 276.426677
 182.000000 0.755948 271.451499
 182.500000 0.776892 275.171806
 183.000000 0.765913 272.850778
 183.500000 0.757413 271.139662
 184.000000 0.763352 272.123956
 184.500000 0.771833 272.954858
 185.000000 0.765319 272.563480
 185.500000 0.771759 274.786634
 186.000000 0.760109 272.169351
 186.500000 0.774739 275.780374
 187.000000 0.753239 272.970094
 187.500000 0.746198 269.952393
 188.000000 0.768633 274.168772
 188.500000 0.758011 272.115851
 189.000000 0.767054 273.284576
 189.500000 0.737202 267.424632
 190.000000 0.754560 272.000211
 190.500000 0.744185 269.761580
 191.000000 0.766471 272.668764
 191.500000 0.763576 273.505274
 192.000000 0.752746 271.455634
 192.500000 0.772654 275.679079
 193.000000 0.759902 273.294805
 193.500000 0.777607 275.530603
 194.000000 0.774513 276.016462
 194.500000 0.766569 273.362185
 195.000000 0.753452 272.539114
 195.500000 0.754825 271.339782
 196.000000 0.762829 273.741033
 196.500000 0.783556 275.544035
 197.000000 0.753510 268.456367
 197.500000 0.749381 267.443719
 198.000000 0.783479 275.894547
 198.500000 0.765771 272.878563
 199.000000 0.769535 275.049211
 199.500000 0.757662 270.658178
 200.000000 0.771314 274.763951
 200.500000 0.777160 275.319147
 201.000000 0.776498 276.093977
 201.500000 0.763796 272.887092
 202.000000 0.774285 274.708539
 202.500000 0.753917 269.989851
 203.000000 0.772054 275.285435
 203.500000 0.782700 276.471477
 204.000000 0.780903 276.404729
 204.500000 0.759544 272.797749
 205.000000 0.781469 275.162443
 205.500000 0.768216 273.386016
 206.000000 0.771491 273.219053
 206.500000 0.753937 271.404697
 207.000000 0.771794 275.472267
 207.500000 0.776911 275.051308
 208.000000 0.752246 270.433044
 208.500000 0.750032 271.714056
 209.000000 0.781651 275.339219
 209.500000 0.774693 276.116667
 210.000000 0.740626 267.372550
 210.500000 0.755633 270.350715
 211.000000 0.782525 276.384821
 211.500000 0.792230 277.947158
 212.000000 0.774561 276.538979
 212.500000 0.771186 275.458327
 213.000000 0.787212 276.416342
 213.500000 0.760014 272.752249
 214.000000 0.768560 273.805454
 214.500000 0.781286 274.348118
 215.000000 0.788999 277.118492
 215.500000 0.759183 272.136479
 216.000000 0.782647 276.905223
 216.500000 0.772882 275.052105
 217.000000 0.752718 271.174580
 217.500000 0.753999 268.605041
 218.000000 0.768054 274.362476
 218.500000 0.749133 271.646970
 219.000000 0.751772 270.264041
 219.500000 0.767724 274.576669
 220.000000 0.779874 277.171082
 220.500000 0.765964 273.340586
 221.000000 0.778260 276.319532
 221.500000 0.783595 277.215784
 222.000000 0.774776 275.377591
 222.500000 0.773943 275.742259
 223.000000 0.773096 276.100433
 223.500000 0.799240 278.000972
 224.000000 0.775249 273.833060
 224.500000 0.764343 271.553607
 225.000000 0.758560 272.939894
 225.500000 0.784284 277.184796
 226.000000 0.762854 273.784165
 226.500000 0.781921 276.806146
 227.000000 0.766531 273.396657
 227.500000 0.773090 272.990307
 228.000000 0.762097 271.886700
 228.500000 0.760188 271.933119
 229.000000 0.772084 272.914774
 229.500000 0.783887 276.550028
 230.000000 0.759892 273.290299
 230.500000 0.777882 276.294747
 231.000000 0.781573 277.325184
 231.500000 0.777441 275.660796
 232.000000 0.763429 271.742190
 232.500000 0.792619 278.231935
 233.000000 0.798117 276.843824
 233.500000 0.783022 276.730986
 234.000000 0.776181 275.700901
 234.500000 0.774899 275.573031
 235.000000 0.796813 277.600103
 235.500000 0.792002 276.518540
 236.000000 0.764039 274.104587
 236.500000 0.784195 277.422461
 237.000000 0.768104 274.959736
 237.500000 0.776124 273.935173
 238.000000 0.766426 274.079046
 238.500000 0.780983 274.427902
 239.000000 0.778347 273.608982
 239.500000 0.772813 275.154200
 240.000000 0.768923 274.757722
 240.500000 0.777818 275.075287
 241.000000 0.787329 277.825687
 241.500000 0.757869 270.824468
 242.000000 0.749113 271.755362
 242.500000 0.774643 274.365486
 243.000000 0.773754 273.347920
 243.500000 0.764432 272.286239
 244.000000 0.759797 271.919433
 244.500000 0.796845 277.932675
 245.000000 0.747344 268.302478
 245.500000 0.763469 272.299049
 246.000000 0.771372 274.003271
 246.500000 0.798614 277.859929
 247.000000 0.777941 274.971489
 247.500000 0.764507 273.352251
 248.000000 0.777473 275.823014
 248.500000 0.798922 277.934996
 249.000000 0.781502 274.399360
 249.500000 0.773076 273.969950
 250.000000 0.754873 271.248589
 250.500000 0.766262 272.505580
 251.000000 0.754472 271.280151
 251.500000 0.790169 275.631969
 252.000000 0.740381 268.861200
 252.500000 0.760750 274.086268
 253.000000 0.759929 271.823676
 253.500000 0.780809 276.481971
 254.000000 0.764179 273.300727
 254.500000 0.778692 273.081193
 255.000000 0.763470 272.512723
 255.500000 0.787945 277.632064
 256.000000 0.748860 270.499396
 256.500000 0.790141 277.972594
 257.000000 0.763154 273.853816
 257.500000 0.776871 274.631983
 258.000000 0.759705 271.230605
 258.500000 0.768389 273.562663
 259.000000 0.784313 276.385439
 259.500000 0.801502 279.223000
 260.000000 0.758377 270.681328
 260.500000 0.788282 276.672516
 261.000000 0.769377 272.829642
 261.500000 0.784491 278.088212
 262.000000 0.748130 269.741264
 262.500000 0.753981 272.076533
 263.000000 0.775191 274.906817
 263.500000 0.769327 272.441056
 264.000000 0.757732 272.486645
 264.500000 0.787345 276.227780
 265.000000 0.770441 273.889664
 265.500000 0.811050 280.145716
 266.000000 0.762754 272.113169
 266.500000 0.768242 273.880286
 267.000000 0.792374 277.711598
 267.500000 0.774892 275.168716
 268.000000 0.753329 273.013741
 268.500000 0.777954 275.014129
 269.000000 0.779755 275.761710
 269.500000 0.781109 275.128684
 270.000000 0.764244 272.701876
 270.500000 0.757675 271.658559
 271.000000 0.806678 278.635909
 271.500000 0.764692 273.220428
 272.000000 0.760259 273.294974
 272.500000 0.777863 274.075829
 273.000000 0.778608 275.945733
 273.500000 0.779140 275.060275
 274.000000 0.754616 270.617791
 274.500000 0.774591 275.828150
 275.000000 0.785485 277.226425
 275.500000 0.772365 273.977189
 276.000000 0.775299 275.513460
 276.500000 0.768341 273.957117
 277.000000 0.802466 277.926680
 277.500000 0.761252 272.138275
 278.000000 0.762347 270.892832
 278.500000 0.756005 272.281539
 279.000000 0.789091 276.529648
 279.500000 0.767448 273.705077
 280.000000 0.772581 275.069527
 280.500000 0.745771 267.548502
 281.000000 0.751216 268.799521
 281.500000 0.772247 274.172594
 282.000000 0.770382 272.858199
 282.500000 0.748014 268.445500
 283.000000 0.776746 274.887519
 283.500000 0.771008 274.186212
 284.000000 0.755047 272.241954
 284.500000 0.754396 272.253794
 285.000000 0.780209 274.414025
 285.500000 0.763167 274.563978
 286.000000 0.762095 272.108405
 286.500000 0.745164 269.385462
 287.000000 0.787107 277.811079
 287.500000 0.775069 275.061435
 288.000000 0.766282 272.770199
 288.500000 0.788146 275.560367
 289.000000 0.775791 275.391130
 289.500000 0.787777 277.063452
 290.000000 0.746019 269.148061
 290.500000 0.785897 276.452337
 291.000000 0.767241 273.260889
 291.500000 0.779331 276.933673
 292.000000 0.749874 270.646957
 292.500000 0.782837 276.314555
 293.000000 0.786381 275.607005
 293.500000 0.781105 276.686160
 294.000000 0.752726 271.393593
 294.500000 0.782321 274.337824
 295.000000 0.781059 276.422191
 295.500000 0.769895 272.393909
 296.000000 0.775090 275.382154
 296.500000 0.771581 273.858877
 297.000000 0.789119 277.422174
 297.500000 0.772137 272.921924
 298.000000 0.747931 268.634340
 298.500000 0.775622 276.124491
 299.000000 0.773812 275.275445
 299.500000 0.771228 274.193232
 300.000000 0.777223 275.389804
 300.500000 0.784118 273.378723
 301.000000 0.773752 274.945600
 301.500000 0.776467 274.244211
 302.000000 0.789630 278.206984
 302.500000 0.782068 276.237345
 303.000000 0.766452 272.448674
 303.500000 0.791493 277.590012
 304.000000 0.775384 273.674144
 304.500000 0.776483 274.425045
 305.000000 0.797957 277.621928
 305.500000 0.767953 275.022809
 306.000000 0.749029 270.397360
 306.500000 0.789839 276.917086
 307.000000 0.775350 276.202755
 307.500000 0.761204 272.136576
 308.000000 0.784475 277.509483
 308.500000 0.751591 270.278602
 309.000000 0.800890 278.552282
 309.500000 0.748885 268.631585
 310.000000 0.770606 275.499763
 310.500000 0.775894 275.385207
 311.000000 0.782641 274.773727
 311.500000 0.768552 274.313876
 312.000000 0.761442 273.228012
 312.500000 0.802169 278.533575
 313.000000 0.776046 275.339469
 313.500000 0.764855 271.934636
 314.000000 0.782590 277.479043
 314.500000 0.770880 275.444792
 315.000000 0.768371 274.936201
 315.500000 0.769019 275.010695
 316.000000 0.765114 273.451240
 316.500000 0.759948 272.570675
 317.000000 0.787880 276.757893
 317.500000 0.760630 273.103018
 318.000000 0.779134 276.322140
 318.500000 0.758619 273.869922
 319.000000 0.770728 274.375695
 319.500000 0.760437 271.053659
 320.000000 0.761980 270.638593
 320.500000 0.793291 277.375199
 321.000000 0.772470 275.926177
 321.500000 0.775331 275.506017
 322.000000 0.761794 272.285997
 322.500000 0.777887 275.703023
 323.000000 0.743769 269.557596
 323.500000 0.781274 277.339138
 324.000000 0.777069 273.604711
 324.500000 0.765756 273.139746
 325.000000 0.771262 273.367253
 325.500000 0.773408 273.720074
 326.000000 0.769226 274.116004
 326.500000 0.782830 275.261640
 327.000000 0.777925 274.558571
 327.500000 0.779452 276.513546
 328.000000 0.780015 276.976481
 328.500000 0.754309 271.571448
 329.000000 0.792491 277.933927
 329.500000 0.786869 276.804800
 330.000000 0.761660 272.651677
 330.500000 0.777382 275.037537
 331.000000 0.785581 275.043312
 331.500000 0.774721 275.766529
 332.000000 0.768632 275.474910
 332.500000 0.768125 273.238368
 333.000000 0.784097 275.862409
 333.500000 0.780539 276.698121
 334.000000 0.766309 274.684081
 334.500000 0.798520 276.841348
 335.000000 0.813731 280.167031
 335.500000 0.758664 271.692232
 336.000000 0.778580 275.284195
 336.500000 0.782008 275.362491
 337.000000 0.784506 276.269714
 337.500000 0.787214 277.092063
 338.000000 0.758330 272.308599
 338.500000 0.764966 271.430494
 339.000000 0.789154 275.131253
 339.500000 0.790685 277.809179
 340.000000 0.760724 273.216879
 340.500000 0.754599 271.217857
 341.000000 0.790959 278.252059
 341.500000 0.785676 276.815689
 342.000000 0.763578 274.340507
 342.500000 0.791460 277.335205
 343.000000 0.783317 275.992338
 343.500000 0.788444 275.050153
 344.000000 0.757708 270.642347
 344.500000 0.799705 278.090991
 345.000000 0.782679 277.384750
 345.500000 0.777299 274.854877
 346.000000 0.756389 272.325596
 346.500000 0.783816 276.003832
 347.000000 0.794260 278.145486
 347.500000 0.782077 274.903060
 348.000000 0.762773 271.802320
 348.500000 0.778198 274.909934
 349.000000 0.796005 277.789300
 349.500000 0.785486 276.519198
 350.000000 0.760088 272.937975
 350.500000 0.790588 276.677419
 351.000000 0.771339 275.330898
 351.500000 0.782425 276.510756
 352.000000 0.772712 274.502476
 352.500000 0.792169 277.974638
 353.000000 0.790816 276.546313
 353.500000 0.775177 274.659850
 354.000000 0.790993 276.069328
 354.500000 0.786388 276.544043
 355.000000 0.786945 277.151236
 355.500000 0.782816 275.770633
 356.000000 0.772275 273.159440
 356.500000 0.799781 277.671340
 357.000000 0.762675 274.242737
 357.500000 0.783801 275.125488
 358.000000 0.785148 276.100891
 358.500000 0.799460 278.367903
 359.000000 0.771662 274.771635
 359.500000 0.788301 277.070782
 360.000000 0.762893 272.960167
 360.500000 0.783390 276.167363
 361.000000 0.776987 274.512685
 361.500000 0.771239 274.409821
 362.000000 0.768189 275.200999
 362.500000 0.762172 271.562865
 363.000000 0.767885 274.115325
 363.500000 0.755233 272.012045
 364.000000 0.769747 273.396105
 364.500000 0.767525 274.789854
 365.000000 0.763536 272.296267
 365.500000 0.775021 275.893378
 366.000000 0.769258 273.024634
 366.500000 0.769579 272.029234
 367.000000 0.766904 273.148192
 367.500000 0.777133 275.116651
 368.000000 0.784495 276.748588
 368.500000 0.779043 276.543579
 369.000000 0.779320 275.475207
 369.500000 0.763889 273.844024
 370.000000 0.778551 274.495015
 370.500000 0.777671 276.137066
 371.000000 0.773867 276.081913
 371.500000 0.782660 275.655001
 372.000000 0.765731 273.855817
 372.500000 0.786069 276.384671
 373.000000 0.791705 278.715287
 373.500000 0.785136 276.287347
 374.000000 0.772165 275.075886
 374.500000 0.784054 276.833584
 375.000000 0.775645 274.043739
 375.500000 0.776908 276.075381
 376.000000 0.776120 275.341407
 376.500000 0.780852 277.321814
 377.000000 0.789248 277.399346
 377.500000 0.782325 275.743878
 378.000000 0.784326 276.805193
 378.500000 0.794565 278.710610
 379.000000 0.770043 275.314187
 379.500000 0.782497 275.935281
 380.000000 0.779530 276.595144
 380.500000 0.798301 279.215535
 381.000000 0.755974 270.254596
 381.500000 0.767391 274.028961
 382.000000 0.779779 275.186544
 382.500000 0.760221 273.071320
 383.000000 0.742529 269.267509
 383.500000 0.777086 275.993346
 384.000000 0.783245 275.573610
 384.500000 0.778931 273.870072
 385.000000 0.769846 274.972434
 385.500000 0.796069 278.232977
 386.000000 0.772413 275.231107
 386.500000 0.760879 271.062737
 387.000000 0.769153 272.461882
 387.500000 0.810118 280.586397
 388.000000 0.787558 276.930782
 388.500000 0.789276 277.916317
 389.000000 0.778191 275.415786
 389.500000 0.781314 275.645455
 390.000000 0.775246 276.440365
 390.500000 0.786115 277.104704
 391.000000 0.766499 275.135176
 391.500000 0.780644 275.567390
 392.000000 0.782550 274.548819
 392.500000 0.781987 275.987956
 393.000000 0.773417 274.530266
 393.500000 0.760363 273.797973
 394.000000 0.758488 271.537799
 394.500000 0.782684 275.597640
 395.000000 0.768459 273.740816
 395.500000 0.760554 271.229011
 396.000000 0.767571 275.479256
 396.500000 0.798215 278.062902
 397.000000 0.768185 272.202811
 397.500000 0.786305 277.521656
 398.000000 0.766763 273.720404
 398.500000 0.770313 272.709981
 399.000000 0.787213 276.851669
 399.500000 0.795369 278.513660
 400.000000 0.795894 278.424082
