#! FIELDS time refcv.mean refcv.morethan
 0.000000 1.251523 287.813177
 0.500000 1.195328 287.722998
 1.000000 1.198138 287.727277
 1.500000 1.196733 287.728209
 2.000000 1.204685 287.742239
 2.500000 1.198332 287.725338
 3.000000 1.191772 287.715963
 3.500000 1.205549 287.742527
 4.000000 1.197871 287.731738
 4.500000 1.199322 287.732271
 5.000000 1.197599 287.728604
 5.500000 1.201335 287.737452
 6.000000 1.212679 287.755790
 6.500000 1.196432 287.727109
 7.000000 1.201622 287.737620
 7.500000 1.200527 287.734938
 8.000000 1.202575 287.737307
 8.500000 1.200614 287.735125
 9.000000 1.198421 287.731142
 9.500000 1.197660 287.728801
 10.000000 1.197808 287.729200
 10.500000 1.197924 287.730759
 11.000000 1.193393 287.721598
 11.500000 1.207737 287.746309
 12.000000 1.196160 287.727427
 12.500000 1.196804 287.728054
 13.000000 1.200583 287.734808
 13.500000 1.199742 287.731280
 14.000000 1.204676 287.742814
 14.500000 1.200607 287.735688
 15.000000 1.202786 287.739858
 15.500000 1.199405 287.732829
 16.000000 1.196062 287.724643
 16.500000 1.196379 287.727292
 17.000000 1.199423 287.732502
 17.500000 1.198104 287.730821
 18.000000 1.201615 287.737117
 18.500000 1.199544 287.732213
 19.000000 1.197697 287.728478
 19.500000 1.198083 287.730225
 20.000000 1.197604 287.728419
 20.500000 1.199733 287.733048
 21.000000 1.204438 287.741671
 21.500000 1.194482 287.724594
 22.000000 1.207941 287.746703
 22.500000 1.193384 287.717787
 23.000000 1.206053 287.744731
 23.500000 1.198060 287.729205
 24.000000 1.192629 287.719981
 24.500000 1.196352 287.726407
 25.000000 1.192098 287.717817
 25.500000 1.195697 287.726821
 26.000000 1.195037 287.721860
 26.500000 1.197932 287.730898
 27.000000 1.194254 287.722100
 27.500000 1.199584 287.732013
 28.000000 1.191133 287.718056
 28.500000 1.202170 287.737684
 29.000000 1.191770 287.718882
 29.500000 1.193880 287.722050
 30.000000 1.193344 287.719611
 30.500000 1.188228 287.709447
 31.000000 1.201135 287.734576
 31.500000 1.184083 287.703285
 32.000000 1.199428 287.732536
 32.500000 1.191705 287.716975
 33.000000 1.186427 287.708141
 33.500000 1.199465 287.732668
 34.000000 1.191060 287.717538
 34.500000 1.199434 287.732140
 35.000000 1.196715 287.726398
 35.500000 1.193304 287.721814
 36.000000 1.192528 287.716666
 36.500000 1.198807 287.730438
 37.000000 1.192699 287.720587
 37.500000 1.197597 287.730010
 38.000000 1.191373 287.715869
 38.500000 1.193651 287.721813
 39.000000 1.195442 287.725674
 39.500000 1.194082 287.720574
 40.000000 1.198799 287.731989
 40.500000 1.197112 287.727212
 41.000000 1.186940 287.707825
 41.500000 1.200103 287.735385
 42.000000 1.192080 287.717849
 42.500000 1.197183 287.727553
 43.000000 1.193582 287.719687
 43.500000 1.195180 287.723348
 44.000000 1.196051 287.726438
 44.500000 1.194215 287.722907
 45.000000 1.194407 287.722673
 45.500000 1.195393 287.725320
 46.000000 1.203058 287.739318
 46.500000 1.194613 287.723993
 47.000000 1.185217 287.703737
 47.500000 1.204049 287.740034
 48.000000 1.193551 287.719875
 48.500000 1.193026 287.719419
 49.000000 1.188237 287.710332
 49.500000 1.187406 287.708722
 50.000000 1.190864 287.717335
 50.500000 1.193232 287.720588
 51.000000 1.191990 287.719804
 51.500000 1.196809 287.729465
 52.000000 1.197388 287.727048
 52.500000 1.189098 287.712750
 53.000000 1.191725 287.718066
 53.500000 1.205601 287.744279
 54.000000 1.194189 287.723328
 54.500000 1.195607 287.725516
 55.000000 1.200495 287.735148
 55.500000 1.188934 287.712368
 56.000000 1.195466 287.725322
 56.500000 1.192945 287.722174
 57.000000 1.198716 287.731670
 57.500000 1.195762 287.725999
 58.000000 1.189800 287.713906
 58.500000 1.195060 287.725393
 59.000000 1.195022 287.724763
 59.500000 1.198374 287.730574
 60.000000 1.188795 287.712763
 60.500000 1.178938 287.690956
 61.000000 1.205036 287.742982
 61.500000 1.183682 287.701013
 62.000000 1.195620 287.721527
 62.500000 1.190094 287.712748
 63.000000 1.185157 287.704452
 63.500000 1.193711 287.720636
 64.000000 1.186217 287.705866
 64.500000 1.189704 287.715232
 65.000000 1.195887 287.725521
 65.500000 1.185412 287.705129
 66.000000 1.194829 287.721638
 66.500000 1.190153 287.714783
 67.000000 1.196210 287.725803
 67.500000 1.184798 287.701596
 68.000000 1.191873 287.716663
 68.500000 1.193601 287.721087
 69.000000 1.188749 287.708915
 69.500000 1.196188 287.726154
 70.000000 1.188334 287.711412
 70.500000 1.194985 287.725342
 71.000000 1.190960 287.715310
 71.500000 1.202113 287.737748
 72.000000 1.183489 287.698903
 72.500000 1.190199 287.715390
 73.000000 1.190787 287.715547
 73.500000 1.188256 287.709513
 74.000000 1.191068 287.718090
 74.500000 1.192500 287.719754
 75.000000 1.195329 287.724725
 75.500000 1.187944 287.708236
 76.000000 1.192952 287.720370
 76.500000 1.202814 287.737450
 77.000000 1.193521 287.721372
 77.500000 1.191326 287.716926
 78.000000 1.194779 287.723586
 78.500000 1.192693 287.719543
 79.000000 1.194343 287.720289
 79.500000 1.194689 287.720814
 80.000000 1.186502 287.706413
 80.500000 1.192793 287.719251
 81.000000 1.189910 287.713431
 81.500000 1.197564 287.729309
 82.000000 1.199536 287.733668
 82.500000 1.193400 287.720861
 83.000000 1.186005 287.705015
 83.500000 1.193450 287.720454
 84.000000 1.191287 287.718040
 84.500000 1.186818 287.709181
 85.000000 1.196920 287.726188
 85.500000 1.192146 287.719287
 86.000000 1.193506 287.719292
 86.500000 1.189886 287.712448
 87.000000 1.192206 287.717683
 87.500000 1.194713 287.723526
 88.000000 1.196959 287.727159
 88.500000 1.186796 287.709918
 89.000000 1.199946 287.732547
 89.500000 1.197746 287.729271
 90.000000 1.192825 287.717210
 90.500000 1.198449 287.730319
 91.000000 1.186351 287.705564
 91.500000 1.196492 287.727391
 92.000000 1.188197 287.710811
 92.500000 1.189972 287.715040
 93.000000 1.197558 287.727610
 93.500000 1.190468 287.715478
 94.000000 1.199519 287.731910
 94.500000 1.184948 287.704069
 95.000000 1.199766 287.733496
 95.500000 1.186110 287.704024
 96.000000 1.189198 287.713724
 96.500000 1.185149 287.697137
 97.000000 1.194509 287.723050
 97.500000 1.179063 287.683610
 98.000000 1.197419 287.729214
 98.500000 1.181939 287.695691
 99.000000 1.185128 287.702885
 99.500000 1.195055 287.718819
 100.000000 1.177008 287.687719
 100.500000 1.188979 287.709665
 101.000000 1.188494 287.710711
 101.500000 1.193697 287.717456
 102.000000 1.187747 287.708231
 102.500000 1.190165 287.715066
 103.000000 1.193391 287.721448
 103.500000 1.193951 287.718705
 104.000000 1.186853 287.706103
 104.500000 1.189860 287.714503
 105.000000 1.187714 287.708937
 105.500000 1.194064 287.717477
 106.000000 1.178696 287.689982
 106.500000 1.202040 287.735445
 107.000000 1.180225 287.694955
 107.500000 1.193643 287.722044
 108.000000 1.190971 287.716987
 108.500000 1.189278 287.709875
 109.000000 1.195329 287.725653
 109.500000 1.193549 287.721889
 110.000000 1.184805 287.704387
 110.500000 1.199191 287.732014
 111.000000 1.190845 287.716927
 111.500000 1.193404 287.722586
 112.000000 1.192102 287.715846
 112.500000 1.187982 287.710918
 113.000000 1.196912 287.726552
 113.500000 1.190782 287.714245
 114.000000 1.190445 287.715869
 114.500000 1.184101 287.699431
 115.000000 1.187670 287.706048
 115.500000 1.188678 287.710510
 116.000000 1.186235 287.702045
 116.500000 1.190962 287.716503
 117.000000 1.186691 287.706622
 117.500000 1.196952 287.727990
 118.000000 1.191179 287.717349
 118.500000 1.193289 287.720434
 119.000000 1.189756 287.714834
 119.500000 1.180860 287.693317
 120.000000 1.185437 287.705758
 120.500000 1.195336 287.725607
 121.000000 1.185989 287.704092
 121.500000 1.189686 287.714434
 122.000000 1.189087 287.711791
 122.500000 1.183694 287.699233
 123.000000 1.187178 287.706007
 123.500000 1.188441 287.709321
 124.000000 1.191854 287.718572
 124.500000 1.193570 287.719855
 125.000000 1.182215 287.695509
 125.500000 1.191647 287.715155
 126.000000 1.185382 287.702100
 126.500000 1.190193 287.711268
 127.000000 1.196990 287.728382
 127.500000 1.175553 287.684942
 128.000000 1.209534 287.749501
 128.500000 1.178206 287.687950
 129.000000 1.195200 287.724733
 129.500000 1.190414 287.715444
 130.000000 1.183476 287.699091
 130.500000 1.199241 287.732124
 131.000000 1.178330 287.688486
 131.500000 1.198252 287.730972
 132.000000 1.188397 287.711693
 132.500000 1.190995 287.717834
 133.000000 1.194894 287.724314
 133.500000 1.180756 287.696555
 134.000000 1.201681 287.736059
 134.500000 1.184478 287.701717
 135.000000 1.190892 287.714134
 135.500000 1.188584 287.710355
 136.000000 1.195459 287.725879
 136.500000 1.183482 287.700071
 137.000000 1.193355 287.717925
 137.500000 1.184370 287.699826
 138.000000 1.192884 287.718838
 138.500000 1.193979 287.721402
 139.000000 1.185582 287.702690
 139.500000 1.195173 287.724912
 140.000000 1.188546 287.710885
 140.500000 1.187595 287.707448
 141.000000 1.195613 287.724198
 141.500000 1.186433 287.708096
 142.000000 1.189284 287.712141
 142.500000 1.191602 287.714989
 143.000000 1.191286 287.718307
 143.500000 1.190315 287.715055
 144.000000 1.193456 287.721321
 144.500000 1.185443 287.705962
 145.000000 1.192023 287.716838
 145.500000 1.189887 287.715117
 146.000000 1.193428 287.721087
 146.500000 1.193864 287.720830
 147.000000 1.188117 287.709329
 147.500000 1.195111 287.724822
 148.000000 1.183763 287.700174
 148.500000 1.190358 287.716277
 149.000000 1.183328 287.701100
 149.500000 1.190499 287.714057
 150.000000 1.185741 287.706871
 150.500000 1.196380 287.726223
 151.000000 1.189607 287.710919
 151.500000 1.179470 287.691973
 152.000000 1.191943 287.716199
 152.500000 1.196829 287.728065
 153.000000 1.183902 287.701812
 153.500000 1.190927 287.715109
 154.000000 1.184183 287.701063
 154.500000 1.186630 287.707069
 155.000000 1.189579 287.713065
 155.500000 1.184547 287.698147
 156.000000 1.188078 287.708471
 156.500000 1.191147 287.715453
 157.000000 1.188497 287.710425
 157.500000 1.197569 287.728849
 158.000000 1.185980 287.703848
 158.500000 1.192420 287.720617
 159.000000 1.191607 287.716758
 159.500000 1.187873 287.709059
 160.000000 1.194516 287.722002
 160.500000 1.190292 287.714343
 161.000000 1.192303 287.718232
 161.500000 1.188748 287.711860
 162.000000 1.192555 287.718265
 162.500000 1.187531 287.709082
 163.000000 1.188278 287.709465
 163.500000 1.202419 287.737864
 164.000000 1.183550 287.695372
 164.500000 1.195152 287.724623
 165.000000 1.192324 287.718294
 165.500000 1.192979 287.720391
 166.000000 1.189811 287.713922
 166.500000 1.194375 287.723577
 167.000000 1.190738 287.716701
 167.500000 1.199477 287.732908
 168.000000 1.191546 287.716430
 168.500000 1.192606 287.715882
 169.000000 1.193420 287.720983
 169.500000 1.184752 287.703568
 170.000000 1.182170 287.698234
 170.500000 1.198711 287.731542
 171.000000 1.190643 287.717679
 171.500000 1.198239 287.730745
 172.000000 1.180573 287.690145
 172.500000 1.188610 287.711786
 173.000000 1.187998 287.709890
 173.500000 1.192161 287.719695
 174.000000 1.193817 287.720613
 174.500000 1.188554 287.710065
 175.000000 1.192828 287.717947
 175.500000 1.190955 287.717272
 176.000000 1.201876 287.735684
 176.500000 1.192481 287.718303
 177.000000 1.188136 287.711762
 177.500000 1.192554 287.718878
 178.000000 1.189717 287.712881
 178.500000 1.189656 287.714187
 179.000000 1.188312 287.710938
 179.500000 1.187219 287.706700
 180.000000 1.183901 287.702489
 180.500000 1.188949 287.709908
 181.000000 1.190045 287.715001
 181.500000 1.195334 287.724136
 182.000000 1.192447 287.718301
 182.500000 1.189825 287.713627
 183.000000 1.187827 287.708916
 183.500000 1.191357 287.715829
 184.000000 1.185474 287.703659
 184.500000 1.193013 287.717823
 185.000000 1.195126 287.722834
 185.500000 1.188707 287.710988
 186.000000 1.189949 287.712577
 186.500000 1.193598 287.722406
 187.000000 1.184936 287.705631
 187.500000 1.190567 287.714808
 188.000000 1.192642 287.720004
 188.500000 1.186727 287.707225
 189.000000 1.190545 287.713742
 189.500000 1.184016 287.700825
 190.000000 1.187033 287.707960
 190.500000 1.180117 287.694192
 191.000000 1.195301 287.723942
 191.500000 1.185491 287.704150
 192.000000 1.185218 287.704980
 192.500000 1.198481 287.731300
 193.000000 1.185311 287.705405
 193.500000 1.195451 287.725396
 194.000000 1.196755 287.728245
 194.500000 1.190095 287.714739
 195.000000 1.184060 287.702469
 195.500000 1.194367 287.721452
 196.000000 1.186623 287.707699
 196.500000 1.193163 287.718990
 197.000000 1.193522 287.716200
 197.500000 1.180032 287.688519
 198.000000 1.197279 287.725916
 198.500000 1.194613 287.721982
 199.000000 1.187721 287.710894
 199.500000 1.189213 287.710194
 200.000000 1.192875 287.719783
 200.500000 1.189857 287.714757
 201.000000 1.201708 287.736579
 201.500000 1.190667 287.714201
 202.000000 1.188544 287.711078
 202.500000 1.187014 287.705822
 203.000000 1.199381 287.732031
 203.500000 1.194306 287.722679
 204.000000 1.193387 287.720991
 204.500000 1.190415 287.714292
 205.000000 1.200456 287.733730
 205.500000 1.187078 287.707348
 206.000000 1.192409 287.716844
 206.500000 1.192767 287.718350
 207.000000 1.188251 287.711457
 207.500000 1.192689 287.719448
 208.000000 1.190395 287.713218
 208.500000 1.185807 287.706211
 209.000000 1.200225 287.733230
 209.500000 1.186757 287.708965
 210.000000 1.184279 287.699496
 210.500000 1.194149 287.720055
 211.000000 1.190052 287.713662
 211.500000 1.200976 287.735738
 212.000000 1.199395 287.733696
 212.500000 1.191635 287.718519
 213.000000 1.193379 287.720933
 213.500000 1.195635 287.724420
 214.000000 1.191082 287.715578
 214.500000 1.192360 287.717491
 215.000000 1.206318 287.744703
 215.500000 1.185477 287.704859
 216.000000 1.198907 287.731267
 216.500000 1.192992 287.719491
 217.000000 1.185349 287.703892
 217.500000 1.192602 287.714626
 218.000000 1.184006 287.701852
 218.500000 1.188760 287.712412
 219.000000 1.187344 287.706132
 219.500000 1.187884 287.710708
 220.000000 1.200404 287.735521
 220.500000 1.189313 287.711909
 221.000000 1.195746 287.726709
 221.500000 1.200999 287.735982
 222.000000 1.190871 287.717069
 222.500000 1.194087 287.722880
 223.000000 1.194169 287.723084
 223.500000 1.200150 287.733492
 224.000000 1.190140 287.712576
 224.500000 1.193210 287.718359
 225.000000 1.187124 287.708406
 225.500000 1.197906 287.730357
 226.000000 1.184650 287.704561
 226.500000 1.202440 287.738735
 227.000000 1.192084 287.716691
 227.500000 1.190067 287.714163
 228.000000 1.189387 287.710415
 228.500000 1.187442 287.708711
 229.000000 1.190726 287.713988
 229.500000 1.196040 287.727068
 230.000000 1.187668 287.709652
 230.500000 1.196278 287.726588
 231.000000 1.192087 287.719710
 231.500000 1.190008 287.714960
 232.000000 1.191396 287.714832
 232.500000 1.202342 287.737821
 233.000000 1.194697 287.722997
 233.500000 1.197112 287.728105
 234.000000 1.196863 287.727111
 234.500000 1.189940 287.714718
 235.000000 1.203903 287.740481
 235.500000 1.196498 287.726536
 236.000000 1.192960 287.720668
 236.500000 1.199135 287.732668
 237.000000 1.185775 287.707545
 237.500000 1.201256 287.733276
 238.000000 1.190293 287.714737
 238.500000 1.193131 287.719883
 239.000000 1.195946 287.723909
 239.500000 1.190641 287.716342
 240.000000 1.194822 287.723627
 240.500000 1.194809 287.723527
 241.000000 1.192592 287.720239
 241.500000 1.190146 287.712852
 242.000000 1.189402 287.712442
 242.500000 1.192885 287.718684
 243.000000 1.189298 287.711077
 243.500000 1.190157 287.712568
 244.000000 1.191323 287.715827
 244.500000 1.200371 287.734480
 245.000000 1.177358 287.683812
 245.500000 1.193194 287.719066
 246.000000 1.189517 287.711446
 246.500000 1.201814 287.737031
 247.000000 1.190905 287.715405
 247.500000 1.186444 287.707062
 248.000000 1.199998 287.732302
 248.500000 1.196833 287.727747
 249.000000 1.195079 287.722266
 249.500000 1.195377 287.724342
 250.000000 1.184156 287.701472
 250.500000 1.193230 287.720110
 251.000000 1.185043 287.703926
 251.500000 1.196272 287.725227
 252.000000 1.183467 287.699556
 252.500000 1.198734 287.731468
 253.000000 1.179201 287.691602
 253.500000 1.198305 287.730907
 254.000000 1.189809 287.713120
 254.500000 1.192030 287.715901
 255.000000 1.192731 287.718437
 255.500000 1.200577 287.734184
 256.000000 1.183691 287.700934
 256.500000 1.201216 287.736398
 257.000000 1.189148 287.713320
 257.500000 1.194953 287.722892
 258.000000 1.189866 287.710487
 258.500000 1.192163 287.717860
 259.000000 1.193018 287.720883
 259.500000 1.208287 287.748366
 260.000000 1.189028 287.709835
 260.500000 1.198364 287.729499
 261.000000 1.193179 287.718250
 261.500000 1.195811 287.727446
 262.000000 1.186988 287.706704
 262.500000 1.187367 287.708898
 263.000000 1.193230 287.720783
 263.500000 1.191453 287.715090
 264.000000 1.182704 287.699742
 264.500000 1.203377 287.739546
 265.000000 1.187933 287.708500
 265.500000 1.204214 287.741822
 266.000000 1.192901 287.718842
 266.500000 1.189930 287.714312
 267.000000 1.193259 287.720988
 267.500000 1.195229 287.722774
 268.000000 1.182804 287.700835
 268.500000 1.195416 287.725023
 269.000000 1.194695 287.723196
 269.500000 1.187596 287.704453
 270.000000 1.193315 287.719421
 270.500000 1.187906 287.709634
 271.000000 1.203025 287.738508
 271.500000 1.184125 287.701791
 272.000000 1.190146 287.713417
 272.500000 1.194293 287.721428
 273.000000 1.191109 287.716925
 273.500000 1.193527 287.719895
 274.000000 1.184092 287.700870
 274.500000 1.192758 287.720635
 275.000000 1.199482 287.733241
 275.500000 1.185555 287.704822
 276.000000 1.199902 287.733383
 276.500000 1.191744 287.717433
 277.000000 1.196241 287.726954
 277.500000 1.191405 287.716217
 278.000000 1.187333 287.707126
 278.500000 1.189190 287.712763
 279.000000 1.201470 287.734623
 279.500000 1.183115 287.700727
 280.000000 1.197077 287.727874
 280.500000 1.184867 287.700392
 281.000000 1.182237 287.695819
 281.500000 1.193321 287.718790
 282.000000 1.186440 287.706162
 282.500000 1.192406 287.715556
 283.000000 1.195499 287.723636
 283.500000 1.186163 287.705430
 284.000000 1.194949 287.722664
 284.500000 1.188187 287.709160
 285.000000 1.186807 287.706190
 285.500000 1.194309 287.723503
 286.000000 1.191530 287.716510
 286.500000 1.180043 287.689768
 287.000000 1.200590 287.734938
 287.500000 1.187509 287.710125
 288.000000 1.198069 287.727967
 288.500000 1.204721 287.739749
 289.000000 1.182329 287.698549
 289.500000 1.203002 287.738258
 290.000000 1.186942 287.704339
 290.500000 1.196010 287.725313
 291.000000 1.187464 287.709238
 291.500000 1.191507 287.718443
 292.000000 1.187895 287.708592
 292.500000 1.197903 287.729874
 293.000000 1.189030 287.712079
 293.500000 1.199932 287.732935
 294.000000 1.187926 287.709336
 294.500000 1.193693 287.719689
 295.000000 1.192458 287.717896
 295.500000 1.191494 287.715651
 296.000000 1.195892 287.725347
 296.500000 1.189346 287.711375
 297.000000 1.196854 287.728204
 297.500000 1.195121 287.721339
 298.000000 1.181927 287.692797
 298.500000 1.196331 287.727224
 299.000000 1.193383 287.721127
 299.500000 1.189725 287.712580
 300.000000 1.198680 287.729761
 300.500000 1.192819 287.715376
 301.000000 1.190032 287.713939
 301.500000 1.200617 287.733864
 302.000000 1.191582 287.719331
 302.500000 1.195942 287.726046
 303.000000 1.195611 287.721991
 303.500000 1.193199 287.721070
 304.000000 1.194626 287.716416
 304.500000 1.193097 287.718619
 305.000000 1.196973 287.727391
 305.500000 1.193648 287.721863
 306.000000 1.180873 287.694449
 306.500000 1.201586 287.736635
 307.000000 1.190251 287.715409
 307.500000 1.183988 287.699654
 308.000000 1.204053 287.741434
 308.500000 1.182129 287.696513
 309.000000 1.199132 287.732579
 309.500000 1.183851 287.694706
 310.000000 1.193283 287.721402
 310.500000 1.187669 287.708257
 311.000000 1.195218 287.722963
 311.500000 1.191817 287.718133
 312.000000 1.185619 287.705880
 312.500000 1.204284 287.740883
 313.000000 1.190226 287.715252
 313.500000 1.192592 287.717014
 314.000000 1.196842 287.728344
 314.500000 1.184764 287.704925
 315.000000 1.196131 287.725696
 315.500000 1.188465 287.712227
 316.000000 1.188767 287.710395
 316.500000 1.187596 287.708405
 317.000000 1.190710 287.716032
 317.500000 1.196129 287.725747
 318.000000 1.194678 287.724492
 318.500000 1.180102 287.694365
 319.000000 1.198485 287.730540
 319.500000 1.184070 287.699213
 320.000000 1.190587 287.709959
 320.500000 1.200185 287.733799
 321.000000 1.189932 287.715197
 321.500000 1.199266 287.732506
 322.000000 1.183195 287.699243
 322.500000 1.199629 287.731989
 323.000000 1.180920 287.694731
 323.500000 1.193436 287.722205
 324.000000 1.194944 287.721768
 324.500000 1.185245 287.703464
 325.000000 1.198595 287.729596
 325.500000 1.185742 287.705386
 326.000000 1.190120 287.713842
 326.500000 1.203938 287.740303
 327.000000 1.185415 287.704369
 327.500000 1.194705 287.724307
 328.000000 1.195404 287.725560
 328.500000 1.185133 287.703657
 329.000000 1.196671 287.727264
 329.500000 1.196752 287.728163
 330.000000 1.189507 287.711854
 330.500000 1.191508 287.715959
 331.000000 1.195044 287.722941
 331.500000 1.194093 287.723709
 332.000000 1.191881 287.719064
 332.500000 1.186702 287.706464
 333.000000 1.199977 287.731953
 333.500000 1.191886 287.719125
 334.000000 1.188895 287.713655
 334.500000 1.203505 287.737730
 335.000000 1.198889 287.732577
 335.500000 1.191215 287.713843
 336.000000 1.194921 287.722717
 336.500000 1.187975 287.709308
 337.000000 1.198834 287.730952
 337.500000 1.195475 287.725981
 338.000000 1.183921 287.701383
 338.500000 1.195825 287.713425
 339.000000 1.192267 287.715662
 339.500000 1.189710 287.715123
 340.000000 1.196261 287.725276
 340.500000 1.182479 287.687408
 341.000000 1.190399 287.716248
 341.500000 1.203111 287.738926
 342.000000 1.186394 287.706346
 342.500000 1.197832 287.729389
 343.000000 1.200203 287.733505
 343.500000 1.192280 287.716095
 344.000000 1.190368 287.712041
 344.500000 1.207296 287.746443
 345.000000 1.179286 287.694111
 345.500000 1.205066 287.741449
 346.000000 1.189753 287.713058
 346.500000 1.192543 287.718793
 347.000000 1.201648 287.736512
 347.500000 1.194846 287.722157
 348.000000 1.189663 287.709594
 348.500000 1.200137 287.732984
 349.000000 1.193313 287.721459
 349.500000 1.198946 287.731594
 350.000000 1.190912 287.716567
 350.500000 1.198700 287.729386
 351.000000 1.187696 287.709421
 351.500000 1.198543 287.730795
 352.000000 1.193823 287.719701
 352.500000 1.197377 287.729092
 353.000000 1.197833 287.728431
 353.500000 1.195444 287.724372
 354.000000 1.201412 287.735026
 354.500000 1.192808 287.720200
 355.000000 1.196403 287.727199
 355.500000 1.197181 287.722115
 356.000000 1.191880 287.716568
 356.500000 1.201764 287.734956
 357.000000 1.186597 287.707951
 357.500000 1.200322 287.731946
 358.000000 1.195010 287.724061
 358.500000 1.203491 287.739783
 359.000000 1.190903 287.716392
 359.500000 1.197911 287.729280
 360.000000 1.189959 287.713522
 360.500000 1.195890 287.725748
 361.000000 1.197473 287.725183
 361.500000 1.189877 287.712689
 362.000000 1.190603 287.716260
 362.500000 1.194857 287.721816
 363.000000 1.190369 287.715230
 363.500000 1.187918 287.710149
 364.000000 1.190225 287.712246
 364.500000 1.194385 287.722906
 365.000000 1.190006 287.712162
 365.500000 1.194036 287.723073
 366.000000 1.192419 287.717380
 366.500000 1.189947 287.711392
 367.000000 1.193053 287.718940
 367.500000 1.197109 287.726440
 368.000000 1.196672 287.727426
 368.500000 1.194515 287.723230
 369.000000 1.197258 287.728260
 369.500000 1.188450 287.711544
 370.000000 1.195180 287.722986
 370.500000 1.196876 287.728228
 371.000000 1.193199 287.722082
 371.500000 1.199416 287.731606
 372.000000 1.189332 287.713194
 372.500000 1.197186 287.728267
 373.000000 1.205546 287.745080
 373.500000 1.193872 287.721164
 374.000000 1.191580 287.716895
 374.500000 1.203107 287.739449
 375.000000 1.185443 287.703749
 375.500000 1.194089 287.722257
 376.000000 1.196939 287.726510
 376.500000 1.186672 287.708513
 377.000000 1.199704 287.732672
 377.500000 1.196135 287.725664
 378.000000 1.194078 287.723252
 378.500000 1.200528 287.735099
 379.000000 1.192393 287.719587
 379.500000 1.196020 287.725466
 380.000000 1.193314 287.721333
 380.500000 1.204997 287.743149
 381.000000 1.185349 287.702805
 381.500000 1.189969 287.714052
 382.000000 1.190956 287.714029
 382.500000 1.188415 287.709917
 383.000000 1.188775 287.709705
 383.500000 1.188335 287.712076
 384.000000 1.190642 287.715232
 384.500000 1.203390 287.736593
 385.000000 1.190205 287.715849
 385.500000 1.198222 287.730140
 386.000000 1.192561 287.719719
 386.500000 1.188104 287.709922
 387.000000 1.190730 287.713230
 387.500000 1.202188 287.739024
 388.000000 1.193637 287.721429
 388.500000 1.202499 287.738393
 389.000000 1.193063 287.720282
 389.500000 1.196583 287.725969
 390.000000 1.195543 287.726104
 390.500000 1.194915 287.724268
 391.000000 1.194356 287.723203
 391.500000 1.194073 287.721836
 392.000000 1.193896 287.720683
 392.500000 1.203606 287.739339
 393.000000 1.187527 287.708551
 393.500000 1.186817 287.708096
 394.000000 1.192620 287.718595
 394.500000 1.194787 287.723591
 395.000000 1.187278 287.708608
 395.500000 1.192199 287.716315
 396.000000 1.191983 287.720209
 396.500000 1.200391 287.733287
 397.000000 1.190545 287.713384
 397.500000 1.198043 287.730776
 398.000000 1.188931 287.712189
 398.500000 1.193581 287.720228
 399.000000 1.198717 287.730893
 399.500000 1.197289 287.729157
 400.000000 1.197750 287.730676
