#! FIELDS time refcv.mean refcv.morethan
 0.000000 0.960681 286.455030
 0.500000 0.637351 229.340189
 1.000000 0.598064 212.453429
 1.500000 0.687962 254.113432
 2.000000 0.712221 260.955740
 2.500000 0.670616 244.457558
 3.000000 0.633461 230.571070
 3.500000 0.707847 257.043874
 4.000000 0.721045 266.166190
 4.500000 0.638074 235.362974
 5.000000 0.659441 241.972725
 5.500000 0.727550 266.914174
 6.000000 0.716874 262.234059
 6.500000 0.659342 244.685992
 7.000000 0.694746 257.874071
 7.500000 0.716404 261.192670
 8.000000 0.686494 251.004784
 8.500000 0.678280 250.636608
 9.000000 0.700792 257.780648
 9.500000 0.704775 256.799795
 10.000000 0.673617 249.303975
 10.500000 0.687944 253.627030
 11.000000 0.693170 254.979032
 11.500000 0.704245 256.628549
 12.000000 0.678154 253.647192
 12.500000 0.693506 256.508054
 13.000000 0.691078 254.588297
 13.500000 0.695789 252.981831
 14.000000 0.724163 266.010780
 14.500000 0.703257 259.046785
 15.000000 0.703149 260.175060
 15.500000 0.693744 254.761070
 16.000000 0.689292 253.989197
 16.500000 0.681536 250.157988
 17.000000 0.690773 254.388630
 17.500000 0.710365 260.883633
 18.000000 0.694555 255.506982
 18.500000 0.684973 249.883524
 19.000000 0.693664 253.713361
 19.500000 0.692908 253.754820
 20.000000 0.689038 252.661112
 20.500000 0.680504 250.489080
 21.000000 0.719035 262.173247
 21.500000 0.690502 255.208622
 22.000000 0.706727 259.885568
 22.500000 0.686267 253.372626
 23.000000 0.715083 261.546751
 23.500000 0.685047 251.170258
 24.000000 0.667169 246.555454
 24.500000 0.684696 252.488067
 25.000000 0.680713 250.042834
 25.500000 0.668035 247.426105
 26.000000 0.678716 244.783936
 26.500000 0.702347 260.164071
 27.000000 0.670693 246.055827
 27.500000 0.674621 247.362354
 28.000000 0.671672 249.764401
 28.500000 0.695625 255.068935
 29.000000 0.669610 248.730086
 29.500000 0.674229 248.420675
 30.000000 0.680609 249.054239
 30.500000 0.665069 245.540269
 31.000000 0.688661 250.568709
 31.500000 0.653245 241.930166
 32.000000 0.674933 249.775716
 32.500000 0.677542 248.244390
 33.000000 0.666536 247.482685
 33.500000 0.670599 247.296439
 34.000000 0.674346 252.415384
 34.500000 0.703781 257.467460
 35.000000 0.683710 249.412205
 35.500000 0.671425 248.767729
 36.000000 0.672908 245.943254
 36.500000 0.702549 255.323550
 37.000000 0.680121 253.224899
 37.500000 0.680907 251.382793
 38.000000 0.668650 244.295811
 38.500000 0.700668 259.164906
 39.000000 0.678616 252.251301
 39.500000 0.674847 249.466871
 40.000000 0.720337 263.395629
 40.500000 0.692653 255.866292
 41.000000 0.648000 239.599715
 41.500000 0.683500 254.026117
 42.000000 0.701318 256.076331
 42.500000 0.703710 257.475671
 43.000000 0.656399 240.273366
 43.500000 0.689549 253.378046
 44.000000 0.712022 260.230387
 44.500000 0.669903 245.865083
 45.000000 0.670161 246.285604
 45.500000 0.693607 255.552630
 46.000000 0.705247 258.888796
 46.500000 0.692445 255.553575
 47.000000 0.656818 241.108144
 47.500000 0.695813 251.538274
 48.000000 0.696395 253.174332
 48.500000 0.674763 247.270495
 49.000000 0.654839 240.438575
 49.500000 0.671105 247.693144
 50.000000 0.668146 248.194899
 50.500000 0.652135 239.974399
 51.000000 0.677945 250.601872
 51.500000 0.713471 262.379399
 52.000000 0.669409 244.284896
 52.500000 0.665067 246.219797
 53.000000 0.676373 250.409518
 53.500000 0.711748 261.757863
 54.000000 0.698016 258.053602
 54.500000 0.677963 251.806649
 55.000000 0.684206 253.680409
 55.500000 0.678558 250.033220
 56.000000 0.674353 249.241124
 56.500000 0.679807 251.380298
 57.000000 0.694684 255.044402
 57.500000 0.676859 251.349200
 58.000000 0.655362 242.317703
 58.500000 0.681423 251.891966
 59.000000 0.692362 254.581122
 59.500000 0.678795 248.379828
 60.000000 0.659322 241.473620
 60.500000 0.632723 231.394954
 61.000000 0.700964 258.552177
 61.500000 0.667549 243.490624
 62.000000 0.688181 252.098335
 62.500000 0.662541 242.927674
 63.000000 0.656389 243.074063
 63.500000 0.682665 251.617045
 64.000000 0.666519 243.921267
 64.500000 0.658452 245.121116
 65.000000 0.677238 249.839653
 65.500000 0.667071 246.109423
 66.000000 0.685883 251.499040
 66.500000 0.662111 242.200794
 67.000000 0.699378 257.411014
 67.500000 0.670587 244.171135
 68.000000 0.653527 238.944055
 68.500000 0.686850 254.126075
 69.000000 0.683744 248.367521
 69.500000 0.671898 246.361361
 70.000000 0.654482 241.935728
 70.500000 0.693614 256.279476
 71.000000 0.662111 242.434904
 71.500000 0.691218 254.649613
 72.000000 0.661709 240.384523
 72.500000 0.672571 250.095168
 73.000000 0.658674 240.198066
 73.500000 0.648497 238.171479
 74.000000 0.683238 254.635610
 74.500000 0.691055 251.717352
 75.000000 0.670876 246.523420
 75.500000 0.670920 245.376872
 76.000000 0.685083 251.089548
 76.500000 0.695718 252.030297
 77.000000 0.692768 255.868955
 77.500000 0.675119 249.257630
 78.000000 0.672019 245.671754
 78.500000 0.692752 253.700174
 79.000000 0.680020 248.594321
 79.500000 0.668099 242.490348
 80.000000 0.653103 238.120189
 80.500000 0.680645 250.485187
 81.000000 0.656721 241.426021
 81.500000 0.671620 246.443935
 82.000000 0.699370 257.722193
 82.500000 0.679725 250.389099
 83.000000 0.657811 238.781562
 83.500000 0.658906 244.429903
 84.000000 0.669246 248.231800
 84.500000 0.672322 248.829797
 85.000000 0.668310 243.644921
 85.500000 0.674387 249.118259
 86.000000 0.681344 248.486667
 86.500000 0.656782 240.905751
 87.000000 0.679741 246.028904
 87.500000 0.677741 248.651200
 88.000000 0.671068 245.956297
 88.500000 0.673654 249.519094
 89.000000 0.692513 251.804091
 89.500000 0.680400 247.009250
 90.000000 0.694354 253.088517
 90.500000 0.666504 245.235212
 91.000000 0.667244 243.401604
 91.500000 0.687178 249.852062
 92.000000 0.650342 238.406855
 92.500000 0.666501 246.210738
 93.000000 0.694449 255.384683
 93.500000 0.662087 241.379950
 94.000000 0.689440 248.427240
 94.500000 0.676302 248.898081
 95.000000 0.682934 253.327197
 95.500000 0.635890 228.475108
 96.000000 0.687570 252.065165
 96.500000 0.641473 230.840024
 97.000000 0.665775 244.076379
 97.500000 0.646009 235.980909
 98.000000 0.682671 250.821121
 98.500000 0.637308 228.564288
 99.000000 0.656833 240.917748
 99.500000 0.660542 242.459446
 100.000000 0.638654 231.853652
 100.500000 0.668717 245.515894
 101.000000 0.645127 233.165016
 101.500000 0.680431 246.533893
 102.000000 0.661395 244.002357
 102.500000 0.655537 240.236662
 103.000000 0.676918 249.872870
 103.500000 0.679761 250.412147
 104.000000 0.653323 238.710837
 104.500000 0.677143 246.812433
 105.000000 0.645674 235.961849
 105.500000 0.684428 252.468423
 106.000000 0.643603 233.917490
 106.500000 0.678334 248.692678
 107.000000 0.648865 238.820462
 107.500000 0.681458 251.715643
 108.000000 0.659162 242.856008
 108.500000 0.678790 246.015582
 109.000000 0.682666 250.952497
 109.500000 0.682374 248.763717
 110.000000 0.664601 242.921662
 110.500000 0.686092 252.679546
 111.000000 0.678971 250.313533
 111.500000 0.693187 256.479576
 112.000000 0.648765 236.835736
 112.500000 0.672453 246.234467
 113.000000 0.684629 251.198249
 113.500000 0.654270 237.580819
 114.000000 0.688161 253.594176
 114.500000 0.628653 225.888138
 115.000000 0.650276 233.612742
 115.500000 0.676264 249.358938
 116.000000 0.658754 240.712889
 116.500000 0.654124 242.707396
 117.000000 0.663990 242.564714
 117.500000 0.682631 249.266459
 118.000000 0.684168 250.978530
 118.500000 0.679623 249.638926
 119.000000 0.649392 240.068394
 119.500000 0.645796 236.027285
 120.000000 0.661071 243.870966
 120.500000 0.677055 248.339146
 121.000000 0.650442 236.675678
 121.500000 0.676103 251.010908
 122.000000 0.666670 242.995191
 122.500000 0.633912 229.561184
 123.000000 0.673308 246.709582
 123.500000 0.659146 239.305401
 124.000000 0.658600 241.714060
 124.500000 0.681465 245.210583
 125.000000 0.648043 235.038755
 125.500000 0.676894 247.165331
 126.000000 0.665333 243.048669
 126.500000 0.669925 244.598989
 127.000000 0.688558 254.011528
 127.500000 0.648083 241.131539
 128.000000 0.708510 259.865099
 128.500000 0.647005 235.765091
 129.000000 0.695269 255.442134
 129.500000 0.655476 241.058672
 130.000000 0.658981 237.625745
 130.500000 0.701006 257.779075
 131.000000 0.643272 233.309641
 131.500000 0.668808 248.060185
 132.000000 0.676633 249.073831
 132.500000 0.682234 251.279640
 133.000000 0.674633 251.309223
 133.500000 0.653659 240.633537
 134.000000 0.703679 257.464274
 134.500000 0.657431 241.251566
 135.000000 0.679947 247.851182
 135.500000 0.650356 236.616630
 136.000000 0.693437 255.305777
 136.500000 0.657400 239.840286
 137.000000 0.674988 245.148375
 137.500000 0.663016 239.201333
 138.000000 0.695868 253.117865
 138.500000 0.684508 248.700691
 139.000000 0.652765 236.393256
 139.500000 0.671145 246.462226
 140.000000 0.690323 253.586655
 140.500000 0.680124 249.675029
 141.000000 0.670733 244.173141
 141.500000 0.677203 247.913691
 142.000000 0.675857 250.525713
 142.500000 0.657894 236.579897
 143.000000 0.690964 254.887105
 143.500000 0.681608 250.786733
 144.000000 0.660676 240.601899
 144.500000 0.669477 244.486939
 145.000000 0.687868 249.221134
 145.500000 0.667749 244.793631
 146.000000 0.680975 248.482573
 146.500000 0.679976 249.599828
 147.000000 0.674691 244.869978
 147.500000 0.681404 251.804913
 148.000000 0.631651 225.980433
 148.500000 0.687778 252.615782
 149.000000 0.648580 239.863306
 149.500000 0.645038 233.778804
 150.000000 0.669137 246.017404
 150.500000 0.693207 253.623225
 151.000000 0.640487 231.743739
 151.500000 0.651206 238.804319
 152.000000 0.666946 245.640828
 152.500000 0.678030 250.110774
 153.000000 0.653854 238.463655
 153.500000 0.650077 237.801457
 154.000000 0.651356 236.370023
 154.500000 0.657520 243.919343
 155.000000 0.652436 240.741458
 155.500000 0.659326 240.956194
 156.000000 0.656124 239.537550
 156.500000 0.667926 240.838112
 157.000000 0.667652 242.793193
 157.500000 0.690487 253.397769
 158.000000 0.648496 236.441348
 158.500000 0.673086 249.207093
 159.000000 0.679308 247.616819
 159.500000 0.652762 239.577177
 160.000000 0.690276 251.727655
 160.500000 0.666878 245.735050
 161.000000 0.671562 247.441421
 161.500000 0.680428 249.326471
 162.000000 0.652331 239.354488
 162.500000 0.658100 241.665035
 163.000000 0.697741 253.194836
 163.500000 0.700310 254.981615
 164.000000 0.647058 236.572917
 164.500000 0.688839 251.902654
 165.000000 0.679921 250.256063
 165.500000 0.699084 256.497312
 166.000000 0.659281 245.568742
 166.500000 0.687913 253.647005
 167.000000 0.689718 253.451317
 167.500000 0.693799 255.657489
 168.000000 0.679227 250.362468
 168.500000 0.700736 256.089617
 169.000000 0.696214 255.496494
 169.500000 0.661718 243.408879
 170.000000 0.633144 230.363603
 170.500000 0.705152 259.387770
 171.000000 0.695210 258.450195
 171.500000 0.682385 252.606838
 172.000000 0.645359 233.224107
 172.500000 0.677671 247.841684
 173.000000 0.665520 242.421577
 173.500000 0.678900 248.932421
 174.000000 0.681586 248.879749
 174.500000 0.662055 240.844958
 175.000000 0.687318 253.409388
 175.500000 0.673379 246.291479
 176.000000 0.696176 253.410700
 176.500000 0.692387 253.380851
 177.000000 0.676118 250.533813
 177.500000 0.653590 241.755845
 178.000000 0.676425 246.646318
 178.500000 0.681015 252.346475
 179.000000 0.647862 237.253558
 179.500000 0.666813 244.319243
 180.000000 0.652738 240.133450
 180.500000 0.657295 237.998084
 181.000000 0.681863 252.135850
 181.500000 0.692365 252.988502
 182.000000 0.655730 238.746578
 182.500000 0.682092 248.912132
 183.000000 0.668163 244.216744
 183.500000 0.656891 240.567205
 184.000000 0.665511 242.650898
 184.500000 0.676444 245.571044
 185.000000 0.667484 244.298884
 185.500000 0.675837 246.480512
 186.000000 0.660285 241.690075
 186.500000 0.678588 250.732580
 187.000000 0.650773 238.891384
 187.500000 0.643146 234.294544
 188.000000 0.670699 246.577444
 188.500000 0.658350 240.304314
 189.000000 0.669815 243.386808
 189.500000 0.631420 228.270140
 190.000000 0.653556 239.423964
 190.500000 0.640108 235.382332
 191.000000 0.669628 242.384267
 191.500000 0.665557 243.493991
 192.000000 0.650752 236.748327
 192.500000 0.675511 250.120398
 193.000000 0.659604 243.222828
 193.500000 0.682178 251.712255
 194.000000 0.678337 250.455547
 194.500000 0.669028 244.905782
 195.000000 0.651836 239.356963
 195.500000 0.653974 238.890909
 196.000000 0.663194 243.540303
 196.500000 0.691063 253.405983
 197.000000 0.653787 232.709667
 197.500000 0.648613 231.219411
 198.000000 0.691100 254.664530
 198.500000 0.668557 243.390094
 199.000000 0.672262 248.599659
 199.500000 0.658315 239.513917
 200.000000 0.674694 247.291799
 200.500000 0.682578 249.903704
 201.000000 0.680536 250.709305
 201.500000 0.665454 241.903742
 202.000000 0.679213 248.275337
 202.500000 0.653393 237.458819
 203.000000 0.675203 247.385460
 203.500000 0.689309 253.206108
 204.000000 0.687021 253.014827
 204.500000 0.660060 242.187814
 205.000000 0.688279 251.121985
 205.500000 0.671275 245.631795
 206.000000 0.675431 245.815123
 206.500000 0.652767 236.654562
 207.000000 0.675415 247.996324
 207.500000 0.682186 248.528756
 208.000000 0.650874 235.441812
 208.500000 0.647452 237.438214
 209.000000 0.688138 251.860369
 209.500000 0.678282 251.124406
 210.000000 0.636569 230.490380
 210.500000 0.656021 234.543601
 211.000000 0.689561 255.567116
 211.500000 0.701176 258.283252
 212.000000 0.677438 251.788996
 212.500000 0.674561 248.950173
 213.000000 0.695848 253.114202
 213.500000 0.660455 243.245064
 214.000000 0.671249 246.898566
 214.500000 0.688918 249.538544
 215.000000 0.697016 255.988710
 215.500000 0.659425 239.718927
 216.000000 0.689268 253.722562
 216.500000 0.677021 249.068384
 217.000000 0.650693 239.117094
 217.500000 0.653901 236.160611
 218.000000 0.670677 249.213973
 218.500000 0.646099 236.855322
 219.000000 0.650415 237.586269
 219.500000 0.669646 246.843681
 220.000000 0.684860 254.138552
 220.500000 0.668567 243.027292
 221.000000 0.683106 252.410378
 221.500000 0.690051 254.264049
 222.000000 0.678830 249.227028
 222.500000 0.677912 249.191666
 223.000000 0.676083 249.877662
 223.500000 0.711069 258.701230
 224.000000 0.680351 247.903855
 224.500000 0.666778 241.501292
 225.000000 0.658548 241.148009
 225.500000 0.690979 253.829192
 226.000000 0.663593 243.750285
 226.500000 0.688216 252.442569
 227.000000 0.669507 245.265458
 227.500000 0.677676 245.472002
 228.000000 0.663902 243.908127
 228.500000 0.660727 238.859902
 229.000000 0.676685 244.754014
 229.500000 0.690920 253.383728
 230.000000 0.660537 242.553265
 230.500000 0.682457 253.059223
 231.000000 0.687107 254.914522
 231.500000 0.682699 250.814088
 232.000000 0.665252 242.750962
 232.500000 0.702009 259.511132
 233.000000 0.710653 257.152260
 233.500000 0.689608 253.442852
 234.000000 0.680649 251.400349
 234.500000 0.679396 250.608588
 235.000000 0.707464 258.200994
 235.500000 0.702080 255.160441
 236.000000 0.664501 243.891379
 236.500000 0.690151 254.875811
 237.000000 0.669840 248.273324
 237.500000 0.681950 247.253864
 238.000000 0.667936 245.826269
 238.500000 0.688070 248.505620
 239.000000 0.684877 247.826416
 239.500000 0.676915 249.675700
 240.000000 0.671702 246.976806
 240.500000 0.682827 249.786231
 241.000000 0.694839 257.368291
 241.500000 0.658170 238.644129
 242.000000 0.645901 237.550548
 242.500000 0.679455 247.400289
 243.000000 0.678525 247.790055
 243.500000 0.666426 242.655970
 244.000000 0.661017 241.563893
 244.500000 0.708204 258.607322
 245.000000 0.646407 236.248839
 245.500000 0.664953 242.981382
 246.000000 0.675827 248.545116
 246.500000 0.710461 258.006527
 247.000000 0.683900 250.763386
 247.500000 0.666109 244.669597
 248.000000 0.682660 249.825238
 248.500000 0.710957 258.362776
 249.000000 0.688953 249.963567
 249.500000 0.677914 246.649113
 250.000000 0.653999 238.958462
 250.500000 0.668352 242.468548
 251.000000 0.654036 237.995592
 251.500000 0.699959 253.503693
 252.000000 0.635422 230.271381
 252.500000 0.660448 242.541747
 253.000000 0.660438 240.050409
 253.500000 0.686816 252.039554
 254.000000 0.666211 243.359346
 254.500000 0.685961 246.843594
 255.000000 0.665153 242.611404
 255.500000 0.695597 257.883668
 256.000000 0.646174 235.180414
 256.500000 0.698229 256.994858
 257.000000 0.663432 244.496473
 257.500000 0.681910 249.313767
 258.000000 0.660857 238.069870
 258.500000 0.671327 245.472120
 259.000000 0.691391 253.750519
 259.500000 0.713172 262.090064
 260.000000 0.659193 238.445254
 260.500000 0.697165 254.892345
 261.000000 0.672980 243.971330
 261.500000 0.690754 256.666179
 262.000000 0.645689 233.988872
 262.500000 0.652285 238.792253
 263.000000 0.679725 249.146234
 263.500000 0.673712 243.816396
 264.000000 0.657571 240.333375
 264.500000 0.696108 253.100847
 265.000000 0.673864 248.434112
 265.500000 0.726045 265.126322
 266.000000 0.664686 241.619279
 266.500000 0.671155 244.679982
 267.000000 0.702018 256.757619
 267.500000 0.678995 251.512739
 268.000000 0.651712 239.863110
 268.500000 0.683705 249.468065
 269.000000 0.685717 252.839504
 269.500000 0.688647 253.091061
 270.000000 0.666049 243.466149
 270.500000 0.657685 239.582035
 271.000000 0.721075 260.765325
 271.500000 0.667199 241.972184
 272.000000 0.660938 242.875129
 272.500000 0.683705 248.768573
 273.000000 0.684322 252.187191
 273.500000 0.685743 250.547169
 274.000000 0.654516 237.616016
 274.500000 0.678810 251.090882
 275.000000 0.692247 255.067685
 275.500000 0.677069 247.833489
 276.000000 0.680006 248.691800
 276.500000 0.670983 246.761450
 277.000000 0.715581 259.354163
 277.500000 0.662674 239.462490
 278.000000 0.664634 239.559054
 278.500000 0.655898 241.070063
 279.000000 0.697624 256.666217
 279.500000 0.671198 245.106507
 280.000000 0.675588 247.978454
 280.500000 0.642985 231.829670
 281.000000 0.650655 237.071074
 281.500000 0.676600 248.613642
 282.000000 0.674907 245.016971
 282.500000 0.646942 234.808407
 283.000000 0.682125 249.644291
 283.500000 0.674625 248.560193
 284.000000 0.653173 241.697566
 284.500000 0.653536 239.561503
 285.000000 0.687413 248.497886
 285.500000 0.663579 245.732872
 286.000000 0.663780 243.009641
 286.500000 0.642292 233.124362
 287.000000 0.695212 257.601608
 287.500000 0.679514 248.315818
 288.000000 0.669082 244.079090
 288.500000 0.697280 254.880531
 289.000000 0.680618 251.187677
 289.500000 0.695574 254.597339
 290.000000 0.643542 232.545235
 290.500000 0.693987 254.921625
 291.000000 0.670062 244.704306
 291.500000 0.684742 253.587656
 292.000000 0.647769 236.209645
 292.500000 0.689282 251.766555
 293.000000 0.695222 253.396061
 293.500000 0.687188 252.215643
 294.000000 0.651179 239.079496
 294.500000 0.689483 250.485406
 295.000000 0.687319 252.271229
 295.500000 0.673658 244.756338
 296.000000 0.679482 249.448306
 296.500000 0.675698 247.339772
 297.000000 0.697774 256.147939
 297.500000 0.676935 244.736223
 298.000000 0.647219 232.716166
 298.500000 0.680041 249.691998
 299.000000 0.677864 250.066710
 299.500000 0.675044 245.575921
 300.000000 0.682778 250.210165
 300.500000 0.693647 250.918707
 301.000000 0.677731 249.116881
 301.500000 0.681883 247.752113
 302.000000 0.697781 258.330416
 302.500000 0.688869 252.072920
 303.000000 0.669449 245.544377
 303.500000 0.700451 256.596763
 304.000000 0.681560 249.385959
 304.500000 0.682198 248.923609
 305.000000 0.709870 258.488861
 305.500000 0.670022 247.852850
 306.000000 0.646191 236.714606
 306.500000 0.698484 255.280717
 307.000000 0.679416 251.645850
 307.500000 0.662473 244.240853
 308.000000 0.690893 255.025841
 308.500000 0.650636 237.048263
 309.000000 0.712860 260.161149
 309.500000 0.648494 236.099185
 310.000000 0.672948 249.042194
 310.500000 0.680354 252.209577
 311.000000 0.690606 250.418110
 311.500000 0.670801 247.176410
 312.000000 0.662374 242.558890
 312.500000 0.714663 259.018914
 313.000000 0.680721 249.148861
 313.500000 0.666881 244.450667
 314.000000 0.689000 255.361960
 314.500000 0.673923 249.081830
 315.000000 0.670724 246.572102
 315.500000 0.671867 247.140893
 316.000000 0.667000 245.241661
 316.500000 0.660081 240.043988
 317.000000 0.696077 254.991768
 317.500000 0.660702 242.700917
 318.000000 0.683987 253.049769
 318.500000 0.658248 242.187159
 319.000000 0.674099 245.755775
 319.500000 0.662891 236.065239
 320.000000 0.664556 240.218264
 320.500000 0.702968 257.722876
 321.000000 0.675318 249.375525
 321.500000 0.679119 250.161975
 322.000000 0.663525 242.843257
 322.500000 0.682845 250.996795
 323.000000 0.640439 231.519361
 323.500000 0.685996 254.721211
 324.000000 0.683325 250.070952
 324.500000 0.667663 244.272123
 325.000000 0.674871 245.319499
 325.500000 0.678469 248.365767
 326.000000 0.672163 247.292599
 326.500000 0.690400 249.452388
 327.000000 0.683617 248.840276
 327.500000 0.684863 252.861200
 328.000000 0.685889 253.829227
 328.500000 0.653215 237.749580
 329.000000 0.702196 257.270594
 329.500000 0.694995 255.033151
 330.000000 0.662471 241.742622
 330.500000 0.683825 250.163155
 331.000000 0.693674 252.535832
 331.500000 0.679104 250.191705
 332.000000 0.670536 247.888547
 332.500000 0.670781 244.997578
 333.000000 0.691524 253.742275
 333.500000 0.686351 254.076650
 334.000000 0.667712 245.231728
 334.500000 0.710324 259.056894
 335.000000 0.729187 265.746097
 335.500000 0.659143 240.944444
 336.000000 0.684490 250.656627
 336.500000 0.689425 251.293025
 337.000000 0.692043 252.649591
 337.500000 0.695014 254.724765
 338.000000 0.658646 240.187171
 338.500000 0.668303 244.642193
 339.000000 0.699051 253.982051
 339.500000 0.699313 256.730308
 340.000000 0.661421 241.244890
 340.500000 0.655004 240.086838
 341.000000 0.699598 258.282340
 341.500000 0.692542 254.336882
 342.000000 0.664809 244.916278
 342.500000 0.700324 255.293385
 343.000000 0.690191 252.863538
 343.500000 0.698036 253.304611
 344.000000 0.658562 240.522834
 344.500000 0.711419 258.017630
 345.000000 0.689004 255.124820
 345.500000 0.682602 248.923687
 346.000000 0.656127 239.761454
 346.500000 0.691326 251.534243
 347.000000 0.703708 257.741303
 347.500000 0.689257 249.752846
 348.000000 0.664456 241.870660
 348.500000 0.683122 249.513489
 349.000000 0.706414 259.495658
 349.500000 0.692989 252.401451
 350.000000 0.659777 242.747046
 350.500000 0.699787 255.500578
 351.000000 0.673857 249.062007
 351.500000 0.688329 254.257198
 352.000000 0.677119 246.769642
 352.500000 0.701516 257.115073
 353.000000 0.700541 255.861314
 353.500000 0.679225 248.240397
 354.000000 0.701188 255.011284
 354.500000 0.694305 254.574090
 355.000000 0.694680 256.028716
 355.500000 0.690713 252.948252
 356.000000 0.677477 246.333642
 356.500000 0.711894 259.548149
 357.000000 0.663295 244.972325
 357.500000 0.690765 252.442719
 358.000000 0.692207 254.198772
 358.500000 0.711434 258.837483
 359.000000 0.675065 248.255085
 359.500000 0.696591 256.216605
 360.000000 0.663656 243.219216
 360.500000 0.690605 252.286677
 361.000000 0.682795 250.543048
 361.500000 0.674983 246.333645
 362.000000 0.670332 248.275926
 362.500000 0.663525 240.911515
 363.000000 0.670932 245.658547
 363.500000 0.654623 238.872203
 364.000000 0.672915 245.006841
 364.500000 0.669907 247.151250
 365.000000 0.665612 241.472711
 365.500000 0.679536 249.047784
 366.000000 0.672974 246.989848
 366.500000 0.674222 245.470829
 367.000000 0.669765 243.937707
 367.500000 0.682494 249.749139
 368.000000 0.691307 253.610443
 368.500000 0.684965 252.085574
 369.000000 0.684812 250.592698
 369.500000 0.665128 243.099092
 370.000000 0.683995 250.387715
 370.500000 0.682929 251.792653
 371.000000 0.677396 250.452042
 371.500000 0.689773 253.104367
 372.000000 0.667082 244.742522
 372.500000 0.693679 253.740117
 373.000000 0.699770 259.836189
 373.500000 0.693303 254.341279
 374.000000 0.675444 249.788262
 374.500000 0.690906 253.561770
 375.000000 0.681387 250.336814
 375.500000 0.682019 251.262538
 376.000000 0.680845 249.614937
 376.500000 0.686507 254.120357
 377.000000 0.698058 255.562200
 377.500000 0.689039 252.657880
 378.000000 0.691945 252.827687
 378.500000 0.703999 259.110229
 379.000000 0.673012 248.543835
 379.500000 0.689358 252.784994
 380.000000 0.685030 252.284722
 380.500000 0.708784 261.309850
 381.000000 0.656143 237.229270
 381.500000 0.669461 246.317024
 382.000000 0.686397 250.824973
 382.500000 0.660883 242.884017
 383.000000 0.638310 231.932606
 383.500000 0.681523 252.656439
 384.000000 0.690758 250.698555
 384.500000 0.685815 248.605077
 385.000000 0.672594 248.706181
 385.500000 0.706874 259.685169
 386.000000 0.675722 247.446176
 386.500000 0.662318 239.897413
 387.000000 0.673086 245.430543
 387.500000 0.724259 266.538348
 388.000000 0.695551 254.962139
 388.500000 0.697181 256.483666
 389.000000 0.683837 250.202762
 389.500000 0.687815 251.048901
 390.000000 0.678736 252.671215
 390.500000 0.694125 255.902724
 391.000000 0.667369 246.985684
 391.500000 0.687182 251.926792
 392.000000 0.690216 250.899299
 392.500000 0.688321 251.620458
 393.000000 0.678394 246.376683
 393.500000 0.660675 243.962257
 394.000000 0.658764 239.236309
 394.500000 0.689663 251.838526
 395.000000 0.671071 246.410307
 395.500000 0.661519 241.382271
 396.000000 0.668892 248.106401
 396.500000 0.709422 259.422325
 397.000000 0.671725 245.441720
 397.500000 0.694561 256.551572
 398.000000 0.669081 244.500699
 398.500000 0.674101 245.418869
 399.000000 0.695248 255.916070
 399.500000 0.705411 259.326640
 400.000000 0.706186 258.891921
