#! FIELDS time refcv.mean refcv.morethan
 0.000000 1.070765 287.350376
 0.500000 0.974848 286.511891
 1.000000 0.965405 286.377298
 1.500000 0.988443 286.705105
 2.000000 0.998222 286.799950
 2.500000 0.984497 286.564929
 3.000000 0.971312 286.467876
 3.500000 0.997560 286.786988
 4.000000 0.997640 286.824171
 4.500000 0.977291 286.580232
 5.000000 0.981866 286.623425
 5.500000 1.000651 286.846808
 6.000000 1.003215 286.861245
 6.500000 0.981316 286.621827
 7.000000 0.993033 286.767339
 7.500000 0.997915 286.804658
 8.000000 0.990806 286.716488
 8.500000 0.988289 286.694629
 9.000000 0.992162 286.741056
 9.500000 0.993077 286.743113
 10.000000 0.985506 286.643485
 10.500000 0.989741 286.725942
 11.000000 0.988565 286.699387
 11.500000 0.997486 286.785948
 12.000000 0.986186 286.698121
 12.500000 0.989513 286.715152
 13.000000 0.991842 286.745218
 13.500000 0.991658 286.698739
 14.000000 1.001113 286.846863
 14.500000 0.994379 286.778262
 15.000000 0.996417 286.803404
 15.500000 0.991475 286.737549
 16.000000 0.987868 286.661477
 16.500000 0.986049 286.664975
 17.000000 0.990515 286.723932
 17.500000 0.995806 286.788923
 18.000000 0.993380 286.760819
 18.500000 0.988359 286.690366
 19.000000 0.990074 286.716032
 19.500000 0.990312 286.716598
 20.000000 0.989270 286.702751
 20.500000 0.988263 286.702483
 21.000000 0.999710 286.820734
 21.500000 0.988181 286.708466
 22.000000 0.998323 286.799484
 22.500000 0.985975 286.605605
 23.000000 0.999743 286.824283
 23.500000 0.988345 286.686634
 24.000000 0.981327 286.617740
 24.500000 0.987380 286.688353
 25.000000 0.984527 286.636834
 25.500000 0.984075 286.667103
 26.000000 0.984518 286.614617
 26.500000 0.992899 286.767157
 27.000000 0.981987 286.620750
 27.500000 0.986715 286.674308
 28.000000 0.982504 286.651370
 28.500000 0.993196 286.752548
 29.000000 0.982076 286.639972
 29.500000 0.983188 286.642997
 30.000000 0.984807 286.647849
 30.500000 0.978579 286.560662
 31.000000 0.991407 286.721881
 31.500000 0.974198 286.542737
 32.000000 0.986454 286.679620
 32.500000 0.983422 286.618670
 33.000000 0.978648 286.592267
 33.500000 0.985233 286.666103
 34.000000 0.982653 286.648945
 34.500000 0.993441 286.748623
 35.000000 0.987277 286.669915
 35.500000 0.983507 286.654245
 36.000000 0.982454 286.589978
 36.500000 0.992867 286.737925
 37.000000 0.984572 286.669402
 37.500000 0.987690 286.703595
 38.000000 0.981092 286.591926
 38.500000 0.991067 286.736322
 39.000000 0.985220 286.677677
 39.500000 0.983326 286.620285
 40.000000 0.998085 286.806914
 40.500000 0.989956 286.712028
 41.000000 0.974184 286.522796
 41.500000 0.989493 286.729106
 42.000000 0.989114 286.688059
 42.500000 0.992509 286.726126
 43.000000 0.978503 286.552947
 43.500000 0.988000 286.688371
 44.000000 0.994373 286.762767
 44.500000 0.983120 286.641090
 45.000000 0.982338 286.622277
 45.500000 0.989499 286.708054
 46.000000 0.995695 286.778943
 46.500000 0.988108 286.701672
 47.000000 0.975482 286.535192
 47.500000 0.993909 286.739348
 48.000000 0.988378 286.671265
 48.500000 0.983090 286.618589
 49.000000 0.976442 286.552020
 49.500000 0.980252 286.587331
 50.000000 0.982037 286.644449
 50.500000 0.977449 286.569416
 51.000000 0.984143 286.665110
 51.500000 0.995805 286.793845
 52.000000 0.984079 286.617264
 52.500000 0.978692 286.586201
 53.000000 0.983962 286.656173
 53.500000 0.998903 286.825155
 54.000000 0.990115 286.729779
 54.500000 0.985748 286.669609
 55.000000 0.989644 286.728489
 55.500000 0.983250 286.642312
 56.000000 0.984808 286.672443
 56.500000 0.985863 286.688727
 57.000000 0.991987 286.744683
 57.500000 0.986284 286.683150
 58.000000 0.977011 286.562123
 58.500000 0.985927 286.676374
 59.000000 0.989127 286.712371
 59.500000 0.986865 286.682125
 60.000000 0.977810 286.578833
 60.500000 0.965709 286.391412
 61.000000 0.996358 286.791534
 61.500000 0.977272 286.552910
 62.000000 0.987517 286.630248
 62.500000 0.978569 286.552968
 63.000000 0.975020 286.519997
 63.500000 0.985851 286.655686
 64.000000 0.978666 286.563006
 64.500000 0.978849 286.603926
 65.000000 0.985475 286.664812
 65.500000 0.978393 286.575926
 66.000000 0.987102 286.625600
 66.500000 0.979116 286.588688
 67.000000 0.991368 286.722488
 67.500000 0.978165 286.510975
 68.000000 0.977260 286.544445
 68.500000 0.987398 286.695977
 69.000000 0.983330 286.600867
 69.500000 0.984177 286.649658
 70.000000 0.976394 286.562998
 70.500000 0.990159 286.735419
 71.000000 0.978937 286.570424
 71.500000 0.992026 286.746401
 72.000000 0.974959 286.503217
 72.500000 0.982186 286.637823
 73.000000 0.977857 286.559486
 73.500000 0.974303 286.518364
 74.000000 0.985347 286.686141
 74.500000 0.987051 286.679669
 75.000000 0.984185 286.654966
 75.500000 0.979413 286.551551
 76.000000 0.986017 286.671435
 76.500000 0.993419 286.728502
 77.000000 0.988192 286.678936
 77.500000 0.982367 286.626717
 78.000000 0.983844 286.645935
 78.500000 0.987948 286.684829
 79.000000 0.984928 286.636395
 79.500000 0.982341 286.591470
 80.000000 0.974972 286.512014
 80.500000 0.984277 286.641131
 81.000000 0.977497 286.561316
 81.500000 0.984314 286.650965
 82.000000 0.992887 286.760494
 82.500000 0.985216 286.661480
 83.000000 0.976084 286.536037
 83.500000 0.980082 286.587285
 84.000000 0.981451 286.631656
 84.500000 0.979716 286.607166
 85.000000 0.983536 286.616251
 85.500000 0.983328 286.646148
 86.000000 0.985742 286.640337
 86.500000 0.976849 286.550399
 87.000000 0.984062 286.627984
 87.500000 0.985134 286.661523
 88.000000 0.984629 286.638722
 88.500000 0.980596 286.624563
 89.000000 0.990860 286.711629
 89.500000 0.987143 286.672316
 90.000000 0.987848 286.667069
 90.500000 0.984278 286.650331
 91.000000 0.978026 286.538936
 91.500000 0.987977 286.690406
 92.000000 0.974875 286.538538
 92.500000 0.980138 286.616813
 93.000000 0.990181 286.687708
 93.500000 0.979344 286.591526
 94.000000 0.989888 286.695694
 94.500000 0.980300 286.604323
 95.000000 0.989018 286.714756
 95.500000 0.969628 286.427856
 96.000000 0.984788 286.652226
 96.500000 0.970308 286.319645
 97.000000 0.982026 286.620179
 97.500000 0.968393 286.298287
 98.000000 0.987932 286.700534
 98.500000 0.968124 286.407043
 99.000000 0.974995 286.509799
 99.500000 0.980303 286.472438
 100.000000 0.966389 286.419703
 100.500000 0.979606 286.540097
 101.000000 0.973480 286.492534
 101.500000 0.984999 286.593918
 102.000000 0.977132 286.527612
 102.500000 0.977852 286.575828
 103.000000 0.984425 286.658708
 103.500000 0.984853 286.579209
 104.000000 0.974557 286.495536
 104.500000 0.982263 286.627483
 105.000000 0.973373 286.508012
 105.500000 0.985773 286.533768
 106.000000 0.968574 286.441683
 106.500000 0.989029 286.672879
 107.000000 0.970533 286.477118
 107.500000 0.985289 286.664947
 108.000000 0.978556 286.591584
 108.500000 0.982193 286.563954
 109.000000 0.986848 286.686441
 109.500000 0.985403 286.662206
 110.000000 0.977416 286.555564
 110.500000 0.989643 286.711140
 111.000000 0.983791 286.650855
 111.500000 0.989595 286.730269
 112.000000 0.975952 286.519652
 112.500000 0.980575 286.601573
 113.000000 0.987828 286.674296
 113.500000 0.976910 286.540312
 114.000000 0.985615 286.668455
 114.500000 0.966620 286.375300
 115.000000 0.974007 286.471653
 115.500000 0.981771 286.605278
 116.000000 0.974740 286.451577
 116.500000 0.978070 286.584459
 117.000000 0.976938 286.538007
 117.500000 0.987694 286.690776
 118.000000 0.984848 286.661322
 118.500000 0.984764 286.652751
 119.000000 0.976150 286.573093
 119.500000 0.969406 286.430335
 120.000000 0.976556 286.560659
 120.500000 0.984930 286.667932
 121.000000 0.973808 286.472440
 121.500000 0.983388 286.657887
 122.000000 0.979427 286.584400
 122.500000 0.968587 286.419408
 123.000000 0.979779 286.550596
 123.500000 0.976997 286.530887
 124.000000 0.979075 286.592353
 124.500000 0.985029 286.623961
 125.000000 0.970524 286.419593
 125.500000 0.983202 286.601643
 126.000000 0.977006 286.509145
 126.500000 0.980838 286.551878
 127.000000 0.989193 286.714179
 127.500000 0.968739 286.469673
 128.000000 0.999406 286.814142
 128.500000 0.968847 286.407409
 129.000000 0.990395 286.728534
 129.500000 0.978109 286.584131
 130.000000 0.974448 286.489430
 130.500000 0.993127 286.757662
 131.000000 0.968393 286.423079
 131.500000 0.985370 286.679808
 132.000000 0.982352 286.633379
 132.500000 0.985026 286.672940
 133.000000 0.984669 286.662239
 133.500000 0.972923 286.518864
 134.000000 0.994644 286.752261
 134.500000 0.975097 286.508521
 135.000000 0.984155 286.628056
 135.500000 0.974285 286.511226
 136.000000 0.990297 286.732411
 136.500000 0.974172 286.511616
 137.000000 0.983462 286.574849
 137.500000 0.976480 286.511759
 138.000000 0.988367 286.670489
 138.500000 0.986969 286.669188
 139.000000 0.974004 286.495894
 139.500000 0.983111 286.643248
 140.000000 0.985163 286.638306
 140.500000 0.981681 286.583082
 141.000000 0.984232 286.635849
 141.500000 0.981535 286.626284
 142.000000 0.982450 286.620937
 142.500000 0.977676 286.525592
 143.000000 0.987311 286.699332
 143.500000 0.984577 286.652656
 144.000000 0.980519 286.600324
 144.500000 0.978636 286.583014
 145.000000 0.985252 286.621407
 145.500000 0.980839 286.615981
 146.000000 0.985434 286.660711
 146.500000 0.985578 286.653179
 147.000000 0.980774 286.582375
 147.500000 0.986615 286.689339
 148.000000 0.968244 286.423595
 148.500000 0.985914 286.675001
 149.000000 0.973217 286.519554
 149.500000 0.974931 286.524328
 150.000000 0.979396 286.601044
 150.500000 0.989544 286.704557
 151.000000 0.972760 286.463171
 151.500000 0.970579 286.467099
 152.000000 0.980526 286.577059
 152.500000 0.986615 286.680973
 153.000000 0.974001 286.520817
 153.500000 0.976449 286.555739
 154.000000 0.973982 286.513177
 154.500000 0.976400 286.556650
 155.000000 0.975996 286.557606
 155.500000 0.974457 286.415149
 156.000000 0.976603 286.531943
 156.500000 0.981070 286.594314
 157.000000 0.978792 286.547925
 157.500000 0.989476 286.708971
 158.000000 0.972994 286.470682
 158.500000 0.983968 286.665573
 159.000000 0.983266 286.621626
 159.500000 0.975342 286.527153
 160.000000 0.987228 286.672628
 160.500000 0.980401 286.599042
 161.000000 0.982545 286.626797
 161.500000 0.983005 286.636328
 162.000000 0.977613 286.551448
 162.500000 0.976759 286.552651
 163.000000 0.986224 286.628825
 163.500000 0.994295 286.754985
 164.000000 0.971804 286.332890
 164.500000 0.987748 286.685302
 165.000000 0.984611 286.643421
 165.500000 0.989568 286.706317
 166.000000 0.978695 286.588339
 166.500000 0.987884 286.699779
 167.000000 0.986425 286.672274
 167.500000 0.991478 286.737733
 168.000000 0.983740 286.619478
 168.500000 0.989167 286.618127
 169.000000 0.989192 286.706653
 169.500000 0.976010 286.543410
 170.000000 0.967923 286.440864
 170.500000 0.994235 286.766181
 171.000000 0.987744 286.712753
 171.500000 0.988353 286.707910
 172.000000 0.969627 286.363548
 172.500000 0.982522 286.622740
 173.000000 0.978740 286.571904
 173.500000 0.984167 286.649760
 174.000000 0.985589 286.651590
 174.500000 0.977712 286.554499
 175.000000 0.986568 286.633489
 175.500000 0.982392 286.630909
 176.000000 0.993499 286.737353
 176.500000 0.987545 286.672610
 177.000000 0.982115 286.638987
 177.500000 0.978509 286.571709
 178.000000 0.982427 286.614545
 178.500000 0.984231 286.653465
 179.000000 0.974702 286.530868
 179.500000 0.978510 286.549675
 180.000000 0.974104 286.524086
 180.500000 0.977192 286.516318
 181.000000 0.984302 286.651617
 181.500000 0.989234 286.700596
 182.000000 0.977988 286.560747
 182.500000 0.983750 286.636056
 183.000000 0.979391 286.566492
 183.500000 0.978203 286.556464
 184.000000 0.977087 286.527472
 184.500000 0.983387 286.598718
 185.000000 0.982838 286.608471
 185.500000 0.980971 286.607922
 186.000000 0.978867 286.555747
 186.500000 0.985005 286.669153
 187.000000 0.974225 286.541125
 187.500000 0.974390 286.512050
 188.000000 0.982749 286.635054
 188.500000 0.975973 286.536386
 189.000000 0.981048 286.594674
 189.500000 0.967316 286.410137
 190.000000 0.975411 286.532046
 190.500000 0.968717 286.445558
 191.000000 0.983182 286.616704
 191.500000 0.977254 286.554528
 192.000000 0.973804 286.516391
 192.500000 0.986816 286.689295
 193.000000 0.976610 286.563193
 193.500000 0.986743 286.680368
 194.000000 0.986802 286.692499
 194.500000 0.980536 286.595545
 195.000000 0.973441 286.523949
 195.500000 0.978868 286.563949
 196.000000 0.977896 286.569670
 196.500000 0.987683 286.659354
 197.000000 0.976917 286.479923
 197.500000 0.969578 286.374972
 198.000000 0.989546 286.665385
 198.500000 0.982141 286.601963
 199.000000 0.981033 286.620497
 199.500000 0.977061 286.518902
 200.000000 0.983594 286.639137
 200.500000 0.984336 286.651506
 201.000000 0.990218 286.724532
 201.500000 0.980169 286.584272
 202.000000 0.982452 286.618978
 202.500000 0.974416 286.469718
 203.000000 0.986984 286.682526
 203.500000 0.987804 286.691543
 204.000000 0.986916 286.681978
 204.500000 0.978171 286.563305
 205.000000 0.989685 286.698225
 205.500000 0.979394 286.574106
 206.000000 0.983162 286.597305
 206.500000 0.977152 286.548343
 207.000000 0.981557 286.625317
 207.500000 0.985951 286.660414
 208.000000 0.976005 286.522929
 208.500000 0.973021 286.507468
 209.000000 0.989718 286.693693
 209.500000 0.982129 286.640587
 210.000000 0.968598 286.392538
 210.500000 0.978863 286.550004
 211.000000 0.985734 286.645889
 211.500000 0.994354 286.770384
 212.000000 0.988766 286.722410
 212.500000 0.982428 286.639580
 213.000000 0.988946 286.698631
 213.500000 0.981326 286.602596
 214.000000 0.981381 286.596640
 214.500000 0.986318 286.643029
 215.000000 0.995431 286.772766
 215.500000 0.976215 286.542696
 216.000000 0.990386 286.719855
 216.500000 0.983905 286.639068
 217.000000 0.974085 286.503422
 217.500000 0.977153 286.481939
 218.000000 0.978500 286.549634
 218.500000 0.974312 286.532413
 219.000000 0.974402 286.481379
 219.500000 0.980394 286.608503
 220.000000 0.989722 286.730387
 220.500000 0.979918 286.582912
 221.000000 0.987230 286.694879
 221.500000 0.991278 286.737954
 222.000000 0.984243 286.651816
 222.500000 0.984894 286.667057
 223.000000 0.984965 286.670198
 223.500000 0.995810 286.775156
 224.000000 0.983859 286.607804
 224.500000 0.981129 286.571074
 225.000000 0.976846 286.559182
 225.500000 0.989843 286.726471
 226.000000 0.977756 286.580480
 226.500000 0.992009 286.747661
 227.000000 0.981746 286.596408
 227.500000 0.982773 286.601025
 228.000000 0.978204 286.521326
 228.500000 0.977040 286.545375
 229.000000 0.983043 286.596457
 229.500000 0.989629 286.716431
 230.000000 0.977377 286.563575
 230.500000 0.987437 286.689798
 231.000000 0.986985 286.698855
 231.500000 0.984072 286.648590
 232.000000 0.980339 286.551544
 232.500000 0.995193 286.780037
 233.000000 0.992855 286.728538
 233.500000 0.989297 286.711887
 234.000000 0.986840 286.680906
 234.500000 0.983775 286.650219
 235.000000 0.997092 286.783905
 235.500000 0.992100 286.723444
 236.000000 0.980996 286.618976
 236.500000 0.991450 286.744627
 237.000000 0.979698 286.606877
 237.500000 0.988843 286.661952
 238.000000 0.980812 286.606137
 238.500000 0.986924 286.656957
 239.000000 0.986960 286.642973
 239.500000 0.982737 286.638383
 240.000000 0.984205 286.650045
 240.500000 0.986947 286.675704
 241.000000 0.988777 286.714881
 241.500000 0.977840 286.539048
 242.000000 0.974702 286.532005
 242.500000 0.984127 286.619124
 243.000000 0.982579 286.592251
 243.500000 0.979695 286.558537
 244.000000 0.978578 286.559783
 244.500000 0.995533 286.774597
 245.000000 0.967946 286.347795
 245.500000 0.981240 286.587190
 246.000000 0.981740 286.568218
 246.500000 0.996042 286.780243
 247.000000 0.984792 286.643627
 247.500000 0.979165 286.579105
 248.000000 0.988865 286.697213
 248.500000 0.994325 286.759590
 249.000000 0.987586 286.658099
 249.500000 0.985249 286.646378
 250.000000 0.974250 286.506960
 250.500000 0.982182 286.606651
 251.000000 0.974246 286.512271
 251.500000 0.991211 286.704582
 252.000000 0.969045 286.443176
 252.500000 0.983339 286.648494
 253.000000 0.973094 286.494435
 253.500000 0.989514 286.713783
 254.000000 0.979409 286.579669
 254.500000 0.984637 286.606093
 255.000000 0.981152 286.592476
 255.500000 0.992631 286.746436
 256.000000 0.972307 286.486519
 256.500000 0.993247 286.761760
 257.000000 0.978823 286.582548
 257.500000 0.986347 286.645751
 258.000000 0.977952 286.535224
 258.500000 0.982629 286.616015
 259.000000 0.987777 286.690545
 259.500000 1.000284 286.834517
 260.000000 0.977413 286.528325
 260.500000 0.991941 286.725462
 261.000000 0.983214 286.590986
 261.500000 0.988751 286.724844
 262.000000 0.973082 286.488632
 262.500000 0.975395 286.536346
 263.000000 0.985116 286.653556
 263.500000 0.981709 286.581554
 264.000000 0.974322 286.526504
 264.500000 0.993365 286.746540
 265.000000 0.980913 286.580408
 265.500000 1.002005 286.853097
 266.000000 0.980504 286.581086
 266.500000 0.981001 286.605927
 267.000000 0.990385 286.722047
 267.500000 0.985665 286.627732
 268.000000 0.973450 286.534488
 268.500000 0.986484 286.668327
 269.000000 0.986731 286.672089
 269.500000 0.983763 286.521187
 270.000000 0.981825 286.592308
 270.500000 0.976960 286.540973
 271.000000 0.999352 286.805123
 271.500000 0.977037 286.550951
 272.000000 0.978232 286.569119
 272.500000 0.986231 286.647383
 273.000000 0.985062 286.658940
 273.500000 0.985999 286.637377
 274.000000 0.973467 286.485413
 274.500000 0.984707 286.662279
 275.000000 0.991800 286.745251
 275.500000 0.980280 286.581096
 276.000000 0.988609 286.700633
 276.500000 0.982298 286.618081
 277.000000 0.995076 286.768137
 277.500000 0.978960 286.572250
 278.000000 0.977516 286.517295
 278.500000 0.976644 286.556472
 279.000000 0.993437 286.733489
 279.500000 0.977579 286.563243
 280.000000 0.986418 286.674894
 280.500000 0.971485 286.421856
 281.000000 0.971719 286.422899
 281.500000 0.983904 286.627447
 282.000000 0.980345 286.577610
 282.500000 0.974891 286.465840
 283.000000 0.986613 286.659267
 283.500000 0.979911 286.561592
 284.000000 0.979569 286.568666
 284.500000 0.976439 286.539798
 285.000000 0.983360 286.610637
 285.500000 0.981744 286.632412
 286.000000 0.980084 286.580782
 286.500000 0.968470 286.401595
 287.000000 0.992220 286.752636
 287.500000 0.982916 286.634888
 288.000000 0.983861 286.613827
 288.500000 0.993750 286.697295
 289.000000 0.980222 286.595278
 289.500000 0.993825 286.756184
 290.000000 0.972070 286.443040
 290.500000 0.989250 286.695410
 291.000000 0.980126 286.589412
 291.500000 0.985328 286.678595
 292.000000 0.974191 286.508357
 292.500000 0.989951 286.717320
 293.000000 0.986353 286.651828
 293.500000 0.989859 286.717467
 294.000000 0.975059 286.508264
 294.500000 0.987133 286.648181
 295.000000 0.986548 286.673717
 295.500000 0.982366 286.591306
 296.000000 0.985554 286.660765
 296.500000 0.981610 286.595836
 297.000000 0.990917 286.729920
 297.500000 0.984515 286.614396
 298.000000 0.970180 286.382778
 298.500000 0.986158 286.681852
 299.000000 0.984244 286.651243
 299.500000 0.981966 286.608014
 300.000000 0.987592 286.677093
 300.500000 0.986970 286.593437
 301.000000 0.982948 286.628324
 301.500000 0.988809 286.684008
 302.000000 0.989181 286.727543
 302.500000 0.988191 286.693384
 303.000000 0.982742 286.575515
 303.500000 0.990472 286.724003
 304.000000 0.985388 286.515827
 304.500000 0.985098 286.637955
 305.000000 0.994176 286.750801
 305.500000 0.983109 286.644037
 306.000000 0.970894 286.466822
 306.500000 0.993690 286.754992
 307.000000 0.983819 286.656941
 307.500000 0.976020 286.517568
 308.000000 0.993998 286.771363
 308.500000 0.972285 286.468892
 309.000000 0.995870 286.782140
 309.500000 0.971135 286.332656
 310.000000 0.984008 286.658183
 310.500000 0.983016 286.600821
 311.000000 0.988191 286.665759
 311.500000 0.982221 286.623209
 312.000000 0.977033 286.563970
 312.500000 0.998875 286.809276
 313.000000 0.983744 286.639263
 313.500000 0.981353 286.568698
 314.000000 0.989229 286.722702
 314.500000 0.980256 286.615115
 315.000000 0.984244 286.652512
 315.500000 0.980825 286.619312
 316.000000 0.979507 286.570088
 316.500000 0.976993 286.554060
 317.000000 0.987804 286.688212
 317.500000 0.981269 286.608063
 318.000000 0.987316 286.695315
 318.500000 0.973654 286.532301
 319.000000 0.985750 286.666508
 319.500000 0.975216 286.496363
 320.000000 0.979033 286.521165
 320.500000 0.994202 286.759037
 321.000000 0.983125 286.650733
 321.500000 0.987712 286.695541
 322.000000 0.975524 286.517816
 322.500000 0.988948 286.698905
 323.000000 0.968918 286.442361
 323.500000 0.987670 286.709704
 324.000000 0.985596 286.629389
 324.500000 0.978144 286.550225
 325.000000 0.986372 286.650066
 325.500000 0.980944 286.586312
 326.000000 0.981523 286.604913
 326.500000 0.992048 286.723724
 327.000000 0.982179 286.608250
 327.500000 0.987579 286.697939
 328.000000 0.987409 286.698361
 328.500000 0.974283 286.512141
 329.000000 0.992117 286.743297
 329.500000 0.990799 286.724432
 330.000000 0.978913 286.567278
 330.500000 0.984108 286.629916
 331.000000 0.989119 286.680476
 331.500000 0.985516 286.675582
 332.000000 0.982671 286.647704
 332.500000 0.979809 286.575932
 333.000000 0.991235 286.688766
 333.500000 0.986239 286.683442
 334.000000 0.980046 286.612632
 334.500000 0.996974 286.748179
 335.000000 1.000686 286.839515
 335.500000 0.977914 286.534648
 336.000000 0.986322 286.655983
 336.500000 0.984083 286.623396
 337.000000 0.990013 286.709774
 337.500000 0.990732 286.730986
 338.000000 0.975336 286.527374
 338.500000 0.981998 286.266737
 339.000000 0.988787 286.640712
 339.500000 0.988689 286.713699
 340.000000 0.981666 286.615284
 340.500000 0.972612 286.242361
 341.000000 0.989145 286.720846
 341.500000 0.992935 286.748141
 342.000000 0.977816 286.574456
 342.500000 0.992998 286.749875
 343.000000 0.991054 286.717989
 343.500000 0.988381 286.640282
 344.000000 0.977319 286.499347
 344.500000 0.999192 286.808752
 345.000000 0.981272 286.635619
 345.500000 0.991225 286.708699
 346.000000 0.976742 286.550328
 346.500000 0.987381 286.678366
 347.000000 0.994741 286.771810
 347.500000 0.988041 286.667220
 348.000000 0.979086 286.503000
 348.500000 0.988970 286.689035
 349.000000 0.992207 286.735208
 349.500000 0.990890 286.723603
 350.000000 0.979120 286.585778
 350.500000 0.992997 286.727964
 351.000000 0.981603 286.619834
 351.500000 0.989646 286.712776
 352.000000 0.984103 286.630084
 352.500000 0.993370 286.759164
 353.000000 0.992385 286.722695
 353.500000 0.985887 286.652743
 354.000000 0.993572 286.735215
 354.500000 0.988522 286.696791
 355.000000 0.991149 286.730663
 355.500000 0.988888 286.515487
 356.000000 0.983142 286.599403
 356.500000 0.997069 286.772290
 357.000000 0.978132 286.586218
 357.500000 0.990823 286.692866
 358.000000 0.989544 286.705679
 358.500000 0.997817 286.799152
 359.000000 0.982999 286.634458
 359.500000 0.991477 286.728104
 360.000000 0.979901 286.580113
 360.500000 0.989241 286.705599
 361.000000 0.987349 286.579588
 361.500000 0.982055 286.610729
 362.000000 0.982135 286.636561
 362.500000 0.981642 286.570303
 363.000000 0.981298 286.613019
 363.500000 0.976035 286.548274
 364.000000 0.982054 286.600822
 364.500000 0.982886 286.639341
 365.000000 0.979118 286.546562
 365.500000 0.985235 286.672099
 366.000000 0.981858 286.589340
 366.500000 0.981190 286.560687
 367.000000 0.982615 286.600203
 367.500000 0.987053 286.654471
 368.000000 0.989804 286.716154
 368.500000 0.986625 286.681851
 369.000000 0.987781 286.686704
 369.500000 0.979311 286.592710
 370.000000 0.987572 286.656490
 370.500000 0.987583 286.695563
 371.000000 0.985050 286.675000
 371.500000 0.990230 286.704819
 372.000000 0.980262 286.604182
 372.500000 0.990462 286.713219
 373.000000 0.996605 286.807659
 373.500000 0.988443 286.686076
 374.000000 0.982958 286.632718
 374.500000 0.992814 286.751555
 375.000000 0.981047 286.584999
 375.500000 0.986052 286.673946
 376.000000 0.987086 286.677770
 376.500000 0.983984 286.662597
 377.000000 0.992936 286.751308
 377.500000 0.989116 286.696912
 378.000000 0.987699 286.698352
 378.500000 0.995079 286.784444
 379.000000 0.982754 286.642328
 379.500000 0.988214 286.684705
 380.000000 0.986372 286.682268
 380.500000 0.998605 286.821792
 381.000000 0.975198 286.498409
 381.500000 0.980406 286.598795
 382.000000 0.985015 286.639951
 382.500000 0.978057 286.564666
 383.000000 0.972138 286.475379
 383.500000 0.983544 286.647892
 384.000000 0.986427 286.662739
 384.500000 0.990777 286.663083
 385.000000 0.981889 286.627358
 385.500000 0.994292 286.763256
 386.000000 0.984354 286.654979
 386.500000 0.977871 286.547681
 387.000000 0.981263 286.576246
 387.500000 1.000570 286.848958
 388.000000 0.989445 286.710753
 388.500000 0.994018 286.768923
 389.000000 0.985864 286.663840
 389.500000 0.988337 286.685163
 390.000000 0.986501 286.691130
 390.500000 0.989283 286.712024
 391.000000 0.983142 286.648342
 391.500000 0.987240 286.672360
 392.000000 0.987268 286.655437
 392.500000 0.991622 286.725440
 393.000000 0.981194 286.603669
 393.500000 0.977328 286.571665
 394.000000 0.979567 286.571758
 394.500000 0.988405 286.688407
 395.000000 0.980007 286.587829
 395.500000 0.980159 286.544593
 396.000000 0.982303 286.650688
 396.500000 0.995986 286.774984
 397.000000 0.981080 286.574050
 397.500000 0.990874 286.738576
 398.000000 0.980225 286.594028
 398.500000 0.982733 286.603667
 399.000000 0.991614 286.733253
 399.500000 0.993753 286.767694
 400.000000 0.993965 286.770866
