#! FIELDS time refcv.mean refcv.morethan
 0.000000 0.968979 286.558155
 0.500000 0.693252 253.999457
 1.000000 0.657669 243.569938
 1.500000 0.738639 268.950995
 2.000000 0.760400 271.780346
 2.500000 0.722781 262.871593
 3.000000 0.689846 254.244451
 3.500000 0.756296 270.303867
 4.000000 0.768608 275.838732
 4.500000 0.694402 258.848262
 5.000000 0.713454 262.534593
 5.500000 0.773913 276.173686
 6.000000 0.764691 273.781891
 6.500000 0.713737 263.424779
 7.000000 0.745272 271.483665
 7.500000 0.764102 272.546928
 8.000000 0.737547 267.170685
 8.500000 0.730060 267.052053
 9.000000 0.749925 270.761217
 9.500000 0.753785 270.029180
 10.000000 0.726186 265.748529
 10.500000 0.738987 268.902992
 11.000000 0.743301 269.102369
 11.500000 0.753374 270.037378
 12.000000 0.730574 269.257516
 12.500000 0.743336 269.569499
 13.000000 0.741863 269.689218
 13.500000 0.745498 266.743446
 14.000000 0.770950 275.367612
 14.500000 0.752622 272.087636
 15.000000 0.752907 272.913368
 15.500000 0.744276 269.353821
 16.000000 0.739269 268.097857
 16.500000 0.732954 266.243639
 17.000000 0.741475 269.037362
 17.500000 0.758939 272.907328
 18.000000 0.744553 269.640614
 18.500000 0.736087 266.167776
 19.000000 0.744031 269.004755
 19.500000 0.743176 268.585304
 20.000000 0.739706 267.971772
 20.500000 0.732621 267.173926
 21.000000 0.766299 273.216901
 21.500000 0.741222 269.332658
 22.000000 0.755614 271.813440
 22.500000 0.737044 267.464342
 23.000000 0.762948 273.074957
 23.500000 0.735873 266.614114
 24.000000 0.720676 264.541478
 24.500000 0.735894 268.111698
 25.000000 0.732293 265.938521
 25.500000 0.721789 265.947129
 26.000000 0.730109 262.848620
 26.500000 0.752052 272.885090
 27.000000 0.723476 264.566253
 27.500000 0.727029 265.117595
 28.000000 0.725032 267.324193
 28.500000 0.745790 269.470132
 29.000000 0.722857 266.286449
 29.500000 0.726376 265.682016
 30.000000 0.731925 265.972076
 30.500000 0.718539 263.888826
 31.000000 0.739638 266.835511
 31.500000 0.707935 262.590571
 32.000000 0.727342 266.235175
 32.500000 0.729473 264.456062
 33.000000 0.720277 265.200750
 33.500000 0.722977 265.273212
 34.000000 0.726979 268.050313
 34.500000 0.752905 270.503926
 35.000000 0.734662 265.749373
 35.500000 0.724435 266.503788
 36.000000 0.725234 263.235734
 36.500000 0.751597 269.130286
 37.000000 0.732520 268.402921
 37.500000 0.732901 267.819780
 38.000000 0.721382 262.989987
 38.500000 0.750327 271.549045
 39.000000 0.730403 268.016104
 39.500000 0.726864 265.498986
 40.000000 0.767532 273.975883
 40.500000 0.743049 269.258342
 41.000000 0.703450 260.901821
 41.500000 0.735445 269.196432
 42.000000 0.750263 268.553309
 42.500000 0.752572 270.518859
 43.000000 0.710571 259.416680
 43.500000 0.740100 268.237505
 44.000000 0.760264 272.101707
 44.500000 0.722904 264.565285
 45.000000 0.722161 263.856786
 45.500000 0.743887 268.976212
 46.000000 0.754079 271.221099
 46.500000 0.742533 269.319991
 47.000000 0.710966 261.159703
 47.500000 0.745486 266.671631
 48.000000 0.745744 266.908406
 48.500000 0.726680 264.745458
 49.000000 0.709348 260.997019
 49.500000 0.724026 265.200290
 50.000000 0.722005 266.080584
 50.500000 0.706878 260.838589
 51.000000 0.730245 267.439818
 51.500000 0.761802 273.595823
 52.000000 0.722319 262.317798
 52.500000 0.718202 264.114224
 53.000000 0.728810 267.170315
 53.500000 0.760093 273.380340
 54.000000 0.747956 271.235011
 54.500000 0.730209 267.379460
 55.000000 0.735802 269.439180
 55.500000 0.730859 266.359917
 56.000000 0.727264 267.101777
 56.500000 0.731893 267.931892
 57.000000 0.745073 269.654588
 57.500000 0.729558 267.390111
 58.000000 0.709952 262.266748
 58.500000 0.733244 267.397303
 59.000000 0.743015 269.262319
 59.500000 0.730831 265.982794
 60.000000 0.713471 262.333055
 60.500000 0.689246 255.254555
 61.000000 0.750779 271.196531
 61.500000 0.720502 262.678764
 62.000000 0.738927 266.781977
 62.500000 0.715901 261.442085
 63.000000 0.710703 261.345931
 63.500000 0.734232 267.370625
 64.000000 0.719400 261.885105
 64.500000 0.713267 264.403629
 65.000000 0.729190 266.523163
 65.500000 0.720239 264.412675
 66.000000 0.736772 267.084655
 66.500000 0.715971 262.221587
 67.000000 0.748888 270.435540
 67.500000 0.722932 262.427316
 68.000000 0.708044 259.071314
 68.500000 0.738064 269.393412
 69.000000 0.734800 265.262598
 69.500000 0.724501 264.650697
 70.000000 0.709619 262.094251
 70.500000 0.744523 270.816684
 71.000000 0.715931 261.512669
 71.500000 0.741969 269.759658
 72.000000 0.715119 260.095304
 72.500000 0.725662 266.846395
 73.000000 0.712702 260.561751
 73.500000 0.703587 259.269792
 74.000000 0.735410 269.789053
 74.500000 0.741620 267.699898
 75.000000 0.724103 264.680454
 75.500000 0.723335 262.282862
 76.000000 0.736509 266.982964
 76.500000 0.745356 267.059851
 77.000000 0.743165 269.650099
 77.500000 0.727601 265.700243
 78.000000 0.724594 264.272667
 78.500000 0.742911 268.213077
 79.000000 0.731721 265.318637
 79.500000 0.721111 261.152847
 80.000000 0.707776 259.017503
 80.500000 0.732371 266.034637
 81.000000 0.711312 261.800281
 81.500000 0.724337 264.612274
 82.000000 0.749326 270.984319
 82.500000 0.731823 266.841432
 83.000000 0.711742 260.067145
 83.500000 0.713349 263.049585
 84.000000 0.722776 265.579733
 84.500000 0.724966 265.619831
 85.000000 0.721292 261.859400
 85.500000 0.726847 266.153035
 86.000000 0.732678 264.547582
 86.500000 0.711013 261.225590
 87.000000 0.731279 264.151908
 87.500000 0.730097 265.674062
 88.000000 0.723703 263.830684
 88.500000 0.726538 266.719956
 89.000000 0.742831 267.511220
 89.500000 0.731988 263.974831
 90.000000 0.744260 267.709304
 90.500000 0.719894 263.791506
 91.000000 0.720169 262.023782
 91.500000 0.738089 266.572322
 92.000000 0.705509 260.292927
 92.500000 0.719868 265.188334
 93.000000 0.744802 269.325426
 93.500000 0.716010 262.105238
 94.000000 0.739794 265.383801
 94.500000 0.728591 265.675063
 95.000000 0.734979 268.786727
 95.500000 0.691890 253.237384
 96.000000 0.738230 267.272343
 96.500000 0.696232 253.583268
 97.000000 0.718910 262.751509
 97.500000 0.700983 257.618514
 98.000000 0.734495 267.607281
 98.500000 0.693242 252.612439
 99.000000 0.711029 260.085813
 99.500000 0.713997 261.303583
 100.000000 0.694701 255.639664
 100.500000 0.721656 262.755562
 101.000000 0.700324 255.961869
 101.500000 0.731762 262.994686
 102.000000 0.715139 262.848619
 102.500000 0.710594 261.120070
 103.000000 0.729176 266.827699
 103.500000 0.731545 266.345230
 104.000000 0.707633 259.184787
 104.500000 0.729221 265.204538
 105.000000 0.701267 258.312356
 105.500000 0.735298 267.404754
 106.000000 0.699093 257.138098
 106.500000 0.730355 264.265725
 107.000000 0.703911 259.383685
 107.500000 0.733024 267.649030
 108.000000 0.713573 262.673389
 108.500000 0.730231 263.028753
 109.000000 0.734531 267.406739
 109.500000 0.733692 265.837143
 110.000000 0.718009 261.859689
 110.500000 0.737285 268.439463
 111.000000 0.730950 266.768375
 111.500000 0.744091 270.576641
 112.000000 0.703697 258.056846
 112.500000 0.725257 264.321271
 113.000000 0.735826 266.356200
 113.500000 0.708892 259.013270
 114.000000 0.738765 268.450306
 114.500000 0.685338 250.576612
 115.000000 0.704782 255.613392
 115.500000 0.728569 265.934116
 116.000000 0.712014 259.719577
 116.500000 0.709353 262.491561
 117.000000 0.717223 261.078158
 117.500000 0.734426 266.469074
 118.000000 0.735510 267.205699
 118.500000 0.731570 266.341688
 119.000000 0.705165 262.139062
 119.500000 0.701125 257.828810
 120.000000 0.715119 263.014369
 120.500000 0.729273 266.151869
 121.000000 0.705093 257.765574
 121.500000 0.729018 267.849621
 122.000000 0.719690 262.557850
 122.500000 0.690801 254.513137
 123.000000 0.725339 263.583411
 123.500000 0.713094 259.798165
 124.000000 0.713118 261.794398
 124.500000 0.732612 262.287366
 125.000000 0.702850 255.929745
 125.500000 0.728822 264.090564
 126.000000 0.718237 261.175046
 126.500000 0.722596 263.264179
 127.000000 0.739616 269.102706
 127.500000 0.703810 262.123019
 128.000000 0.756854 272.108021
 128.500000 0.702089 257.263184
 129.000000 0.745782 270.341974
 129.500000 0.710168 261.977094
 130.000000 0.712487 257.665533
 130.500000 0.750786 271.324954
 131.000000 0.698757 255.569707
 131.500000 0.722308 266.347704
 132.000000 0.728602 266.320756
 132.500000 0.734154 267.675398
 133.000000 0.727291 267.184892
 133.500000 0.708676 261.463237
 134.000000 0.752405 270.071335
 134.500000 0.711719 260.385498
 135.000000 0.731829 264.700081
 135.500000 0.705086 258.250593
 136.000000 0.744271 269.935973
 136.500000 0.711538 260.360732
 137.000000 0.726758 261.927157
 137.500000 0.716579 259.434885
 138.000000 0.745613 267.484568
 138.500000 0.735797 265.374739
 139.000000 0.707141 257.868250
 139.500000 0.723968 264.747871
 140.000000 0.740632 267.391642
 140.500000 0.731369 265.588909
 141.000000 0.723776 263.480121
 141.500000 0.729867 266.151972
 142.000000 0.728665 266.778331
 142.500000 0.711351 256.743947
 143.000000 0.741746 269.620451
 143.500000 0.732984 266.727798
 144.000000 0.714695 260.763252
 144.500000 0.722678 263.625649
 145.000000 0.737970 264.758975
 145.500000 0.721177 263.822009
 146.000000 0.732652 266.092550
 146.500000 0.731850 265.901417
 147.000000 0.726584 262.536326
 147.500000 0.733245 268.030788
 148.000000 0.688440 252.262408
 148.500000 0.738951 267.975131
 149.000000 0.704267 261.551327
 149.500000 0.700428 256.993156
 150.000000 0.722531 264.867086
 150.500000 0.743564 268.471212
 151.000000 0.696056 255.241947
 151.500000 0.705665 259.353027
 152.000000 0.720199 263.405408
 152.500000 0.730556 266.617644
 153.000000 0.708612 259.995363
 153.500000 0.705222 260.257677
 154.000000 0.706404 259.203012
 154.500000 0.712074 263.659174
 155.000000 0.707764 261.774116
 155.500000 0.712491 259.747732
 156.000000 0.710736 260.339530
 156.500000 0.720887 261.461202
 157.000000 0.720376 260.636256
 157.500000 0.741201 268.277232
 158.000000 0.703409 258.257933
 158.500000 0.726177 266.944216
 159.000000 0.730511 264.438459
 159.500000 0.707386 259.897504
 160.000000 0.740679 267.211107
 160.500000 0.720082 264.004044
 161.000000 0.724644 265.001778
 161.500000 0.732202 266.333030
 162.000000 0.706828 259.904015
 162.500000 0.712621 261.296925
 163.000000 0.746799 267.172939
 163.500000 0.749484 268.915278
 164.000000 0.702309 258.529875
 164.500000 0.739355 267.352553
 165.000000 0.732066 266.242058
 165.500000 0.748544 270.069328
 166.000000 0.713743 263.807275
 166.500000 0.739142 268.768483
 167.000000 0.740137 267.914598
 167.500000 0.744399 269.217752
 168.000000 0.730900 265.808688
 168.500000 0.749573 269.460514
 169.000000 0.746165 269.536582
 169.500000 0.715417 262.689169
 170.000000 0.690102 255.313381
 170.500000 0.754412 271.448736
 171.000000 0.745687 271.594095
 171.500000 0.734294 268.445281
 172.000000 0.700249 255.259744
 172.500000 0.729911 265.350131
 173.000000 0.718862 262.223571
 173.500000 0.730975 265.774428
 174.000000 0.733079 265.530789
 174.500000 0.715761 260.951542
 175.000000 0.738284 268.092590
 175.500000 0.726119 264.560098
 176.000000 0.746231 268.144526
 176.500000 0.742485 268.207069
 177.000000 0.728862 267.027596
 177.500000 0.708438 261.581986
 178.000000 0.728517 264.125951
 178.500000 0.733312 268.051567
 179.000000 0.703170 258.987624
 179.500000 0.719889 262.776446
 180.000000 0.707930 260.814061
 180.500000 0.711152 258.383686
 181.000000 0.733741 267.065997
 181.500000 0.742945 268.303240
 182.000000 0.709891 259.502978
 182.500000 0.733706 265.865549
 183.000000 0.721242 262.586334
 183.500000 0.711325 259.629689
 184.000000 0.718558 261.282145
 184.500000 0.728234 262.765966
 185.000000 0.720516 262.189089
 185.500000 0.727980 264.786798
 186.000000 0.714433 261.191715
 186.500000 0.730923 267.032516
 187.000000 0.706316 261.158903
 187.500000 0.698756 256.915381
 188.000000 0.723923 264.149705
 188.500000 0.712375 260.610756
 189.000000 0.722589 262.310543
 189.500000 0.688468 252.707950
 190.000000 0.708296 260.552089
 190.500000 0.696414 257.339793
 191.000000 0.722034 261.532127
 191.500000 0.718723 262.911383
 192.000000 0.706021 258.987700
 192.500000 0.728327 267.129636
 193.000000 0.714035 262.605139
 193.500000 0.734137 267.113094
 194.000000 0.730611 267.215670
 194.500000 0.721961 263.042863
 195.000000 0.706888 260.786707
 195.500000 0.708516 259.583448
 196.000000 0.717344 263.139803
 196.500000 0.741446 267.674171
 197.000000 0.707599 254.575601
 197.500000 0.703075 253.386695
 198.000000 0.741381 268.494245
 198.500000 0.721225 262.131108
 199.000000 0.725152 265.986246
 199.500000 0.712062 259.014164
 200.000000 0.727191 265.330191
 200.500000 0.734021 266.174965
 201.000000 0.732751 267.325692
 201.500000 0.718793 261.812533
 202.000000 0.730904 265.185802
 202.500000 0.707785 258.026146
 203.000000 0.727800 265.671504
 203.500000 0.740231 268.370590
 204.000000 0.738186 268.401581
 204.500000 0.713931 261.983068
 205.000000 0.738962 266.328160
 205.500000 0.723940 263.195648
 206.000000 0.727600 263.227695
 206.500000 0.707491 258.843392
 207.000000 0.727819 266.112465
 207.500000 0.733727 265.697878
 208.000000 0.705690 257.489579
 208.500000 0.702978 259.623839
 209.000000 0.739017 266.950403
 209.500000 0.730843 267.628880
 210.000000 0.692677 253.420779
 210.500000 0.709800 256.884469
 211.000000 0.740242 269.427063
 211.500000 0.750915 271.130014
 212.000000 0.730284 268.160580
 212.500000 0.727068 266.334130
 213.000000 0.745636 268.249528
 213.500000 0.714377 262.272700
 214.000000 0.724139 264.203692
 214.500000 0.739117 265.195973
 215.000000 0.747169 269.696697
 215.500000 0.713518 260.432015
 216.000000 0.740117 269.169184
 216.500000 0.729131 265.918111
 217.000000 0.705973 259.509080
 217.500000 0.707995 256.003161
 218.000000 0.723622 265.627582
 218.500000 0.701842 259.208264
 219.000000 0.705240 258.397118
 219.500000 0.722987 264.928185
 220.000000 0.736598 269.455846
 220.500000 0.721364 262.458436
 221.000000 0.734900 268.057901
 221.500000 0.740978 269.462823
 222.000000 0.731048 266.420548
 222.500000 0.730109 266.637978
 223.000000 0.728857 267.295849
 223.500000 0.759253 271.259599
 224.000000 0.731954 264.607289
 224.500000 0.719623 260.318877
 225.000000 0.712756 261.677278
 225.500000 0.741859 269.303145
 226.000000 0.717477 263.153748
 226.500000 0.739154 268.589700
 227.000000 0.722096 263.247109
 227.500000 0.729510 263.030225
 228.000000 0.717113 261.558202
 228.500000 0.714691 259.868700
 229.000000 0.728467 262.639275
 229.500000 0.741580 268.528431
 230.000000 0.714405 262.510711
 230.500000 0.734432 268.445427
 231.000000 0.738640 269.817751
 231.500000 0.734294 267.034997
 232.000000 0.718480 261.129465
 232.500000 0.751464 271.724259
 233.000000 0.758404 269.549012
 233.500000 0.740506 268.659527
 234.000000 0.732651 267.105875
 234.500000 0.731355 266.704780
 235.000000 0.756273 270.797826
 235.500000 0.751120 268.851053
 236.000000 0.718587 263.535269
 236.500000 0.741459 269.825637
 237.000000 0.723343 265.756187
 237.500000 0.733041 264.313467
 238.000000 0.721475 264.267895
 238.500000 0.738568 264.821807
 239.000000 0.735674 263.914794
 239.500000 0.729039 266.075334
 240.000000 0.724453 265.099267
 240.500000 0.734522 265.960382
 241.000000 0.745379 270.966117
 241.500000 0.712091 258.934036
 242.000000 0.701736 259.553928
 242.500000 0.731197 264.889311
 243.000000 0.730295 263.931980
 243.500000 0.719603 261.437501
 244.000000 0.714525 260.823831
 244.500000 0.756576 271.160084
 245.000000 0.700928 256.314819
 245.500000 0.718338 261.436137
 246.000000 0.727725 265.224266
 246.500000 0.758569 270.759168
 247.000000 0.735053 266.158504
 247.500000 0.719545 263.069607
 248.000000 0.734210 266.927401
 248.500000 0.759031 271.109519
 249.000000 0.739271 265.311676
 249.500000 0.729529 263.864964
 250.000000 0.708637 259.492480
 250.500000 0.721479 261.347619
 251.000000 0.708377 259.107288
 251.500000 0.749125 267.318629
 252.000000 0.692111 254.516399
 252.500000 0.714786 263.205619
 253.000000 0.714457 260.171043
 253.500000 0.737972 268.110493
 254.000000 0.719312 262.592684
 254.500000 0.736341 263.230088
 255.000000 0.718440 261.430436
 255.500000 0.745982 270.947927
 256.000000 0.701718 257.652685
 256.500000 0.748389 270.868558
 257.000000 0.717620 263.893297
 257.500000 0.733572 265.676091
 258.000000 0.714388 259.066614
 258.500000 0.724010 263.460244
 259.000000 0.742072 268.467741
 259.500000 0.761483 273.452058
 260.000000 0.712851 258.769981
 260.500000 0.746829 269.024910
 261.000000 0.725279 262.229344
 261.500000 0.741924 271.156505
 262.000000 0.701023 256.407026
 262.500000 0.707381 260.248998
 263.000000 0.731637 265.684584
 263.500000 0.725555 261.932226
 264.000000 0.711885 261.035199
 264.500000 0.745747 267.801026
 265.000000 0.726386 264.758779
 265.500000 0.772660 275.163556
 266.000000 0.717805 261.007817
 266.500000 0.723864 263.338533
 267.000000 0.751405 270.499453
 267.500000 0.731168 266.995741
 268.000000 0.706761 261.525349
 268.500000 0.734946 265.724242
 269.000000 0.736929 267.561125
 269.500000 0.739041 267.230104
 270.000000 0.719309 262.038444
 270.500000 0.711824 260.070813
 271.000000 0.767905 272.411231
 271.500000 0.720075 261.993014
 272.000000 0.714744 262.679113
 272.500000 0.734906 264.495485
 273.000000 0.735658 267.733461
 273.500000 0.736535 266.438786
 274.000000 0.708703 258.479114
 274.500000 0.730935 267.390575
 275.000000 0.743099 269.798481
 275.500000 0.728839 264.763587
 276.000000 0.731770 266.325925
 276.500000 0.723807 264.222187
 277.000000 0.763105 271.196713
 277.500000 0.716058 260.147107
 278.000000 0.717563 259.373955
 278.500000 0.710038 260.987508
 279.000000 0.747487 269.560882
 279.500000 0.723410 263.247633
 280.000000 0.728352 265.656874
 280.500000 0.698505 254.382552
 281.000000 0.704934 256.936871
 281.500000 0.728526 264.987850
 282.000000 0.726723 262.396046
 282.500000 0.701389 255.736746
 283.000000 0.733547 265.826659
 283.500000 0.727017 265.154193
 284.000000 0.708346 261.638133
 284.500000 0.708100 260.906903
 285.000000 0.737901 265.093543
 285.500000 0.717636 264.578266
 286.000000 0.717046 261.348997
 286.500000 0.697876 256.158122
 287.000000 0.745241 270.886148
 287.500000 0.731534 265.577578
 288.000000 0.721726 262.262942
 288.500000 0.746701 268.159681
 289.000000 0.732493 266.876030
 289.500000 0.745808 269.236816
 290.000000 0.698839 255.808371
 290.500000 0.744074 268.815758
 291.000000 0.722792 262.892852
 291.500000 0.736304 269.054317
 292.000000 0.702964 257.944164
 292.500000 0.740241 267.833861
 293.000000 0.744893 267.466276
 293.500000 0.738322 268.439577
 294.000000 0.706115 260.114239
 294.500000 0.740086 265.437046
 295.000000 0.738412 268.058809
 295.500000 0.725869 262.208343
 296.000000 0.731486 266.220041
 296.500000 0.727779 264.365832
 297.000000 0.747611 270.111499
 297.500000 0.728588 262.574953
 298.000000 0.701548 255.286892
 298.500000 0.731991 267.253790
 299.000000 0.730062 266.360677
 299.500000 0.727310 264.149180
 300.000000 0.734095 266.618423
 300.500000 0.742809 265.116971
 301.000000 0.729996 265.759585
 301.500000 0.733217 264.744150
 302.000000 0.747994 271.545892
 302.500000 0.739622 267.861802
 303.000000 0.722034 262.803770
 303.500000 0.750222 270.369471
 304.000000 0.732463 264.704119
 304.500000 0.733437 265.094833
 305.000000 0.758005 270.806430
 305.500000 0.723231 265.672515
 306.000000 0.701895 257.984672
 306.500000 0.748307 269.193923
 307.000000 0.731676 267.946618
 307.500000 0.716053 261.811297
 308.000000 0.741900 269.986401
 308.500000 0.705249 258.255576
 309.000000 0.761047 272.273461
 309.500000 0.702674 256.565784
 310.000000 0.726076 266.416961
 310.500000 0.732439 267.339748
 311.000000 0.740651 265.894461
 311.500000 0.723922 264.693400
 312.000000 0.716145 262.334884
 312.500000 0.762511 271.883804
 313.000000 0.732643 266.334825
 313.500000 0.720013 261.747232
 314.000000 0.739985 270.060424
 314.500000 0.726689 266.337845
 315.000000 0.723756 265.185704
 315.500000 0.724659 265.313347
 316.000000 0.720284 263.570657
 316.500000 0.714249 260.714070
 317.000000 0.746218 269.032496
 317.500000 0.714861 262.298175
 318.000000 0.735873 268.173821
 318.500000 0.712745 263.008061
 319.000000 0.726548 264.179892
 319.500000 0.715657 258.209627
 320.000000 0.717278 259.181000
 320.500000 0.752317 270.363694
 321.000000 0.728203 266.945293
 321.500000 0.731475 266.584471
 322.000000 0.716813 261.456245
 322.500000 0.734558 266.956920
 323.000000 0.696253 255.624273
 323.500000 0.738035 269.725960
 324.000000 0.734266 264.841097
 324.500000 0.720974 262.751311
 325.000000 0.727172 263.222366
 325.500000 0.730045 264.578269
 326.000000 0.724923 264.638439
 326.500000 0.740588 265.942764
 327.000000 0.735014 265.072647
 327.500000 0.736383 268.430415
 328.000000 0.737142 269.127601
 328.500000 0.707982 259.310175
 329.000000 0.751521 270.924897
 329.500000 0.745068 269.300861
 330.000000 0.716283 261.497409
 330.500000 0.734682 266.099592
 331.000000 0.743748 266.632571
 331.500000 0.731097 266.845875
 332.000000 0.723886 266.163503
 332.500000 0.723680 262.966331
 333.000000 0.741924 268.006376
 333.500000 0.737690 268.807399
 334.000000 0.721305 264.490806
 334.500000 0.758505 270.513252
 335.000000 0.775636 275.256665
 335.500000 0.713058 260.549329
 336.000000 0.735705 266.783443
 336.500000 0.739865 266.889692
 337.000000 0.742403 268.044229
 337.500000 0.745311 269.400248
 338.000000 0.712709 260.707609
 338.500000 0.720653 261.597875
 339.000000 0.748198 267.591079
 339.500000 0.749305 270.681678
 340.000000 0.715175 261.913999
 340.500000 0.708971 260.126356
 341.000000 0.749588 271.547150
 341.500000 0.743338 268.948904
 342.000000 0.718472 264.259769
 342.500000 0.750076 269.634782
 343.000000 0.740910 267.818670
 343.500000 0.747325 267.120523
 344.000000 0.712153 259.427071
 344.500000 0.759650 271.137546
 345.000000 0.740209 269.912651
 345.500000 0.734037 265.675217
 346.000000 0.710387 260.744313
 346.500000 0.741739 267.198726
 347.000000 0.753197 271.213160
 347.500000 0.739794 265.905696
 348.000000 0.717779 261.045644
 348.500000 0.734848 265.913734
 349.000000 0.755447 271.426046
 349.500000 0.743399 268.168004
 350.000000 0.714212 262.178457
 350.500000 0.749320 269.249749
 351.000000 0.726948 266.491170
 351.500000 0.739630 268.703872
 352.000000 0.729026 264.720086
 352.500000 0.750984 270.915196
 353.000000 0.749779 269.288792
 353.500000 0.731430 265.303655
 354.000000 0.750068 268.334377
 354.500000 0.744538 268.845051
 355.000000 0.745026 269.731472
 355.500000 0.740840 267.804138
 356.000000 0.728884 263.323346
 356.500000 0.759910 271.075499
 357.000000 0.717265 264.082430
 357.500000 0.741449 267.033073
 358.000000 0.742934 268.206746
 358.500000 0.759524 271.643344
 359.000000 0.727607 265.384412
 359.500000 0.746645 269.816337
 360.000000 0.717527 262.457712
 360.500000 0.741114 267.705924
 361.000000 0.733989 265.951666
 361.500000 0.727317 264.320593
 362.000000 0.723489 265.968437
 362.500000 0.716951 260.262360
 363.000000 0.723544 263.943302
 363.500000 0.709043 260.001731
 364.000000 0.725510 263.026367
 364.500000 0.722930 265.187913
 365.000000 0.718692 261.138954
 365.500000 0.731415 266.757332
 366.000000 0.725243 263.576081
 366.500000 0.725934 262.189559
 367.000000 0.722431 262.794964
 367.500000 0.733950 266.248827
 368.000000 0.742145 268.716173
 368.500000 0.736162 268.233084
 369.000000 0.736274 266.566561
 369.500000 0.718730 263.070493
 370.000000 0.735465 265.873460
 370.500000 0.734465 267.664850
 371.000000 0.729866 267.339730
 371.500000 0.740305 267.447250
 372.000000 0.720684 263.374174
 372.500000 0.744044 268.489668
 373.000000 0.749973 272.477349
 373.500000 0.743332 268.602743
 374.000000 0.728063 265.986312
 374.500000 0.741598 268.780643
 375.000000 0.732698 265.282307
 375.500000 0.733635 267.525196
 376.000000 0.732664 266.169214
 376.500000 0.738010 269.694085
 377.000000 0.747766 269.862178
 377.500000 0.739830 267.407569
 378.000000 0.742249 268.626422
 378.500000 0.753488 272.268777
 379.000000 0.725730 266.001430
 379.500000 0.740092 267.760951
 380.000000 0.736519 268.329371
 380.500000 0.757753 273.345510
 381.000000 0.710159 257.743777
 381.500000 0.722694 264.077844
 382.000000 0.737209 266.423178
 382.500000 0.714696 262.521229
 383.000000 0.694580 255.660827
 383.500000 0.733648 267.957634
 384.000000 0.741138 266.682960
 384.500000 0.736327 264.868018
 385.000000 0.725478 265.937288
 385.500000 0.755601 271.962215
 386.000000 0.728282 265.628355
 386.500000 0.715706 259.112144
 387.000000 0.725238 262.196397
 387.500000 0.771387 276.035635
 388.000000 0.745757 269.139426
 388.500000 0.747451 270.751806
 389.000000 0.735171 266.317315
 389.500000 0.738673 266.856362
 390.000000 0.731293 268.386350
 390.500000 0.744257 269.765493
 391.000000 0.721259 265.528780
 391.500000 0.738068 267.203403
 392.000000 0.740441 265.969446
 392.500000 0.739282 267.437542
 393.000000 0.730059 264.470551
 393.500000 0.714790 263.380385
 394.000000 0.712719 259.555342
 394.500000 0.740300 267.211789
 395.000000 0.724017 264.060720
 395.500000 0.715152 260.404197
 396.000000 0.722530 266.231929
 396.500000 0.757982 271.538067
 397.000000 0.724071 262.042982
 397.500000 0.744515 270.324807
 398.000000 0.722142 263.232552
 398.500000 0.726320 262.378964
 399.000000 0.745399 269.401633
 399.500000 0.754591 272.062840
 400.000000 0.755229 271.825587
