#! FIELDS time refcv.mean refcv.morethan
 0.000000 1.160762 287.658930
 0.500000 1.096629 287.441080
 1.000000 1.094727 287.430263
 1.500000 1.102363 287.471080
 2.000000 1.111167 287.503768
 2.500000 1.101890 287.452235
 3.000000 1.092844 287.424659
 3.500000 1.110927 287.500435
 4.000000 1.107252 287.494888
 4.500000 1.100218 287.461771
 5.000000 1.100275 287.460626
 5.500000 1.110180 287.504477
 6.000000 1.117431 287.527523
 6.500000 1.099317 287.458273
 7.000000 1.106753 287.490695
 7.500000 1.108209 287.493954
 8.000000 1.107162 287.486262
 8.500000 1.105008 287.480438
 9.000000 1.104365 287.479012
 9.500000 1.104520 287.477102
 10.000000 1.102315 287.467258
 10.500000 1.103383 287.477146
 11.000000 1.100298 287.462292
 11.500000 1.112577 287.506296
 12.000000 1.101026 287.468528
 12.500000 1.102584 287.471983
 13.000000 1.106220 287.486109
 13.500000 1.105857 287.477777
 14.000000 1.112130 287.510047
 14.500000 1.106913 287.490899
 15.000000 1.109300 287.500515
 15.500000 1.105762 287.484265
 16.000000 1.101282 287.459762
 16.500000 1.101351 287.465845
 17.000000 1.104563 287.479144
 17.500000 1.106300 287.487389
 18.000000 1.107847 287.493009
 18.500000 1.104234 287.475882
 19.000000 1.103620 287.473706
 19.500000 1.103810 287.475487
 20.000000 1.103140 287.471088
 20.500000 1.103931 287.476775
 21.000000 1.110954 287.503692
 21.500000 1.100987 287.467668
 22.000000 1.112700 287.507737
 22.500000 1.099802 287.448911
 23.000000 1.112410 287.509610
 23.500000 1.103054 287.470233
 24.000000 1.097062 287.449075
 24.500000 1.102365 287.469269
 25.000000 1.098580 287.451418
 25.500000 1.100571 287.465862
 26.000000 1.100393 287.454706
 26.500000 1.104562 287.482522
 27.000000 1.098254 287.452084
 27.500000 1.103402 287.472099
 28.000000 1.097180 287.452670
 28.500000 1.107670 287.490893
 29.000000 1.096625 287.449433
 29.500000 1.098397 287.454360
 30.000000 1.099404 287.454570
 30.500000 1.093499 287.428667
 31.000000 1.106055 287.482000
 31.500000 1.089683 287.418588
 32.000000 1.103111 287.473447
 32.500000 1.097506 287.446728
 33.000000 1.092718 287.431934
 33.500000 1.102759 287.471837
 34.000000 1.096951 287.450599
 34.500000 1.105650 287.481802
 35.000000 1.102741 287.467716
 35.500000 1.098485 287.456334
 36.000000 1.097494 287.442103
 36.500000 1.105447 287.479883
 37.000000 1.098869 287.458137
 37.500000 1.103230 287.475989
 38.000000 1.096828 287.442476
 38.500000 1.101837 287.469134
 39.000000 1.100294 287.464120
 39.500000 1.099044 287.451201
 40.000000 1.107705 287.492019
 40.500000 1.103215 287.471368
 41.000000 1.091104 287.421325
 41.500000 1.104809 287.483921
 42.000000 1.100308 287.458491
 42.500000 1.104416 287.475307
 43.000000 1.097015 287.442559
 43.500000 1.101420 287.464029
 44.000000 1.104410 287.478719
 44.500000 1.098663 287.455486
 45.000000 1.098609 287.453428
 45.500000 1.102291 287.469657
 46.000000 1.109049 287.496397
 46.500000 1.100509 287.464045
 47.000000 1.090572 287.417534
 47.500000 1.109245 287.493423
 48.000000 1.100509 287.457640
 48.500000 1.098226 287.449572
 49.000000 1.092878 287.428729
 49.500000 1.093772 287.432065
 50.000000 1.096702 287.450542
 50.500000 1.096436 287.444836
 51.000000 1.097968 287.455634
 51.500000 1.105332 287.486157
 52.000000 1.101123 287.459493
 52.500000 1.093886 287.434956
 53.000000 1.097623 287.451907
 53.500000 1.111611 287.507924
 54.000000 1.101676 287.469317
 54.500000 1.100696 287.463651
 55.000000 1.105718 287.485519
 55.500000 1.096114 287.444947
 56.000000 1.100653 287.464811
 56.500000 1.099054 287.460837
 57.000000 1.104892 287.481429
 57.500000 1.101058 287.465809
 58.000000 1.093918 287.434626
 58.500000 1.100473 287.464398
 59.000000 1.101825 287.468677
 59.500000 1.102811 287.471702
 60.000000 1.093782 287.435626
 60.500000 1.082671 287.380789
 61.000000 1.110664 287.503419
 61.500000 1.090453 287.417335
 62.000000 1.101559 287.455716
 62.500000 1.094619 287.432584
 63.000000 1.090783 287.419030
 63.500000 1.099695 287.456214
 64.000000 1.092346 287.424108
 64.500000 1.094672 287.441535
 65.000000 1.100601 287.462560
 65.500000 1.091577 287.424045
 66.000000 1.100703 287.454766
 66.500000 1.095301 287.440658
 67.000000 1.103149 287.471371
 67.500000 1.091080 287.412415
 68.000000 1.095556 287.437255
 68.500000 1.100292 287.461514
 69.000000 1.095591 287.433373
 69.500000 1.100654 287.462245
 70.000000 1.093132 287.432441
 70.500000 1.102038 287.472199
 71.000000 1.095264 287.437571
 71.500000 1.107299 287.490683
 72.000000 1.089331 287.408063
 72.500000 1.096084 287.446072
 73.000000 1.094446 287.434867
 73.500000 1.091787 287.421408
 74.000000 1.098152 287.456957
 74.500000 1.099785 287.459498
 75.000000 1.100353 287.462317
 75.500000 1.093815 287.426851
 76.000000 1.099256 287.457741
 76.500000 1.107976 287.487724
 77.000000 1.099892 287.458604
 77.500000 1.097089 287.447807
 78.000000 1.099950 287.459597
 78.500000 1.100052 287.459569
 79.000000 1.099737 287.453155
 79.500000 1.099043 287.448954
 80.000000 1.091509 287.420137
 80.500000 1.098262 287.450825
 81.000000 1.094215 287.433672
 81.500000 1.101478 287.466208
 82.000000 1.105976 287.486844
 82.500000 1.099309 287.457211
 83.000000 1.091913 287.422225
 83.500000 1.097429 287.446304
 84.000000 1.096460 287.448255
 84.500000 1.092980 287.433157
 85.000000 1.100895 287.458855
 85.500000 1.098366 287.454899
 86.000000 1.099621 287.452930
 86.500000 1.093964 287.431017
 87.000000 1.098126 287.448679
 87.500000 1.100512 287.461860
 88.000000 1.101512 287.463375
 88.500000 1.093091 287.435980
 89.000000 1.105040 287.477611
 89.500000 1.102386 287.468924
 90.000000 1.100187 287.454274
 90.500000 1.102097 287.467828
 91.000000 1.092414 287.422393
 91.500000 1.102179 287.469468
 92.000000 1.092185 287.427659
 92.500000 1.095300 287.443095
 93.000000 1.103513 287.469660
 93.500000 1.095311 287.440517
 94.000000 1.104583 287.475948
 94.500000 1.092077 287.426731
 95.000000 1.104576 287.480180
 95.500000 1.089353 287.406584
 96.000000 1.096493 287.446788
 96.500000 1.089200 287.387225
 97.000000 1.098630 287.453211
 97.500000 1.084465 287.366905
 98.000000 1.102300 287.470828
 98.500000 1.085948 287.391750
 99.000000 1.090926 287.416104
 99.500000 1.098689 287.435049
 100.000000 1.082505 287.383377
 100.500000 1.094373 287.427942
 101.000000 1.091826 287.421953
 101.500000 1.099282 287.445181
 102.000000 1.093075 287.425855
 102.500000 1.094536 287.437856
 103.000000 1.098862 287.456578
 103.500000 1.099391 287.446133
 104.000000 1.091422 287.416507
 104.500000 1.095754 287.443059
 105.000000 1.091247 287.420695
 105.500000 1.099707 287.440820
 106.000000 1.083899 287.387042
 106.500000 1.106194 287.478996
 107.000000 1.085792 287.399111
 107.500000 1.099401 287.459059
 108.000000 1.095061 287.441667
 108.500000 1.095693 287.431833
 109.000000 1.101024 287.466523
 109.500000 1.099094 287.457188
 110.000000 1.091018 287.421418
 110.500000 1.103839 287.475289
 111.000000 1.097485 287.451398
 111.500000 1.100989 287.468473
 112.000000 1.095053 287.432669
 112.500000 1.094246 287.436826
 113.000000 1.102143 287.465488
 113.500000 1.094903 287.434108
 114.000000 1.098282 287.454173
 114.500000 1.086737 287.393527
 115.000000 1.091296 287.412146
 115.500000 1.095426 287.437822
 116.000000 1.090799 287.406769
 116.500000 1.095482 287.442350
 117.000000 1.092460 287.424423
 117.500000 1.102399 287.470074
 118.000000 1.097465 287.451264
 118.500000 1.098965 287.455261
 119.000000 1.094259 287.439049
 119.500000 1.085707 287.391025
 120.000000 1.091008 287.423341
 120.500000 1.100712 287.465325
 121.000000 1.090287 287.410418
 121.500000 1.096762 287.449340
 122.000000 1.094969 287.437000
 122.500000 1.087537 287.399604
 123.000000 1.093448 287.423912
 123.500000 1.093281 287.425935
 124.000000 1.096676 287.447057
 124.500000 1.099577 287.452727
 125.000000 1.086833 287.393382
 125.500000 1.097503 287.442563
 126.000000 1.091419 287.413556
 126.500000 1.095805 287.432016
 127.000000 1.103349 287.475230
 127.500000 1.081922 287.383546
 128.000000 1.113793 287.511810
 128.500000 1.083689 287.381269
 129.000000 1.102593 287.471905
 129.500000 1.094646 287.438868
 130.000000 1.089178 287.406430
 130.500000 1.105688 287.483630
 131.000000 1.084198 287.385653
 131.500000 1.102349 287.472425
 132.000000 1.095299 287.442139
 132.500000 1.098057 287.455860
 133.000000 1.100411 287.462912
 133.500000 1.087207 287.407370
 134.000000 1.107959 287.489609
 134.500000 1.090284 287.413767
 135.000000 1.097471 287.444933
 135.500000 1.092513 287.425010
 136.000000 1.102711 287.473993
 136.500000 1.089408 287.411643
 137.000000 1.098541 287.442823
 137.500000 1.090658 287.411273
 138.000000 1.099994 287.456008
 138.500000 1.100630 287.460186
 139.000000 1.090564 287.412422
 139.500000 1.099862 287.460704
 140.000000 1.096181 287.441718
 140.500000 1.094382 287.429368
 141.000000 1.100106 287.457521
 141.500000 1.093787 287.436580
 142.000000 1.095703 287.440923
 142.500000 1.094973 287.430828
 143.000000 1.098968 287.459406
 143.500000 1.097137 287.448329
 144.000000 1.097466 287.449131
 144.500000 1.092330 287.428789
 145.000000 1.098251 287.447104
 145.500000 1.095552 287.443757
 146.000000 1.099207 287.456502
 146.500000 1.100016 287.456836
 147.000000 1.094467 287.432274
 147.500000 1.100798 287.465520
 148.000000 1.087254 287.399837
 148.500000 1.097962 287.454388
 149.000000 1.088786 287.412627
 149.500000 1.093941 287.431181
 150.000000 1.092672 287.431659
 150.500000 1.103249 287.471442
 151.000000 1.092131 287.418700
 151.500000 1.085554 287.394902
 152.000000 1.096647 287.440556
 152.500000 1.101719 287.468132
 153.000000 1.089488 287.414420
 153.500000 1.094870 287.436606
 154.000000 1.089544 287.412229
 154.500000 1.091776 287.424721
 155.000000 1.093313 287.432179
 155.500000 1.089335 287.396232
 156.000000 1.093189 287.425729
 156.500000 1.096723 287.442450
 157.000000 1.093596 287.427950
 157.500000 1.103223 287.472948
 158.000000 1.089948 287.409531
 158.500000 1.098476 287.457506
 159.000000 1.097404 287.446288
 159.500000 1.092307 287.423730
 160.000000 1.101341 287.462891
 160.500000 1.095859 287.441065
 161.000000 1.097723 287.449357
 161.500000 1.095165 287.440537
 162.000000 1.096348 287.441578
 162.500000 1.092619 287.427300
 163.000000 1.096571 287.439536
 163.500000 1.108389 287.492389
 164.000000 1.088285 287.386058
 164.500000 1.101409 287.465628
 165.000000 1.098304 287.451057
 165.500000 1.100252 287.461173
 166.000000 1.094696 287.438020
 166.500000 1.101057 287.466222
 167.000000 1.097698 287.451839
 167.500000 1.105865 287.484874
 168.000000 1.097937 287.447764
 168.500000 1.100228 287.448448
 169.000000 1.100532 287.462437
 169.500000 1.090690 287.419781
 170.000000 1.086192 287.399258
 170.500000 1.106001 287.484762
 171.000000 1.098216 287.458108
 171.500000 1.103512 287.476170
 172.000000 1.085684 287.380688
 172.500000 1.095461 287.440822
 173.000000 1.093453 287.430630
 173.500000 1.097657 287.452224
 174.000000 1.099644 287.455310
 174.500000 1.093596 287.429069
 175.000000 1.099502 287.450243
 175.500000 1.096513 287.447576
 176.000000 1.107331 287.485763
 176.500000 1.099277 287.454567
 177.000000 1.094955 287.442081
 177.500000 1.096219 287.442653
 178.000000 1.095774 287.439461
 178.500000 1.096755 287.448064
 179.000000 1.091869 287.425019
 179.500000 1.093146 287.425262
 180.000000 1.089803 287.416791
 180.500000 1.093904 287.426710
 181.000000 1.096979 287.448508
 181.500000 1.101832 287.465937
 182.000000 1.096245 287.441438
 182.500000 1.096221 287.443531
 183.000000 1.094148 287.431380
 183.500000 1.095712 287.438395
 184.000000 1.091394 287.417378
 184.500000 1.098237 287.445356
 185.000000 1.099718 287.454234
 185.500000 1.094583 287.435729
 186.000000 1.094824 287.432792
 186.500000 1.099411 287.460390
 187.000000 1.089888 287.420416
 187.500000 1.093306 287.429447
 188.000000 1.097828 287.451988
 188.500000 1.091761 287.423178
 189.000000 1.095968 287.438674
 189.500000 1.086759 287.397857
 190.000000 1.092103 287.424585
 190.500000 1.085213 287.395514
 191.000000 1.099806 287.455718
 191.500000 1.091366 287.420547
 192.000000 1.090171 287.418112
 192.500000 1.103363 287.475393
 193.000000 1.091141 287.423965
 193.500000 1.101508 287.466820
 194.000000 1.102354 287.472361
 194.500000 1.095194 287.439625
 195.000000 1.089153 287.414606
 195.500000 1.097373 287.444388
 196.000000 1.092598 287.428499
 196.500000 1.099904 287.454314
 197.000000 1.096081 287.428244
 197.500000 1.084928 287.377496
 198.000000 1.103290 287.465004
 198.500000 1.099203 287.451956
 199.000000 1.094108 287.438194
 199.500000 1.093985 287.426624
 200.000000 1.098566 287.453795
 200.500000 1.096950 287.448505
 201.000000 1.106412 287.486273
 201.500000 1.096008 287.439534
 202.000000 1.095509 287.439701
 202.500000 1.091321 287.413826
 203.000000 1.103646 287.473962
 203.500000 1.100842 287.463499
 204.000000 1.099338 287.457764
 204.500000 1.094610 287.434869
 205.000000 1.105655 287.480383
 205.500000 1.093259 287.428094
 206.000000 1.098140 287.444681
 206.500000 1.096095 287.440006
 207.000000 1.094744 287.439305
 207.500000 1.099349 287.456204
 208.000000 1.094095 287.429177
 208.500000 1.090141 287.417670
 209.000000 1.104980 287.477251
 209.500000 1.093543 287.436408
 210.000000 1.087024 287.393319
 210.500000 1.097271 287.441697
 211.000000 1.097288 287.445732
 211.500000 1.107350 287.490743
 212.000000 1.104336 287.481505
 212.500000 1.096952 287.449805
 213.000000 1.100643 287.462504
 213.500000 1.099056 287.453402
 214.000000 1.096666 287.443083
 214.500000 1.098891 287.450402
 215.000000 1.110937 287.502691
 215.500000 1.091470 287.422308
 216.000000 1.104664 287.478257
 216.500000 1.098970 287.453856
 217.000000 1.090292 287.414722
 217.500000 1.095826 287.426644
 218.000000 1.091389 287.420620
 218.500000 1.092515 287.429495
 219.000000 1.092060 287.416717
 219.500000 1.094625 287.438763
 220.000000 1.105321 287.484780
 220.500000 1.095449 287.437747
 221.000000 1.101501 287.469193
 221.500000 1.106274 287.486986
 222.000000 1.096827 287.448923
 222.500000 1.099304 287.458996
 223.000000 1.099773 287.461121
 223.500000 1.107285 287.488435
 224.000000 1.096797 287.440163
 224.500000 1.097487 287.442162
 225.000000 1.092416 287.427686
 225.500000 1.103801 287.477850
 226.000000 1.091546 287.426389
 226.500000 1.107278 287.491103
 227.000000 1.097773 287.445745
 227.500000 1.096169 287.441270
 228.000000 1.094760 287.428850
 228.500000 1.092328 287.425698
 229.000000 1.096598 287.439183
 229.500000 1.102866 287.473837
 230.000000 1.093338 287.431047
 230.500000 1.101582 287.466824
 231.000000 1.098960 287.459317
 231.500000 1.096606 287.447211
 232.000000 1.096432 287.436797
 232.500000 1.108469 287.494766
 233.000000 1.102861 287.469548
 233.500000 1.102941 287.472627
 234.000000 1.102443 287.469082
 234.500000 1.096790 287.448038
 235.000000 1.110550 287.500986
 235.500000 1.103759 287.473280
 236.000000 1.097535 287.451348
 236.500000 1.105297 287.483557
 237.000000 1.092554 287.432069
 237.500000 1.105805 287.475257
 238.000000 1.095707 287.441831
 238.500000 1.099633 287.455714
 239.000000 1.101794 287.460666
 239.500000 1.097090 287.449446
 240.000000 1.100114 287.460046
 240.500000 1.100916 287.463264
 241.000000 1.099950 287.462623
 241.500000 1.094670 287.431944
 242.000000 1.093241 287.430110
 242.500000 1.098028 287.447396
 243.000000 1.095977 287.437161
 243.500000 1.095078 287.433057
 244.000000 1.095543 287.437539
 244.500000 1.107904 287.491915
 245.000000 1.082835 287.369081
 245.500000 1.097569 287.445395
 246.000000 1.095747 287.434613
 246.500000 1.108281 287.493496
 247.000000 1.097353 287.446783
 247.500000 1.092659 287.428303
 248.000000 1.104849 287.477343
 248.500000 1.104610 287.478881
 249.000000 1.101195 287.459087
 249.500000 1.100063 287.457621
 250.000000 1.089578 287.411796
 250.500000 1.098163 287.449752
 251.000000 1.089593 287.413859
 251.500000 1.103324 287.469117
 252.000000 1.086632 287.398650
 252.500000 1.101867 287.469018
 253.000000 1.086157 287.397286
 253.500000 1.103975 287.477510
 254.000000 1.094771 287.435794
 254.500000 1.098376 287.445315
 255.000000 1.097501 287.445861
 255.500000 1.106483 287.485544
 256.000000 1.089060 287.410947
 256.500000 1.107014 287.490178
 257.000000 1.094188 287.436431
 257.500000 1.100878 287.458779
 258.000000 1.094868 287.429022
 258.500000 1.097609 287.447930
 259.000000 1.100156 287.462056
 259.500000 1.114481 287.517370
 260.000000 1.093951 287.427272
 260.500000 1.105216 287.478379
 261.000000 1.098323 287.444675
 261.500000 1.102115 287.473632
 262.000000 1.090873 287.416417
 262.500000 1.092543 287.427955
 263.000000 1.098942 287.454872
 263.500000 1.096556 287.438926
 264.000000 1.088892 287.412543
 264.500000 1.108595 287.493298
 265.000000 1.094301 287.430136
 265.500000 1.112093 287.509703
 266.000000 1.097120 287.443717
 266.500000 1.095640 287.441477
 267.000000 1.100867 287.464045
 267.500000 1.100220 287.454853
 268.000000 1.088557 287.413852
 268.500000 1.100647 287.462333
 269.000000 1.100553 287.461154
 269.500000 1.095417 287.421893
 270.000000 1.098002 287.446233
 270.500000 1.092515 287.425439
 271.000000 1.110736 287.500516
 271.500000 1.090879 287.419005
 272.000000 1.094495 287.434235
 272.500000 1.100003 287.455978
 273.000000 1.098134 287.452942
 273.500000 1.099569 287.452465
 274.000000 1.089463 287.409141
 274.500000 1.098566 287.456215
 275.000000 1.105588 287.484818
 275.500000 1.092538 287.426090
 276.000000 1.104634 287.478839
 276.500000 1.097174 287.446855
 277.000000 1.104818 287.479960
 277.500000 1.095896 287.439973
 278.000000 1.092974 287.422954
 278.500000 1.093483 287.432532
 279.000000 1.107151 287.484269
 279.500000 1.090387 287.419047
 280.000000 1.101988 287.467795
 280.500000 1.089153 287.402464
 281.000000 1.087240 287.394912
 281.500000 1.098936 287.450607
 282.000000 1.093018 287.426534
 282.500000 1.094960 287.426943
 283.000000 1.101099 287.460781
 283.500000 1.093096 287.426401
 284.000000 1.097985 287.447529
 284.500000 1.093063 287.426380
 285.000000 1.094946 287.433447
 285.500000 1.098544 287.456215
 286.000000 1.096211 287.441245
 286.500000 1.084990 287.383460
 287.000000 1.106537 287.487831
 287.500000 1.094676 287.438928
 288.000000 1.101449 287.459509
 288.500000 1.109181 287.487982
 289.000000 1.091143 287.421768
 289.500000 1.108688 287.493093
 290.000000 1.090678 287.408715
 290.500000 1.101926 287.465832
 291.000000 1.093800 287.433170
 291.500000 1.097918 287.455029
 292.000000 1.092350 287.423478
 292.500000 1.104008 287.476670
 293.000000 1.097317 287.446331
 293.500000 1.104929 287.480115
 294.000000 1.091768 287.421143
 294.500000 1.100659 287.456709
 295.000000 1.099306 287.454953
 295.500000 1.097166 287.442461
 296.000000 1.100874 287.462510
 296.500000 1.094888 287.433400
 297.000000 1.103337 287.475064
 297.500000 1.100149 287.452175
 298.000000 1.086848 287.386380
 298.500000 1.101194 287.466757
 299.000000 1.098738 287.455246
 299.500000 1.095639 287.437994
 300.000000 1.103454 287.470572
 300.500000 1.099132 287.441219
 301.000000 1.096586 287.444640
 301.500000 1.105089 287.477644
 302.000000 1.099683 287.463956
 302.500000 1.101966 287.468258
 303.000000 1.099934 287.449906
 303.500000 1.100788 287.464628
 304.000000 1.100317 287.437495
 304.500000 1.099217 287.451939
 305.000000 1.104383 287.476385
 305.500000 1.098946 287.457012
 306.000000 1.086925 287.399641
 306.500000 1.107481 287.490014
 307.000000 1.096661 287.448380
 307.500000 1.089804 287.409556
 308.000000 1.108573 287.495992
 308.500000 1.087802 287.401666
 309.000000 1.106134 287.486204
 309.500000 1.088239 287.384026
 310.000000 1.099116 287.458481
 310.500000 1.095366 287.435617
 311.000000 1.101406 287.460349
 311.500000 1.097846 287.451489
 312.000000 1.091270 287.423504
 312.500000 1.111102 287.502947
 313.000000 1.096889 287.447519
 313.500000 1.097971 287.443961
 314.000000 1.102809 287.474200
 314.500000 1.091569 287.427285
 315.000000 1.100759 287.462852
 315.500000 1.094414 287.439014
 316.000000 1.094838 287.433477
 316.500000 1.092734 287.427088
 317.000000 1.098629 287.454719
 317.500000 1.099376 287.455943
 318.000000 1.100911 287.466207
 318.500000 1.086833 287.404938
 319.000000 1.103036 287.471902
 319.500000 1.089582 287.406690
 320.000000 1.094620 287.421701
 320.500000 1.106846 287.487111
 321.000000 1.096527 287.448235
 321.500000 1.104112 287.477985
 322.000000 1.089404 287.409924
 322.500000 1.104215 287.475674
 323.000000 1.085310 287.393143
 323.500000 1.100574 287.466148
 324.000000 1.099865 287.453253
 324.500000 1.091716 287.420676
 325.000000 1.103044 287.467828
 325.500000 1.093544 287.430110
 326.000000 1.095912 287.440906
 326.500000 1.108503 287.491982
 327.000000 1.093523 287.430072
 327.500000 1.101473 287.468117
 328.000000 1.101399 287.467826
 328.500000 1.089906 287.413805
 329.000000 1.103972 287.476313
 329.500000 1.103586 287.475738
 330.000000 1.094914 287.434590
 330.500000 1.098091 287.448438
 331.000000 1.101936 287.463836
 331.500000 1.099725 287.462180
 332.000000 1.097606 287.453201
 332.500000 1.093073 287.426982
 333.000000 1.105506 287.476334
 333.500000 1.098718 287.457794
 334.000000 1.094514 287.440635
 334.500000 1.109898 287.491671
 335.000000 1.108384 287.496159
 335.500000 1.095261 287.432165
 336.000000 1.100555 287.458639
 336.500000 1.095713 287.438718
 337.000000 1.104375 287.476593
 337.500000 1.102493 287.472852
 338.000000 1.090155 287.415176
 338.500000 1.099421 287.409707
 339.000000 1.099983 287.449914
 339.500000 1.098037 287.455583
 340.000000 1.100157 287.458302
 340.500000 1.087951 287.366119
 341.000000 1.099249 287.459980
 341.500000 1.107874 287.491043
 342.000000 1.092187 287.426055
 342.500000 1.105075 287.480374
 343.000000 1.105643 287.481013
 343.500000 1.099757 287.449244
 344.000000 1.094263 287.425722
 344.500000 1.113030 287.510071
 345.000000 1.089287 287.419557
 345.500000 1.108912 287.491306
 346.000000 1.093560 287.430840
 346.500000 1.099349 287.455761
 347.000000 1.107948 287.491903
 347.500000 1.101368 287.460513
 348.000000 1.094825 287.424301
 348.500000 1.105303 287.478367
 349.000000 1.101845 287.468396
 349.500000 1.104607 287.478843
 350.000000 1.095536 287.441914
 350.500000 1.105695 287.478157
 351.000000 1.095134 287.439560
 351.500000 1.104075 287.476924
 352.000000 1.098995 287.451006
 352.500000 1.104734 287.480359
 353.000000 1.104857 287.476307
 353.500000 1.100692 287.460289
 354.000000 1.106980 287.484659
 354.500000 1.100349 287.461964
 355.000000 1.103261 287.474230
 355.500000 1.103069 287.447916
 356.000000 1.097463 287.443649
 356.500000 1.108705 287.490525
 357.000000 1.092862 287.431561
 357.500000 1.105580 287.476210
 358.000000 1.101616 287.466772
 358.500000 1.110017 287.499527
 359.000000 1.097106 287.448393
 359.500000 1.104297 287.476421
 360.000000 1.095155 287.436992
 360.500000 1.102450 287.469911
 361.000000 1.102691 287.455808
 361.500000 1.096069 287.440077
 362.000000 1.097015 287.449738
 362.500000 1.098912 287.448557
 363.000000 1.095967 287.443479
 363.500000 1.092617 287.428359
 364.000000 1.096510 287.439019
 364.500000 1.099143 287.457101
 365.000000 1.095359 287.433430
 365.500000 1.099362 287.459806
 366.000000 1.097354 287.443573
 366.500000 1.094952 287.430044
 367.000000 1.098500 287.448366
 367.500000 1.102500 287.464208
 368.000000 1.103013 287.472776
 368.500000 1.100184 287.461571
 369.000000 1.102271 287.469041
 369.500000 1.094082 287.435526
 370.000000 1.101349 287.460464
 370.500000 1.102382 287.471307
 371.000000 1.098885 287.459575
 371.500000 1.104260 287.475076
 372.000000 1.095170 287.440599
 372.500000 1.103320 287.472743
 373.000000 1.110988 287.507696
 373.500000 1.100386 287.459808
 374.000000 1.097169 287.447326
 374.500000 1.108241 287.493581
 375.000000 1.093449 287.427545
 375.500000 1.100152 287.460908
 376.000000 1.102333 287.466850
 376.500000 1.094304 287.439169
 377.000000 1.106397 287.485662
 377.500000 1.102397 287.467782
 378.000000 1.100569 287.464521
 378.500000 1.107767 287.492897
 379.000000 1.097330 287.450461
 379.500000 1.102213 287.467227
 380.000000 1.099632 287.460135
 380.500000 1.111151 287.506322
 381.000000 1.090929 287.413985
 381.500000 1.095317 287.439319
 382.000000 1.097374 287.443974
 382.500000 1.093104 287.427941
 383.000000 1.091700 287.418662
 383.500000 1.095678 287.444380
 384.000000 1.097810 287.449531
 384.500000 1.107411 287.478908
 385.000000 1.096458 287.447595
 385.500000 1.105793 287.483114
 386.000000 1.097962 287.452572
 386.500000 1.094122 287.432134
 387.000000 1.096552 287.437632
 387.500000 1.110507 287.506035
 388.000000 1.101533 287.466461
 388.500000 1.108024 287.493431
 389.000000 1.099738 287.458362
 389.500000 1.102423 287.467035
 390.000000 1.100704 287.465975
 390.500000 1.102070 287.469319
 391.000000 1.099272 287.458158
 391.500000 1.100139 287.458720
 392.000000 1.100619 287.458064
 392.500000 1.107826 287.489631
 393.000000 1.094001 287.432739
 393.500000 1.092439 287.428595
 394.000000 1.096587 287.442264
 394.500000 1.101266 287.463833
 395.000000 1.093381 287.430719
 395.500000 1.096493 287.437387
 396.000000 1.097861 287.456408
 396.500000 1.107699 287.488889
 397.000000 1.096039 287.437098
 397.500000 1.104080 287.479467
 398.000000 1.094633 287.436398
 398.500000 1.098595 287.449719
 399.000000 1.105136 287.479948
 399.500000 1.104910 287.482212
 400.000000 1.104975 287.483354
