#! FIELDS refcv hh dhh_refcv
#! SET normalisation  800.000000
#! SET min_refcv -0.5
#! SET max_refcv 2
#! SET nbins_refcv  1000
#! SET periodic_refcv false
 -0.500000 0.000000 0.000000
 -0.497500 0.000000 0.000000
 -0.495000 0.000000 0.000000
 -0.492500 0.000000 0.000000
 -0.490000 0.000000 0.000000
 -0.487500 0.000000 0.000000
 -0.485000 0.000000 0.000000
 -0.482500 0.000000 0.000000
 -0.480000 0.000000 0.000000
 -0.477500 0.000000 0.000000
 -0.475000 0.000000 0.000000
 -0.472500 0.000000 0.000000
 -0.470000 0.000000 0.000000
 -0.467500 0.000000 0.000000
 -0.465000 0.000000 0.000000
 -0.462500 0.000000 0.000000
 -0.460000 0.000000 0.000000
 -0.457500 0.000000 0.000000
 -0.455000 0.000000 0.000000
 -0.452500 0.000000 0.000000
 -0.450000 0.000000 0.000000
 -0.447500 0.000000 0.000000
 -0.445000 0.000000 0.000000
 -0.442500 0.000000 0.000000
 -0.440000 0.000000 0.000000
 -0.437500 0.000000 0.000000
 -0.435000 0.000000 0.000000
 -0.432500 0.000000 0.000000
 -0.430000 0.000000 0.000000
 -0.427500 0.000000 0.000000
 -0.425000 0.000000 0.000000
 -0.422500 0.000000 0.000000
 -0.420000 0.000000 0.000000
 -0.417500 0.000000 0.000000
 -0.415000 0.000000 0.000000
 -0.412500 0.000000 0.000000
 -0.410000 0.000000 0.000000
 -0.407500 0.000000 0.000000
 -0.405000 0.000000 0.000000
 -0.402500 0.000000 0.000000
 -0.400000 0.000000 0.000000
 -0.397500 0.000000 0.000000
 -0.395000 0.000000 0.000000
 -0.392500 0.000000 0.000000
 -0.390000 0.000000 0.000000
 -0.387500 0.000000 0.000000
 -0.385000 0.000000 0.000000
 -0.382500 0.000000 0.000000
 -0.380000 0.000000 0.000000
 -0.377500 0.000000 0.000000
 -0.375000 0.000000 0.000000
 -0.372500 0.000000 0.000000
 -0.370000 0.000000 0.000000
 -0.367500 0.000000 0.000000
 -0.365000 0.000000 0.000000
 -0.362500 0.000000 0.000000
 -0.360000 0.000000 0.000000
 -0.357500 0.000000 0.000000
 -0.355000 0.000000 0.000000
 -0.352500 0.000000 0.000000
 -0.350000 0.000000 0.000000
 -0.347500 0.000000 0.000000
 -0.345000 0.000000 0.000000
 -0.342500 0.000000 0.000000
 -0.340000 0.000000 0.000000
 -0.337500 0.000000 0.000000
 -0.335000 0.000000 0.000000
 -0.332500 0.000000 0.000000
 -0.330000 0.000000 0.000000
 -0.327500 0.000000 0.000000
 -0.325000 0.000000 0.000000
 -0.322500 0.000000 0.000000
 -0.320000 0.000000 0.000000
 -0.317500 0.000000 0.000000
 -0.315000 0.000000 0.000000
 -0.312500 0.000000 0.000000
 -0.310000 0.000000 0.000000
 -0.307500 0.000000 0.000000
 -0.305000 0.000000 0.000000
 -0.302500 0.000000 0.000000
 -0.300000 0.000000 0.000000
 -0.297500 0.000000 0.000000
 -0.295000 0.000000 0.000000
 -0.292500 0.000000 0.000000
 -0.290000 0.000000 0.000000
 -0.287500 0.000000 0.000000
 -0.285000 0.000000 0.000000
 -0.282500 0.000000 0.000000
 -0.280000 0.000000 0.000000
 -0.277500 0.000000 0.000000
 -0.275000 0.000000 0.000000
 -0.272500 0.000000 0.000000
 -0.270000 0.000000 0.000000
 -0.267500 0.000000 0.000000
 -0.265000 0.000000 0.000000
 -0.262500 0.000000 0.000000
 -0.260000 0.000000 0.000000
 -0.257500 0.000000 0.000000
 -0.255000 0.000000 0.000000
 -0.252500 0.000000 0.000000
 -0.250000 0.000000 0.000000
 -0.247500 0.000000 0.000000
 -0.245000 0.000000 0.000000
 -0.242500 0.000000 0.000000
 -0.240000 0.000000 0.000000
 -0.237500 0.000000 0.000000
 -0.235000 0.000000 0.000000
 -0.232500 0.000000 0.000000
 -0.230000 0.000000 0.000000
 -0.227500 0.000000 0.000000
 -0.225000 0.000000 0.000000
 -0.222500 0.000000 0.000000
 -0.220000 0.000000 0.000000
 -0.217500 0.000000 0.000000
 -0.215000 0.000000 0.000000
 -0.212500 0.000000 0.000000
 -0.210000 0.000000 0.000000
 -0.207500 0.000000 0.000000
 -0.205000 0.000000 0.000000
 -0.202500 0.000000 0.000000
 -0.200000 0.000000 0.000000
 -0.197500 0.000000 0.000000
 -0.195000 0.000000 0.000000
 -0.192500 0.000000 0.000000
 -0.190000 0.000000 0.000000
 -0.187500 0.000000 0.000000
 -0.185000 0.000000 0.000000
 -0.182500 0.000000 0.000000
 -0.180000 0.000000 0.000000
 -0.177500 0.000000 0.000000
 -0.175000 0.000000 0.000000
 -0.172500 0.000000 0.000000
 -0.170000 0.000000 0.000000
 -0.167500 0.000000 0.000000
 -0.165000 0.000000 0.000000
 -0.162500 0.000000 0.000000
 -0.160000 0.000000 0.000000
 -0.157500 0.000000 0.000000
 -0.155000 0.000000 0.000000
 -0.152500 0.000000 0.000000
 -0.150000 0.000000 0.000000
 -0.147500 0.000000 0.000000
 -0.145000 0.000000 0.000000
 -0.142500 0.000000 0.000000
 -0.140000 0.000000 0.000000
 -0.137500 0.000000 0.000000
 -0.135000 0.000000 0.000000
 -0.132500 0.000000 0.000000
 -0.130000 0.000000 0.000000
 -0.127500 0.000000 0.000000
 -0.125000 0.000000 0.000000
 -0.122500 0.000000 0.000000
 -0.120000 0.000000 0.000000
 -0.117500 0.000000 0.000000
 -0.115000 0.000000 0.000000
 -0.112500 0.000000 0.000000
 -0.110000 0.000000 0.000000
 -0.107500 0.000000 0.000000
 -0.105000 0.000000 0.000000
 -0.102500 0.000000 0.000000
 -0.100000 0.000000 0.000000
 -0.097500 0.000000 0.000000
 -0.095000 0.000000 0.000000
 -0.092500 0.000000 0.000000
 -0.090000 0.000000 0.000000
 -0.087500 0.000000 0.000000
 -0.085000 0.000000 0.000000
 -0.082500 0.000000 0.000000
 -0.080000 0.000000 0.000000
 -0.077500 0.000000 0.000000
 -0.075000 0.000000 0.000000
 -0.072500 0.000000 0.000000
 -0.070000 0.000000 0.000000
 -0.067500 0.000000 0.000000
 -0.065000 0.000000 0.000000
 -0.062500 0.000000 0.000000
 -0.060000 0.000000 0.000000
 -0.057500 0.000000 0.000000
 -0.055000 0.000000 0.000000
 -0.052500 0.000000 0.000000
 -0.050000 0.000000 0.000000
 -0.047500 0.000000 0.000000
 -0.045000 0.000000 0.000000
 -0.042500 0.000000 0.000000
 -0.040000 0.000000 0.000000
 -0.037500 0.000000 0.000000
 -0.035000 0.000000 0.000000
 -0.032500 0.000000 0.000000
 -0.030000 0.000000 0.000000
 -0.027500 0.000000 0.000000
 -0.025000 0.000000 0.000000
 -0.022500 0.000000 0.000000
 -0.020000 0.000000 0.000000
 -0.017500 0.000000 0.000000
 -0.015000 0.000000 0.000000
 -0.012500 0.000000 0.000000
 -0.010000 0.000000 0.000000
 -0.007500 0.000000 0.000000
 -0.005000 0.000000 0.000000
 -0.002500 0.000000 0.000000
 0.000000 0.000000 0.000000
 0.002500 0.000000 0.000000
 0.005000 0.000000 0.000000
 0.007500 0.000000 0.000000
 0.010000 0.000000 0.000000
 0.012500 0.000000 0.000000
 0.015000 0.000000 0.000000
 0.017500 0.000000 0.000000
 0.020000 0.000000 0.000000
 0.022500 0.000000 0.000000
 0.025000 0.000000 0.000000
 0.027500 0.000000 0.000000
 0.030000 0.000000 0.000000
 0.032500 0.000000 0.000000
 0.035000 0.000000 0.000000
 0.037500 0.000000 0.000000
 0.040000 0.000000 0.000000
 0.042500 0.000000 0.000000
 0.045000 0.000000 0.000000
 0.047500 0.000000 0.000000
 0.050000 0.000000 0.000000
 0.052500 0.000000 0.000000
 0.055000 0.000000 0.000000
 0.057500 0.000000 0.000000
 0.060000 0.000000 0.000000
 0.062500 0.000000 0.000000
 0.065000 0.000000 0.000000
 0.067500 0.000000 0.000000
 0.070000 0.000000 0.000000
 0.072500 0.000000 0.000000
 0.075000 0.000000 0.000000
 0.077500 0.000000 0.000000
 0.080000 0.000000 0.000000
 0.082500 0.000000 0.000000
 0.085000 0.000000 0.000000
 0.087500 0.000000 0.000000
 0.090000 0.000000 0.000000
 0.092500 0.000000 0.000000
 0.095000 0.000000 0.000000
 0.097500 0.000000 0.000000
 0.100000 0.000000 0.000000
 0.102500 0.000000 0.000000
 0.105000 0.000000 0.000000
 0.107500 0.000000 0.000000
 0.110000 0.000000 0.000000
 0.112500 0.000000 0.000000
 0.115000 0.000000 0.000000
 0.117500 0.000000 0.000000
 0.120000 0.000000 0.000000
 0.122500 0.000000 0.000000
 0.125000 0.000000 0.000000
 0.127500 0.000000 0.000000
 0.130000 0.000000 0.000000
 0.132500 0.000000 0.000000
 0.135000 0.000000 0.000000
 0.137500 0.000000 0.000000
 0.140000 0.000000 0.000034
 0.142500 0.000000 0.000081
 0.145000 0.000001 0.000182
 0.147500 0.000001 0.000382
 0.150000 0.000003 0.000748
 0.152500 0.000005 0.001369
 0.155000 0.000010 0.002331
 0.157500 0.000017 0.003688
 0.160000 0.000028 0.005408
 0.162500 0.000044 0.007320
 0.165000 0.000065 0.009095
 0.167500 0.000089 0.010278
 0.170000 0.000115 0.010395
 0.172500 0.000140 0.009115
 0.175000 0.000160 0.006399
 0.177500 0.000171 0.002575
 0.180000 0.000172 -0.001716
 0.182500 0.000163 -0.005694
 0.185000 0.000145 -0.008674
 0.187500 0.000121 -0.010254
 0.190000 0.000095 -0.010402
 0.192500 0.000070 -0.009400
 0.195000 0.000048 -0.007706
 0.197500 0.000031 -0.005790
 0.200000 0.000019 -0.004012
 0.202500 0.000011 -0.002517
 0.205000 0.000006 -0.001403
 0.207500 0.000004 -0.000541
 0.210000 0.000004 0.000252
 0.212500 0.000005 0.001170
 0.215000 0.000010 0.002457
 0.217500 0.000018 0.004458
 0.220000 0.000033 0.007298
 0.222500 0.000056 0.011243
 0.225000 0.000090 0.016294
 0.227500 0.000138 0.022230
 0.230000 0.000201 0.028465
 0.232500 0.000280 0.034185
 0.235000 0.000371 0.038384
 0.237500 0.000470 0.040028
 0.240000 0.000569 0.038468
 0.242500 0.000659 0.033601
 0.245000 0.000734 0.026043
 0.247500 0.000788 0.017080
 0.250000 0.000820 0.008385
 0.252500 0.000832 0.001628
 0.255000 0.000831 -0.002202
 0.257500 0.000824 -0.002917
 0.260000 0.000818 -0.001415
 0.262500 0.000817 0.000767
 0.265000 0.000821 0.002020
 0.267500 0.000826 0.001207
 0.270000 0.000825 -0.001677
 0.272500 0.000816 -0.005659
 0.275000 0.000798 -0.009091
 0.277500 0.000773 -0.010445
 0.280000 0.000748 -0.008982
 0.282500 0.000730 -0.005203
 0.285000 0.000722 -0.000438
 0.287500 0.000726 0.003416
 0.290000 0.000737 0.004876
 0.292500 0.000748 0.003209
 0.295000 0.000751 -0.001152
 0.297500 0.000740 -0.007311
 0.300000 0.000714 -0.013782
 0.302500 0.000672 -0.019362
 0.305000 0.000619 -0.023077
 0.307500 0.000559 -0.024574
 0.310000 0.000498 -0.023648
 0.312500 0.000442 -0.020399
 0.315000 0.000397 -0.015701
 0.317500 0.000365 -0.009867
 0.320000 0.000349 -0.003040
 0.322500 0.000351 0.004714
 0.325000 0.000374 0.014235
 0.327500 0.000425 0.026668
 0.330000 0.000511 0.043417
 0.332500 0.000646 0.064978
 0.335000 0.000840 0.091304
 0.337500 0.001105 0.120479
 0.340000 0.001442 0.149144
 0.342500 0.001847 0.173062
 0.345000 0.002300 0.188019
 0.347500 0.002777 0.191390
 0.350000 0.003247 0.182474
 0.352500 0.003682 0.163247
 0.355000 0.004058 0.137069
 0.357500 0.004365 0.108119
 0.360000 0.004600 0.080178
 0.362500 0.004769 0.055619
 0.365000 0.004883 0.036295
 0.367500 0.004956 0.022697
 0.370000 0.005002 0.015527
 0.372500 0.005039 0.014664
 0.375000 0.005081 0.019679
 0.377500 0.005142 0.029719
 0.380000 0.005233 0.043093
 0.382500 0.005360 0.058118
 0.385000 0.005524 0.072697
 0.387500 0.005722 0.085409
 0.390000 0.005948 0.095348
 0.392500 0.006195 0.101475
 0.395000 0.006454 0.104874
 0.397500 0.006719 0.107213
 0.400000 0.006990 0.110081
 0.402500 0.007272 0.116130
 0.405000 0.007575 0.126934
 0.407500 0.007911 0.143217
 0.410000 0.008295 0.164189
 0.412500 0.008735 0.187618
 0.415000 0.009233 0.210358
 0.417500 0.009783 0.228277
 0.420000 0.010368 0.238647
 0.422500 0.010969 0.240252
 0.425000 0.011564 0.234430
 0.427500 0.012139 0.224757
 0.430000 0.012689 0.215733
 0.432500 0.013223 0.212274
 0.435000 0.013760 0.218337
 0.437500 0.014325 0.235811
 0.440000 0.014949 0.263745
 0.442500 0.015654 0.301139
 0.445000 0.016461 0.344713
 0.447500 0.017383 0.392929
 0.450000 0.018429 0.443282
 0.452500 0.019600 0.493228
 0.455000 0.020895 0.541372
 0.457500 0.022306 0.585768
 0.460000 0.023821 0.624936
 0.462500 0.025426 0.657181
 0.465000 0.027103 0.681838
 0.467500 0.028829 0.697396
 0.470000 0.030583 0.702715
 0.472500 0.032336 0.697441
 0.475000 0.034065 0.683357
 0.477500 0.035753 0.665013
 0.480000 0.037397 0.650969
 0.482500 0.039025 0.652942
 0.485000 0.040688 0.681761
 0.487500 0.042466 0.746144
 0.490000 0.044452 0.846994
 0.492500 0.046731 0.978611
 0.495000 0.049362 1.126242
 0.497500 0.052365 1.272239
 0.500000 0.055710 1.398808
 0.502500 0.059334 1.492374
 0.505000 0.063141 1.546011
 0.507500 0.067031 1.558757
 0.510000 0.070911 1.538264
 0.512500 0.074708 1.494529
 0.515000 0.078382 1.442150
 0.517500 0.081927 1.393729
 0.520000 0.085369 1.361293
 0.522500 0.088758 1.353140
 0.525000 0.092163 1.374401
 0.527500 0.095663 1.428095
 0.530000 0.099336 1.512997
 0.532500 0.103262 1.630135
 0.535000 0.107523 1.780459
 0.537500 0.112198 1.961896
 0.540000 0.117364 2.173230
 0.542500 0.123089 2.406167
 0.545000 0.129411 2.648409
 0.547500 0.136333 2.884754
 0.550000 0.143824 3.101383
 0.552500 0.151822 3.290154
 0.555000 0.160257 3.449843
 0.557500 0.169059 3.585766
 0.560000 0.178180 3.707531
 0.562500 0.187601 3.823797
 0.565000 0.197311 3.939635
 0.567500 0.207306 4.051570
 0.570000 0.217572 4.156329
 0.572500 0.228085 4.246019
 0.575000 0.238797 4.315753
 0.577500 0.249662 4.369667
 0.580000 0.260656 4.420496
 0.582500 0.271794 4.488477
 0.585000 0.283146 4.596929
 0.587500 0.294841 4.763999
 0.590000 0.307035 4.996179
 0.592500 0.319888 5.288686
 0.595000 0.333523 5.619090
 0.597500 0.348007 5.963013
 0.600000 0.363341 6.295950
 0.602500 0.379482 6.604354
 0.605000 0.396357 6.886466
 0.607500 0.413908 7.144677
 0.610000 0.432088 7.394256
 0.612500 0.450897 7.649170
 0.615000 0.470364 7.920299
 0.617500 0.490546 8.221616
 0.620000 0.511515 8.554848
 0.622500 0.533356 8.917486
 0.625000 0.556142 9.305785
 0.627500 0.579919 9.707029
 0.630000 0.604705 10.111504
 0.632500 0.630499 10.513951
 0.635000 0.657297 10.914154
 0.637500 0.685107 11.327184
 0.640000 0.713985 11.774570
 0.642500 0.744049 12.278829
 0.645000 0.775461 12.854948
 0.647500 0.808419 13.513867
 0.650000 0.843116 14.241166
 0.652500 0.879681 15.000409
 0.655000 0.918140 15.749356
 0.657500 0.958413 16.444003
 0.660000 1.000313 17.047096
 0.662500 1.043588 17.543295
 0.665000 1.087972 17.941197
 0.667500 1.133274 18.274213
 0.670000 1.179366 18.589404
 0.672500 1.226273 18.932262
 0.675000 1.274119 19.346433
 0.677500 1.323116 19.854571
 0.680000 1.373507 20.464755
 0.682500 1.425537 21.164038
 0.685000 1.479407 21.924474
 0.687500 1.535225 22.718295
 0.690000 1.593038 23.517966
 0.692500 1.652826 24.294250
 0.695000 1.714505 25.034916
 0.697500 1.777974 25.719242
 0.700000 1.843074 26.337646
 0.702500 1.909629 26.888769
 0.705000 1.977470 27.372609
 0.707500 2.046466 27.813816
 0.710000 2.116546 28.241816
 0.712500 2.187684 28.668828
 0.715000 2.259900 29.101727
 0.717500 2.333191 29.526782
 0.720000 2.407506 29.919512
 0.722500 2.482779 30.274714
 0.725000 2.558908 30.622450
 0.727500 2.635933 31.013358
 0.730000 2.714068 31.511784
 0.732500 2.793655 32.190195
 0.735000 2.875204 33.095040
 0.737500 2.959322 34.248137
 0.740000 3.046649 35.655489
 0.742500 3.137798 37.297087
 0.745000 3.233282 39.127836
 0.747500 3.333482 41.051850
 0.750000 3.438462 42.923229
 0.752500 3.547879 44.568011
 0.755000 3.660902 45.785286
 0.757500 3.776299 46.447000
 0.760000 3.892595 46.516409
 0.762500 4.008396 46.089657
 0.765000 4.122711 45.365760
 0.767500 4.235090 44.584232
 0.770000 4.345679 43.945655
 0.772500 4.454959 43.555566
 0.775000 4.563560 43.400148
 0.777500 4.671952 43.373165
 0.780000 4.780278 43.333321
 0.782500 4.888367 43.152286
 0.785000 4.995735 42.763794
 0.787500 5.101830 42.149498
 0.790000 5.206130 41.322411
 0.792500 5.308145 40.332013
 0.795000 5.407467 39.200222
 0.797500 5.503788 37.933110
 0.800000 5.596752 36.540994
 0.802500 5.686070 35.013075
 0.805000 5.771380 33.353350
 0.807500 5.852373 31.553056
 0.810000 5.928642 29.571858
 0.812500 5.999630 27.322691
 0.815000 6.064517 24.677214
 0.817500 6.122144 21.504624
 0.820000 6.171036 17.699737
 0.822500 6.209589 13.251763
 0.825000 6.236313 8.273597
 0.827500 6.250122 2.960671
 0.830000 6.250447 -2.445593
 0.832500 6.237342 -7.762870
 0.835000 6.211158 -12.860100
 0.837500 6.172501 -17.750404
 0.840000 6.121814 -22.499616
 0.842500 6.059298 -27.199056
 0.845000 5.984986 -31.941573
 0.847500 5.898695 -36.754868
 0.850000 5.800267 -41.650425
 0.852500 5.689514 -46.603311
 0.855000 5.566323 -51.588403
 0.857500 5.430608 -56.607798
 0.860000 5.282282 -61.656631
 0.862500 5.121298 -66.731104
 0.865000 4.947628 -71.781339
 0.867500 4.761426 -76.733722
 0.870000 4.563070 -81.480011
 0.872500 4.353258 -85.886988
 0.875000 4.133020 -89.780792
 0.877500 3.903859 -93.004027
 0.880000 3.667645 -95.391651
 0.882500 3.426638 -96.833180
 0.885000 3.183280 -97.250636
 0.887500 2.940152 -96.671361
 0.890000 2.699662 -95.176359
 0.892500 2.463931 -92.898155
 0.895000 2.234713 -89.987546
 0.897500 2.013419 -86.587049
 0.900000 1.801163 -82.788946
 0.902500 1.598870 -78.621266
 0.905000 1.407461 -74.091766
 0.907500 1.227860 -69.191819
 0.910000 1.060986 -63.933455
 0.912500 0.907670 -58.369562
 0.915000 0.768555 -52.608746
 0.917500 0.643968 -46.792771
 0.920000 0.533850 -41.072377
 0.922500 0.437792 -35.593057
 0.925000 0.355038 -30.459317
 0.927500 0.284630 -25.747163
 0.930000 0.225460 -21.496555
 0.932500 0.176339 -17.714178
 0.935000 0.136104 -14.406554
 0.937500 0.103583 -11.554732
 0.940000 0.077664 -9.136504
 0.942500 0.057303 -7.118491
 0.945000 0.041539 -5.458334
 0.947500 0.029538 -4.117211
 0.950000 0.020558 -3.049593
 0.952500 0.013967 -2.211308
 0.955000 0.009236 -1.564247
 0.957500 0.005923 -1.074004
 0.960000 0.003679 -0.715653
 0.962500 0.002202 -0.459003
 0.965000 0.001270 -0.283436
 0.967500 0.000701 -0.167223
 0.970000 0.000371 -0.094494
 0.972500 0.000186 -0.050399
 0.975000 0.000089 -0.025626
 0.977500 0.000040 -0.012143
 0.980000 0.000016 -0.005009
 0.982500 0.000006 -0.001979
 0.985000 0.000002 -0.000611
 0.987500 0.000001 -0.000185
 0.990000 0.000000 0.000000
 0.992500 0.000000 0.000000
 0.995000 0.000000 0.000000
 0.997500 0.000000 0.000000
 1.000000 0.000000 0.000000
 1.002500 0.000000 0.000000
 1.005000 0.000000 0.000000
 1.007500 0.000000 0.000000
 1.010000 0.000000 0.000000
 1.012500 0.000000 0.000000
 1.015000 0.000000 0.000000
 1.017500 0.000000 0.000000
 1.020000 0.000000 0.000000
 1.022500 0.000000 0.000000
 1.025000 0.000000 0.000000
 1.027500 0.000000 0.000000
 1.030000 0.000000 0.000000
 1.032500 0.000000 0.000000
 1.035000 0.000000 0.000000
 1.037500 0.000000 0.000000
 1.040000 0.000000 0.000000
 1.042500 0.000000 0.000000
 1.045000 0.000000 0.000000
 1.047500 0.000000 0.000000
 1.050000 0.000000 0.000000
 1.052500 0.000000 0.000000
 1.055000 0.000000 0.000000
 1.057500 0.000000 0.000000
 1.060000 0.000000 0.000000
 1.062500 0.000000 0.000000
 1.065000 0.000000 0.000000
 1.067500 0.000000 0.000000
 1.070000 0.000000 0.000000
 1.072500 0.000000 0.000000
 1.075000 0.000000 0.000000
 1.077500 0.000000 0.000000
 1.080000 0.000000 0.000000
 1.082500 0.000000 0.000000
 1.085000 0.000000 0.000000
 1.087500 0.000000 0.000000
 1.090000 0.000000 0.000000
 1.092500 0.000000 0.000000
 1.095000 0.000000 0.000000
 1.097500 0.000000 0.000000
 1.100000 0.000000 0.000000
 1.102500 0.000000 0.000000
 1.105000 0.000000 0.000000
 1.107500 0.000000 0.000000
 1.110000 0.000000 0.000000
 1.112500 0.000000 0.000000
 1.115000 0.000000 0.000000
 1.117500 0.000000 0.000000
 1.120000 0.000000 0.000000
 1.122500 0.000000 0.000000
 1.125000 0.000000 0.000000
 1.127500 0.000000 0.000000
 1.130000 0.000000 0.000000
 1.132500 0.000000 0.000000
 1.135000 0.000000 0.000000
 1.137500 0.000000 0.000000
 1.140000 0.000000 0.000000
 1.142500 0.000000 0.000000
 1.145000 0.000000 0.000000
 1.147500 0.000000 0.000000
 1.150000 0.000000 0.000000
 1.152500 0.000000 0.000000
 1.155000 0.000000 0.000000
 1.157500 0.000000 0.000000
 1.160000 0.000000 0.000000
 1.162500 0.000000 0.000000
 1.165000 0.000000 0.000000
 1.167500 0.000000 0.000000
 1.170000 0.000000 0.000000
 1.172500 0.000000 0.000000
 1.175000 0.000000 0.000000
 1.177500 0.000000 0.000000
 1.180000 0.000000 0.000000
 1.182500 0.000000 0.000000
 1.185000 0.000000 0.000000
 1.187500 0.000000 0.000000
 1.190000 0.000000 0.000000
 1.192500 0.000000 0.000000
 1.195000 0.000000 0.000000
 1.197500 0.000000 0.000000
 1.200000 0.000000 0.000000
 1.202500 0.000000 0.000000
 1.205000 0.000000 0.000000
 1.207500 0.000000 0.000000
 1.210000 0.000000 0.000000
 1.212500 0.000000 0.000000
 1.215000 0.000000 0.000000
 1.217500 0.000000 0.000000
 1.220000 0.000000 0.000000
 1.222500 0.000000 0.000000
 1.225000 0.000000 0.000000
 1.227500 0.000000 0.000000
 1.230000 0.000000 0.000000
 1.232500 0.000000 0.000000
 1.235000 0.000000 0.000000
 1.237500 0.000000 0.000000
 1.240000 0.000000 0.000000
 1.242500 0.000000 0.000000
 1.245000 0.000000 0.000000
 1.247500 0.000000 0.000000
 1.250000 0.000000 0.000000
 1.252500 0.000000 0.000000
 1.255000 0.000000 0.000000
 1.257500 0.000000 0.000000
 1.260000 0.000000 0.000000
 1.262500 0.000000 0.000000
 1.265000 0.000000 0.000000
 1.267500 0.000000 0.000000
 1.270000 0.000000 0.000000
 1.272500 0.000000 0.000000
 1.275000 0.000000 0.000000
 1.277500 0.000000 0.000000
 1.280000 0.000000 0.000000
 1.282500 0.000000 0.000000
 1.285000 0.000000 0.000000
 1.287500 0.000000 0.000000
 1.290000 0.000000 0.000000
 1.292500 0.000000 0.000000
 1.295000 0.000000 0.000000
 1.297500 0.000000 0.000000
 1.300000 0.000000 0.000000
 1.302500 0.000000 0.000000
 1.305000 0.000000 0.000000
 1.307500 0.000000 0.000000
 1.310000 0.000000 0.000000
 1.312500 0.000000 0.000000
 1.315000 0.000000 0.000000
 1.317500 0.000000 0.000000
 1.320000 0.000000 0.000000
 1.322500 0.000000 0.000000
 1.325000 0.000000 0.000000
 1.327500 0.000000 0.000000
 1.330000 0.000000 0.000000
 1.332500 0.000000 0.000000
 1.335000 0.000000 0.000000
 1.337500 0.000000 0.000000
 1.340000 0.000000 0.000000
 1.342500 0.000000 0.000000
 1.345000 0.000000 0.000000
 1.347500 0.000000 0.000000
 1.350000 0.000000 0.000000
 1.352500 0.000000 0.000000
 1.355000 0.000000 0.000000
 1.357500 0.000000 0.000000
 1.360000 0.000000 0.000000
 1.362500 0.000000 0.000000
 1.365000 0.000000 0.000000
 1.367500 0.000000 0.000000
 1.370000 0.000000 0.000000
 1.372500 0.000000 0.000000
 1.375000 0.000000 0.000000
 1.377500 0.000000 0.000000
 1.380000 0.000000 0.000000
 1.382500 0.000000 0.000000
 1.385000 0.000000 0.000000
 1.387500 0.000000 0.000000
 1.390000 0.000000 0.000000
 1.392500 0.000000 0.000000
 1.395000 0.000000 0.000000
 1.397500 0.000000 0.000000
 1.400000 0.000000 0.000000
 1.402500 0.000000 0.000000
 1.405000 0.000000 0.000000
 1.407500 0.000000 0.000000
 1.410000 0.000000 0.000000
 1.412500 0.000000 0.000000
 1.415000 0.000000 0.000000
 1.417500 0.000000 0.000000
 1.420000 0.000000 0.000000
 1.422500 0.000000 0.000000
 1.425000 0.000000 0.000000
 1.427500 0.000000 0.000000
 1.430000 0.000000 0.000000
 1.432500 0.000000 0.000000
 1.435000 0.000000 0.000000
 1.437500 0.000000 0.000000
 1.440000 0.000000 0.000000
 1.442500 0.000000 0.000000
 1.445000 0.000000 0.000000
 1.447500 0.000000 0.000000
 1.450000 0.000000 0.000000
 1.452500 0.000000 0.000000
 1.455000 0.000000 0.000000
 1.457500 0.000000 0.000000
 1.460000 0.000000 0.000000
 1.462500 0.000000 0.000000
 1.465000 0.000000 0.000000
 1.467500 0.000000 0.000000
 1.470000 0.000000 0.000000
 1.472500 0.000000 0.000000
 1.475000 0.000000 0.000000
 1.477500 0.000000 0.000000
 1.480000 0.000000 0.000000
 1.482500 0.000000 0.000000
 1.485000 0.000000 0.000000
 1.487500 0.000000 0.000000
 1.490000 0.000000 0.000000
 1.492500 0.000000 0.000000
 1.495000 0.000000 0.000000
 1.497500 0.000000 0.000000
 1.500000 0.000000 0.000000
 1.502500 0.000000 0.000000
 1.505000 0.000000 0.000000
 1.507500 0.000000 0.000000
 1.510000 0.000000 0.000000
 1.512500 0.000000 0.000000
 1.515000 0.000000 0.000000
 1.517500 0.000000 0.000000
 1.520000 0.000000 0.000000
 1.522500 0.000000 0.000000
 1.525000 0.000000 0.000000
 1.527500 0.000000 0.000000
 1.530000 0.000000 0.000000
 1.532500 0.000000 0.000000
 1.535000 0.000000 0.000000
 1.537500 0.000000 0.000000
 1.540000 0.000000 0.000000
 1.542500 0.000000 0.000000
 1.545000 0.000000 0.000000
 1.547500 0.000000 0.000000
 1.550000 0.000000 0.000000
 1.552500 0.000000 0.000000
 1.555000 0.000000 0.000000
 1.557500 0.000000 0.000000
 1.560000 0.000000 0.000000
 1.562500 0.000000 0.000000
 1.565000 0.000000 0.000000
 1.567500 0.000000 0.000000
 1.570000 0.000000 0.000000
 1.572500 0.000000 0.000000
 1.575000 0.000000 0.000000
 1.577500 0.000000 0.000000
 1.580000 0.000000 0.000000
 1.582500 0.000000 0.000000
 1.585000 0.000000 0.000000
 1.587500 0.000000 0.000000
 1.590000 0.000000 0.000000
 1.592500 0.000000 0.000000
 1.595000 0.000000 0.000000
 1.597500 0.000000 0.000000
 1.600000 0.000000 0.000000
 1.602500 0.000000 0.000000
 1.605000 0.000000 0.000000
 1.607500 0.000000 0.000000
 1.610000 0.000000 0.000000
 1.612500 0.000000 0.000000
 1.615000 0.000000 0.000000
 1.617500 0.000000 0.000000
 1.620000 0.000000 0.000000
 1.622500 0.000000 0.000000
 1.625000 0.000000 0.000000
 1.627500 0.000000 0.000000
 1.630000 0.000000 0.000000
 1.632500 0.000000 0.000000
 1.635000 0.000000 0.000000
 1.637500 0.000000 0.000000
 1.640000 0.000000 0.000000
 1.642500 0.000000 0.000000
 1.645000 0.000000 0.000000
 1.647500 0.000000 0.000000
 1.650000 0.000000 0.000000
 1.652500 0.000000 0.000000
 1.655000 0.000000 0.000000
 1.657500 0.000000 0.000000
 1.660000 0.000000 0.000000
 1.662500 0.000000 0.000000
 1.665000 0.000000 0.000000
 1.667500 0.000000 0.000000
 1.670000 0.000000 0.000000
 1.672500 0.000000 0.000000
 1.675000 0.000000 0.000000
 1.677500 0.000000 0.000000
 1.680000 0.000000 0.000000
 1.682500 0.000000 0.000000
 1.685000 0.000000 0.000000
 1.687500 0.000000 0.000000
 1.690000 0.000000 0.000000
 1.692500 0.000000 0.000000
 1.695000 0.000000 0.000000
 1.697500 0.000000 0.000000
 1.700000 0.000000 0.000000
 1.702500 0.000000 0.000000
 1.705000 0.000000 0.000000
 1.707500 0.000000 0.000000
 1.710000 0.000000 0.000000
 1.712500 0.000000 0.000000
 1.715000 0.000000 0.000000
 1.717500 0.000000 0.000000
 1.720000 0.000000 0.000000
 1.722500 0.000000 0.000000
 1.725000 0.000000 0.000000
 1.727500 0.000000 0.000000
 1.730000 0.000000 0.000000
 1.732500 0.000000 0.000000
 1.735000 0.000000 0.000000
 1.737500 0.000000 0.000000
 1.740000 0.000000 0.000000
 1.742500 0.000000 0.000000
 1.745000 0.000000 0.000000
 1.747500 0.000000 0.000000
 1.750000 0.000000 0.000000
 1.752500 0.000000 0.000000
 1.755000 0.000000 0.000000
 1.757500 0.000000 0.000000
 1.760000 0.000000 0.000000
 1.762500 0.000000 0.000000
 1.765000 0.000000 0.000000
 1.767500 0.000000 0.000000
 1.770000 0.000000 0.000000
 1.772500 0.000000 0.000000
 1.775000 0.000000 0.000000
 1.777500 0.000000 0.000000
 1.780000 0.000000 0.000000
 1.782500 0.000000 0.000000
 1.785000 0.000000 0.000000
 1.787500 0.000000 0.000000
 1.790000 0.000000 0.000000
 1.792500 0.000000 0.000000
 1.795000 0.000000 0.000000
 1.797500 0.000000 0.000000
 1.800000 0.000000 0.000000
 1.802500 0.000000 0.000000
 1.805000 0.000000 0.000000
 1.807500 0.000000 0.000000
 1.810000 0.000000 0.000000
 1.812500 0.000000 0.000000
 1.815000 0.000000 0.000000
 1.817500 0.000000 0.000000
 1.820000 0.000000 0.000000
 1.822500 0.000000 0.000000
 1.825000 0.000000 0.000000
 1.827500 0.000000 0.000000
 1.830000 0.000000 0.000000
 1.832500 0.000000 0.000000
 1.835000 0.000000 0.000000
 1.837500 0.000000 0.000000
 1.840000 0.000000 0.000000
 1.842500 0.000000 0.000000
 1.845000 0.000000 0.000000
 1.847500 0.000000 0.000000
 1.850000 0.000000 0.000000
 1.852500 0.000000 0.000000
 1.855000 0.000000 0.000000
 1.857500 0.000000 0.000000
 1.860000 0.000000 0.000000
 1.862500 0.000000 0.000000
 1.865000 0.000000 0.000000
 1.867500 0.000000 0.000000
 1.870000 0.000000 0.000000
 1.872500 0.000000 0.000000
 1.875000 0.000000 0.000000
 1.877500 0.000000 0.000000
 1.880000 0.000000 0.000000
 1.882500 0.000000 0.000000
 1.885000 0.000000 0.000000
 1.887500 0.000000 0.000000
 1.890000 0.000000 0.000000
 1.892500 0.000000 0.000000
 1.895000 0.000000 0.000000
 1.897500 0.000000 0.000000
 1.900000 0.000000 0.000000
 1.902500 0.000000 0.000000
 1.905000 0.000000 0.000000
 1.907500 0.000000 0.000000
 1.910000 0.000000 0.000000
 1.912500 0.000000 0.000000
 1.915000 0.000000 0.000000
 1.917500 0.000000 0.000000
 1.920000 0.000000 0.000000
 1.922500 0.000000 0.000000
 1.925000 0.000000 0.000000
 1.927500 0.000000 0.000000
 1.930000 0.000000 0.000000
 1.932500 0.000000 0.000000
 1.935000 0.000000 0.000000
 1.937500 0.000000 0.000000
 1.940000 0.000000 0.000000
 1.942500 0.000000 0.000000
 1.945000 0.000000 0.000000
 1.947500 0.000000 0.000000
 1.950000 0.000000 0.000000
 1.952500 0.000000 0.000000
 1.955000 0.000000 0.000000
 1.957500 0.000000 0.000000
 1.960000 0.000000 0.000000
 1.962500 0.000000 0.000000
 1.965000 0.000000 0.000000
 1.967500 0.000000 0.000000
 1.970000 0.000000 0.000000
 1.972500 0.000000 0.000000
 1.975000 0.000000 0.000000
 1.977500 0.000000 0.000000
 1.980000 0.000000 0.000000
 1.982500 0.000000 0.000000
 1.985000 0.000000 0.000000
 1.987500 0.000000 0.000000
 1.990000 0.000000 0.000000
 1.992500 0.000000 0.000000
 1.995000 0.000000 0.000000
 1.997500 0.000000 0.000000
 2.000000 0.000000 0.000000
