#! FIELDS refcv hh dhh_refcv
#! SET normalisation  800.000000
#! SET min_refcv -0.5
#! SET max_refcv 2
#! SET nbins_refcv  1000
#! SET periodic_refcv false
 -0.500000 0.000000 0.000000
 -0.497500 0.000000 0.000000
 -0.495000 0.000000 0.000000
 -0.492500 0.000000 0.000000
 -0.490000 0.000000 0.000000
 -0.487500 0.000000 0.000000
 -0.485000 0.000000 0.000000
 -0.482500 0.000000 0.000000
 -0.480000 0.000000 0.000000
 -0.477500 0.000000 0.000000
 -0.475000 0.000000 0.000000
 -0.472500 0.000000 0.000000
 -0.470000 0.000000 0.000000
 -0.467500 0.000000 0.000000
 -0.465000 0.000000 0.000000
 -0.462500 0.000000 0.000000
 -0.460000 0.000000 0.000000
 -0.457500 0.000000 0.000000
 -0.455000 0.000000 0.000000
 -0.452500 0.000000 0.000000
 -0.450000 0.000000 0.000000
 -0.447500 0.000000 0.000000
 -0.445000 0.000000 0.000000
 -0.442500 0.000000 0.000000
 -0.440000 0.000000 0.000000
 -0.437500 0.000000 0.000000
 -0.435000 0.000000 0.000000
 -0.432500 0.000000 0.000000
 -0.430000 0.000000 0.000000
 -0.427500 0.000000 0.000000
 -0.425000 0.000000 0.000000
 -0.422500 0.000000 0.000000
 -0.420000 0.000000 0.000000
 -0.417500 0.000000 0.000000
 -0.415000 0.000000 0.000000
 -0.412500 0.000000 0.000000
 -0.410000 0.000000 0.000000
 -0.407500 0.000000 0.000000
 -0.405000 0.000000 0.000000
 -0.402500 0.000000 0.000000
 -0.400000 0.000000 0.000000
 -0.397500 0.000000 0.000000
 -0.395000 0.000000 0.000000
 -0.392500 0.000000 0.000000
 -0.390000 0.000000 0.000000
 -0.387500 0.000000 0.000000
 -0.385000 0.000000 0.000000
 -0.382500 0.000000 0.000000
 -0.380000 0.000000 0.000000
 -0.377500 0.000000 0.000000
 -0.375000 0.000000 0.000000
 -0.372500 0.000000 0.000000
 -0.370000 0.000000 0.000000
 -0.367500 0.000000 0.000000
 -0.365000 0.000000 0.000000
 -0.362500 0.000000 0.000000
 -0.360000 0.000000 0.000000
 -0.357500 0.000000 0.000000
 -0.355000 0.000000 0.000000
 -0.352500 0.000000 0.000000
 -0.350000 0.000000 0.000000
 -0.347500 0.000000 0.000000
 -0.345000 0.000000 0.000000
 -0.342500 0.000000 0.000000
 -0.340000 0.000000 0.000000
 -0.337500 0.000000 0.000000
 -0.335000 0.000000 0.000000
 -0.332500 0.000000 0.000000
 -0.330000 0.000000 0.000000
 -0.327500 0.000000 0.000000
 -0.325000 0.000000 0.000000
 -0.322500 0.000000 0.000000
 -0.320000 0.000000 0.000000
 -0.317500 0.000000 0.000000
 -0.315000 0.000000 0.000000
 -0.312500 0.000000 0.000000
 -0.310000 0.000000 0.000000
 -0.307500 0.000000 0.000000
 -0.305000 0.000000 0.000000
 -0.302500 0.000000 0.000000
 -0.300000 0.000000 0.000000
 -0.297500 0.000000 0.000000
 -0.295000 0.000000 0.000000
 -0.292500 0.000000 0.000000
 -0.290000 0.000000 0.000000
 -0.287500 0.000000 0.000000
 -0.285000 0.000000 0.000000
 -0.282500 0.000000 0.000000
 -0.280000 0.000000 0.000000
 -0.277500 0.000000 0.000000
 -0.275000 0.000000 0.000000
 -0.272500 0.000000 0.000000
 -0.270000 0.000000 0.000000
 -0.267500 0.000000 0.000000
 -0.265000 0.000000 0.000000
 -0.262500 0.000000 0.000000
 -0.260000 0.000000 0.000000
 -0.257500 0.000000 0.000000
 -0.255000 0.000000 0.000000
 -0.252500 0.000000 0.000000
 -0.250000 0.000000 0.000000
 -0.247500 0.000000 0.000000
 -0.245000 0.000000 0.000000
 -0.242500 0.000000 0.000000
 -0.240000 0.000000 0.000000
 -0.237500 0.000000 0.000000
 -0.235000 0.000000 0.000000
 -0.232500 0.000000 0.000000
 -0.230000 0.000000 0.000000
 -0.227500 0.000000 0.000000
 -0.225000 0.000000 0.000000
 -0.222500 0.000000 0.000000
 -0.220000 0.000000 0.000000
 -0.217500 0.000000 0.000000
 -0.215000 0.000000 0.000000
 -0.212500 0.000000 0.000000
 -0.210000 0.000000 0.000000
 -0.207500 0.000000 0.000000
 -0.205000 0.000000 0.000000
 -0.202500 0.000000 0.000000
 -0.200000 0.000000 0.000000
 -0.197500 0.000000 0.000000
 -0.195000 0.000000 0.000000
 -0.192500 0.000000 0.000000
 -0.190000 0.000000 0.000000
 -0.187500 0.000000 0.000000
 -0.185000 0.000000 0.000000
 -0.182500 0.000000 0.000000
 -0.180000 0.000000 0.000000
 -0.177500 0.000000 0.000000
 -0.175000 0.000000 0.000000
 -0.172500 0.000000 0.000000
 -0.170000 0.000000 0.000000
 -0.167500 0.000000 0.000000
 -0.165000 0.000000 0.000000
 -0.162500 0.000000 0.000000
 -0.160000 0.000000 0.000000
 -0.157500 0.000000 0.000000
 -0.155000 0.000000 0.000000
 -0.152500 0.000000 0.000000
 -0.150000 0.000000 0.000000
 -0.147500 0.000000 0.000000
 -0.145000 0.000000 0.000000
 -0.142500 0.000000 0.000000
 -0.140000 0.000000 0.000000
 -0.137500 0.000000 0.000000
 -0.135000 0.000000 0.000000
 -0.132500 0.000000 0.000000
 -0.130000 0.000000 0.000000
 -0.127500 0.000000 0.000000
 -0.125000 0.000000 0.000000
 -0.122500 0.000000 0.000000
 -0.120000 0.000000 0.000000
 -0.117500 0.000000 0.000000
 -0.115000 0.000000 0.000000
 -0.112500 0.000000 0.000000
 -0.110000 0.000000 0.000000
 -0.107500 0.000000 0.000000
 -0.105000 0.000000 0.000000
 -0.102500 0.000000 0.000000
 -0.100000 0.000000 0.000000
 -0.097500 0.000000 0.000000
 -0.095000 0.000000 0.000000
 -0.092500 0.000000 0.000000
 -0.090000 0.000000 0.000000
 -0.087500 0.000000 0.000000
 -0.085000 0.000000 0.000000
 -0.082500 0.000000 0.000000
 -0.080000 0.000000 0.000000
 -0.077500 0.000000 0.000000
 -0.075000 0.000000 0.000000
 -0.072500 0.000000 0.000000
 -0.070000 0.000000 0.000000
 -0.067500 0.000000 0.000000
 -0.065000 0.000000 0.000000
 -0.062500 0.000000 0.000000
 -0.060000 0.000000 0.000000
 -0.057500 0.000000 0.000000
 -0.055000 0.000000 0.000000
 -0.052500 0.000000 0.000000
 -0.050000 0.000000 0.000000
 -0.047500 0.000000 0.000000
 -0.045000 0.000000 0.000000
 -0.042500 0.000000 0.000000
 -0.040000 0.000000 0.000000
 -0.037500 0.000000 0.000000
 -0.035000 0.000000 0.000000
 -0.032500 0.000000 0.000000
 -0.030000 0.000000 0.000000
 -0.027500 0.000000 0.000000
 -0.025000 0.000000 0.000000
 -0.022500 0.000000 0.000000
 -0.020000 0.000000 0.000000
 -0.017500 0.000000 0.000000
 -0.015000 0.000000 0.000000
 -0.012500 0.000000 0.000000
 -0.010000 0.000000 0.000000
 -0.007500 0.000000 0.000000
 -0.005000 0.000000 0.000000
 -0.002500 0.000000 0.000000
 0.000000 0.000000 0.000000
 0.002500 0.000000 0.000000
 0.005000 0.000000 0.000000
 0.007500 0.000000 0.000000
 0.010000 0.000000 0.000000
 0.012500 0.000000 0.000000
 0.015000 0.000000 0.000000
 0.017500 0.000000 0.000000
 0.020000 0.000000 0.000000
 0.022500 0.000000 0.000000
 0.025000 0.000000 0.000000
 0.027500 0.000000 0.000000
 0.030000 0.000000 0.000000
 0.032500 0.000000 0.000000
 0.035000 0.000000 0.000000
 0.037500 0.000000 0.000000
 0.040000 0.000000 0.000000
 0.042500 0.000000 0.000000
 0.045000 0.000000 0.000000
 0.047500 0.000000 0.000000
 0.050000 0.000000 0.000000
 0.052500 0.000000 0.000000
 0.055000 0.000000 0.000000
 0.057500 0.000000 0.000000
 0.060000 0.000000 0.000000
 0.062500 0.000000 0.000000
 0.065000 0.000000 0.000000
 0.067500 0.000000 0.000000
 0.070000 0.000000 0.000000
 0.072500 0.000000 0.000000
 0.075000 0.000000 0.000000
 0.077500 0.000000 0.000000
 0.080000 0.000000 0.000024
 0.082500 0.000000 0.000059
 0.085000 0.000000 0.000136
 0.087500 0.000001 0.000293
 0.090000 0.000002 0.000590
 0.092500 0.000004 0.001107
 0.095000 0.000008 0.001935
 0.097500 0.000014 0.003145
 0.100000 0.000024 0.004744
 0.102500 0.000038 0.006616
 0.105000 0.000057 0.008489
 0.107500 0.000080 0.009945
 0.110000 0.000106 0.010502
 0.112500 0.000131 0.009755
 0.115000 0.000153 0.007546
 0.117500 0.000168 0.004067
 0.120000 0.000173 -0.000141
 0.122500 0.000167 -0.004323
 0.125000 0.000152 -0.007733
 0.127500 0.000130 -0.009848
 0.130000 0.000104 -0.010502
 0.132500 0.000078 -0.009873
 0.135000 0.000056 -0.008375
 0.137500 0.000037 -0.006454
 0.140000 0.000023 -0.004465
 0.142500 0.000015 -0.002676
 0.145000 0.000010 -0.001056
 0.147500 0.000009 0.000603
 0.150000 0.000013 0.002586
 0.152500 0.000023 0.005283
 0.155000 0.000041 0.009061
 0.157500 0.000069 0.014170
 0.160000 0.000112 0.020343
 0.162500 0.000172 0.027229
 0.165000 0.000248 0.033826
 0.167500 0.000340 0.039014
 0.170000 0.000441 0.041749
 0.172500 0.000546 0.041485
 0.175000 0.000646 0.038441
 0.177500 0.000737 0.033600
 0.180000 0.000814 0.028351
 0.182500 0.000879 0.023786
 0.185000 0.000934 0.020365
 0.187500 0.000982 0.017602
 0.190000 0.001022 0.014370
 0.192500 0.001052 0.009599
 0.195000 0.001068 0.002836
 0.197500 0.001065 -0.005168
 0.200000 0.001043 -0.012872
 0.202500 0.001003 -0.018413
 0.205000 0.000953 -0.020542
 0.207500 0.000903 -0.019188
 0.210000 0.000859 -0.015455
 0.212500 0.000826 -0.011198
 0.215000 0.000802 -0.008085
 0.217500 0.000784 -0.007106
 0.220000 0.000765 -0.008382
 0.222500 0.000741 -0.011007
 0.225000 0.000709 -0.013959
 0.227500 0.000671 -0.016522
 0.230000 0.000628 -0.018017
 0.232500 0.000582 -0.018265
 0.235000 0.000537 -0.017160
 0.237500 0.000497 -0.014503
 0.240000 0.000466 -0.010150
 0.242500 0.000448 -0.003952
 0.245000 0.000448 0.004343
 0.247500 0.000472 0.015017
 0.250000 0.000526 0.028173
 0.252500 0.000615 0.043828
 0.255000 0.000747 0.061684
 0.257500 0.000925 0.081034
 0.260000 0.001153 0.100758
 0.262500 0.001428 0.119343
 0.265000 0.001747 0.135200
 0.267500 0.002101 0.146530
 0.270000 0.002475 0.152105
 0.272500 0.002856 0.151320
 0.275000 0.003228 0.144769
 0.277500 0.003576 0.133351
 0.280000 0.003893 0.118967
 0.282500 0.004171 0.103193
 0.285000 0.004409 0.087478
 0.287500 0.004609 0.072966
 0.290000 0.004776 0.060727
 0.292500 0.004916 0.052044
 0.295000 0.005040 0.047839
 0.297500 0.005161 0.049030
 0.300000 0.005290 0.055518
 0.302500 0.005441 0.065762
 0.305000 0.005620 0.077109
 0.307500 0.005826 0.086724
 0.310000 0.006051 0.091991
 0.312500 0.006282 0.091882
 0.315000 0.006506 0.087268
 0.317500 0.006716 0.080375
 0.320000 0.006909 0.074653
 0.322500 0.007093 0.073110
 0.325000 0.007281 0.078208
 0.327500 0.007490 0.090660
 0.330000 0.007740 0.109898
 0.332500 0.008044 0.134267
 0.335000 0.008413 0.161345
 0.337500 0.008851 0.188023
 0.340000 0.009351 0.210544
 0.342500 0.009898 0.225747
 0.345000 0.010472 0.231564
 0.347500 0.011050 0.228850
 0.350000 0.011613 0.220502
 0.352500 0.012153 0.211580
 0.355000 0.012675 0.207040
 0.357500 0.013196 0.211405
 0.360000 0.013741 0.226295
 0.362500 0.014336 0.251472
 0.365000 0.015007 0.285517
 0.367500 0.015771 0.325818
 0.370000 0.016640 0.369288
 0.372500 0.017618 0.412151
 0.375000 0.018700 0.451903
 0.377500 0.019872 0.484141
 0.380000 0.021113 0.506855
 0.382500 0.022398 0.519150
 0.385000 0.023703 0.522984
 0.387500 0.025011 0.523106
 0.390000 0.026320 0.524391
 0.392500 0.027639 0.531666
 0.395000 0.028988 0.547565
 0.397500 0.030387 0.571361
 0.400000 0.031851 0.598948
 0.402500 0.033384 0.626033
 0.405000 0.034981 0.650043
 0.407500 0.036634 0.672373
 0.410000 0.038348 0.698744
 0.412500 0.040141 0.737156
 0.415000 0.042053 0.795322
 0.417500 0.044138 0.876221
 0.420000 0.046454 0.977496
 0.422500 0.049041 1.091454
 0.425000 0.051911 1.202733
 0.427500 0.055040 1.294407
 0.430000 0.058357 1.351419
 0.432500 0.061763 1.364474
 0.435000 0.065144 1.333240
 0.437500 0.068402 1.267959
 0.440000 0.071476 1.187984
 0.442500 0.074354 1.117567
 0.445000 0.077091 1.077302
 0.447500 0.079781 1.080677
 0.450000 0.082538 1.128588
 0.452500 0.085456 1.211601
 0.455000 0.088613 1.313084
 0.457500 0.092029 1.417562
 0.460000 0.095700 1.515559
 0.462500 0.099608 1.608268
 0.465000 0.103750 1.706002
 0.467500 0.108157 1.820996
 0.470000 0.112884 1.962965
 0.472500 0.118000 2.131939
 0.475000 0.123562 2.317056
 0.477500 0.129585 2.498429
 0.480000 0.136042 2.660311
 0.482500 0.142860 2.787436
 0.485000 0.149956 2.880496
 0.487500 0.157246 2.948186
 0.490000 0.164693 3.006891
 0.492500 0.172295 3.073183
 0.495000 0.180085 3.158317
 0.497500 0.188113 3.264275
 0.500000 0.196421 3.382146
 0.502500 0.205026 3.497655
 0.505000 0.213903 3.596287
 0.507500 0.222993 3.668052
 0.510000 0.232230 3.715041
 0.512500 0.241562 3.747602
 0.515000 0.250984 3.788154
 0.517500 0.260541 3.860819
 0.520000 0.270339 3.981296
 0.522500 0.280499 4.152003
 0.525000 0.291135 4.362661
 0.527500 0.302325 4.586416
 0.530000 0.314070 4.799070
 0.532500 0.326310 4.985531
 0.535000 0.338981 5.142780
 0.537500 0.352020 5.284749
 0.540000 0.365420 5.436535
 0.542500 0.379238 5.619457
 0.545000 0.393566 5.845761
 0.547500 0.408510 6.113379
 0.550000 0.424163 6.409693
 0.552500 0.440573 6.716100
 0.555000 0.457747 7.017615
 0.557500 0.475662 7.310196
 0.560000 0.494296 7.587774
 0.562500 0.513598 7.851457
 0.565000 0.533548 8.097248
 0.567500 0.554088 8.327189
 0.570000 0.575186 8.544283
 0.572500 0.596819 8.758706
 0.575000 0.618995 8.982037
 0.577500 0.641763 9.233336
 0.580000 0.665213 9.531606
 0.582500 0.689483 9.888250
 0.585000 0.714727 10.310721
 0.587500 0.741101 10.798040
 0.590000 0.768775 11.340839
 0.592500 0.797852 11.919783
 0.595000 0.828387 12.501444
 0.597500 0.860346 13.054527
 0.600000 0.893619 13.543311
 0.602500 0.928011 13.948291
 0.605000 0.963300 14.264719
 0.607500 0.999279 14.504706
 0.610000 1.035788 14.693477
 0.612500 1.072746 14.871386
 0.615000 1.110178 15.072443
 0.617500 1.148168 15.324006
 0.620000 1.186858 15.635840
 0.622500 1.226398 16.001266
 0.625000 1.266909 16.408690
 0.627500 1.308475 16.847954
 0.630000 1.351168 17.307342
 0.632500 1.395041 17.791507
 0.635000 1.440162 18.305619
 0.637500 1.486602 18.852440
 0.640000 1.534434 19.410469
 0.642500 1.583641 19.954242
 0.645000 1.634145 20.438651
 0.647500 1.685757 20.838128
 0.650000 1.738242 21.142242
 0.652500 1.791387 21.363944
 0.655000 1.845023 21.548471
 0.657500 1.899125 21.739538
 0.660000 1.953728 21.959090
 0.662500 2.008929 22.207511
 0.665000 2.064752 22.453382
 0.667500 2.121152 22.676935
 0.670000 2.178058 22.855757
 0.672500 2.235389 23.010910
 0.675000 2.293124 23.200698
 0.677500 2.351441 23.486318
 0.680000 2.410651 23.916442
 0.682500 2.471144 24.515149
 0.685000 2.533312 25.262629
 0.687500 2.597508 26.123365
 0.690000 2.663954 27.066212
 0.692500 2.732830 28.076393
 0.695000 2.804323 29.156641
 0.697500 2.878620 30.317910
 0.700000 2.955902 31.534142
 0.702500 3.036228 32.744705
 0.705000 3.119457 33.834094
 0.707500 3.205097 34.649590
 0.710000 3.292297 35.066031
 0.712500 3.379946 35.016205
 0.715000 3.466908 34.536041
 0.717500 3.552292 33.775617
 0.720000 3.635636 32.947253
 0.722500 3.717053 32.264118
 0.725000 3.797093 31.873009
 0.727500 3.876559 31.799321
 0.730000 3.956166 31.962123
 0.732500 4.036317 32.207150
 0.735000 4.116996 32.375332
 0.737500 4.197846 32.332257
 0.740000 4.278273 32.044541
 0.742500 4.357705 31.530105
 0.745000 4.435651 30.877682
 0.747500 4.511859 30.165047
 0.750000 4.586263 29.454603
 0.752500 4.658912 28.760426
 0.755000 4.729815 28.059475
 0.757500 4.798874 27.285926
 0.760000 4.865822 26.373738
 0.762500 4.930299 25.299073
 0.765000 4.991902 24.093526
 0.767500 5.050372 22.810775
 0.770000 5.105617 21.522339
 0.772500 5.157635 20.241205
 0.775000 5.206388 18.901511
 0.777500 5.251553 17.351910
 0.780000 5.292399 15.413378
 0.782500 5.327753 12.956447
 0.785000 5.356250 9.938844
 0.787500 5.376562 6.451490
 0.790000 5.387756 2.678440
 0.792500 5.389406 -1.140697
 0.795000 5.381657 -4.792969
 0.797500 5.365122 -8.166029
 0.800000 5.340508 -11.241561
 0.802500 5.308479 -14.104875
 0.805000 5.269413 -16.884503
 0.807500 5.223358 -19.704786
 0.810000 5.170110 -22.635830
 0.812500 5.109398 -25.672529
 0.815000 5.041012 -28.762455
 0.817500 4.964911 -31.825705
 0.820000 4.881210 -34.811651
 0.822500 4.790119 -37.723475
 0.825000 4.691796 -40.607219
 0.827500 4.586242 -43.520751
 0.830000 4.473314 -46.506203
 0.832500 4.352791 -49.577213
 0.835000 4.224506 -52.711272
 0.837500 4.088382 -55.854518
 0.840000 3.944461 -58.919489
 0.842500 3.793032 -61.845112
 0.845000 3.634547 -64.561854
 0.847500 3.469605 -66.988623
 0.850000 3.299046 -69.040140
 0.852500 3.123922 -70.613411
 0.855000 2.945575 -71.623757
 0.857500 2.765497 -71.995338
 0.860000 2.585315 -71.710016
 0.862500 2.406628 -70.810251
 0.865000 2.230880 -69.393379
 0.867500 2.059211 -67.568880
 0.870000 1.892481 -65.465183
 0.872500 1.731260 -63.181780
 0.875000 1.575908 -60.781214
 0.877500 1.426693 -58.290196
 0.880000 1.283859 -55.686837
 0.882500 1.147723 -52.926507
 0.885000 1.018742 -49.966344
 0.887500 0.897465 -46.775933
 0.890000 0.784467 -43.353610
 0.892500 0.680292 -39.746729
 0.895000 0.585302 -36.031546
 0.897500 0.499647 -32.311311
 0.900000 0.423213 -28.685197
 0.902500 0.355662 -25.235823
 0.905000 0.296469 -22.011196
 0.907500 0.245036 -19.039842
 0.910000 0.200726 -16.330921
 0.912500 0.162878 -13.874377
 0.915000 0.130871 -11.668743
 0.917500 0.104085 -9.710075
 0.920000 0.081907 -7.993325
 0.922500 0.063731 -6.507404
 0.925000 0.049003 -5.246551
 0.927500 0.037183 -4.188121
 0.930000 0.027794 -3.308574
 0.932500 0.020415 -2.580502
 0.935000 0.014697 -1.982356
 0.937500 0.010337 -1.493229
 0.940000 0.007085 -1.099625
 0.942500 0.004719 -0.788440
 0.945000 0.003042 -0.546782
 0.947500 0.001899 -0.367508
 0.950000 0.001140 -0.236739
 0.952500 0.000659 -0.146840
 0.955000 0.000366 -0.087287
 0.957500 0.000194 -0.049303
 0.960000 0.000098 -0.026624
 0.962500 0.000046 -0.013189
 0.965000 0.000020 -0.006097
 0.967500 0.000009 -0.002783
 0.970000 0.000003 -0.001056
 0.972500 0.000001 -0.000382
 0.975000 0.000000 -0.000085
 0.977500 0.000000 0.000000
 0.980000 0.000000 0.000000
 0.982500 0.000000 0.000000
 0.985000 0.000000 0.000000
 0.987500 0.000000 0.000000
 0.990000 0.000000 0.000000
 0.992500 0.000000 0.000000
 0.995000 0.000000 0.000000
 0.997500 0.000000 0.000000
 1.000000 0.000000 0.000000
 1.002500 0.000000 0.000000
 1.005000 0.000000 0.000000
 1.007500 0.000000 0.000000
 1.010000 0.000000 0.000000
 1.012500 0.000000 0.000000
 1.015000 0.000000 0.000000
 1.017500 0.000000 0.000000
 1.020000 0.000000 0.000000
 1.022500 0.000000 0.000000
 1.025000 0.000000 0.000000
 1.027500 0.000000 0.000000
 1.030000 0.000000 0.000000
 1.032500 0.000000 0.000000
 1.035000 0.000000 0.000000
 1.037500 0.000000 0.000000
 1.040000 0.000000 0.000000
 1.042500 0.000000 0.000000
 1.045000 0.000000 0.000000
 1.047500 0.000000 0.000000
 1.050000 0.000000 0.000000
 1.052500 0.000000 0.000000
 1.055000 0.000000 0.000000
 1.057500 0.000000 0.000000
 1.060000 0.000000 0.000000
 1.062500 0.000000 0.000000
 1.065000 0.000000 0.000000
 1.067500 0.000000 0.000000
 1.070000 0.000000 0.000000
 1.072500 0.000000 0.000000
 1.075000 0.000000 0.000000
 1.077500 0.000000 0.000000
 1.080000 0.000000 0.000000
 1.082500 0.000000 0.000000
 1.085000 0.000000 0.000000
 1.087500 0.000000 0.000000
 1.090000 0.000000 0.000000
 1.092500 0.000000 0.000000
 1.095000 0.000000 0.000000
 1.097500 0.000000 0.000000
 1.100000 0.000000 0.000000
 1.102500 0.000000 0.000000
 1.105000 0.000000 0.000000
 1.107500 0.000000 0.000000
 1.110000 0.000000 0.000000
 1.112500 0.000000 0.000000
 1.115000 0.000000 0.000000
 1.117500 0.000000 0.000000
 1.120000 0.000000 0.000000
 1.122500 0.000000 0.000000
 1.125000 0.000000 0.000000
 1.127500 0.000000 0.000000
 1.130000 0.000000 0.000000
 1.132500 0.000000 0.000000
 1.135000 0.000000 0.000000
 1.137500 0.000000 0.000000
 1.140000 0.000000 0.000000
 1.142500 0.000000 0.000000
 1.145000 0.000000 0.000000
 1.147500 0.000000 0.000000
 1.150000 0.000000 0.000000
 1.152500 0.000000 0.000000
 1.155000 0.000000 0.000000
 1.157500 0.000000 0.000000
 1.160000 0.000000 0.000000
 1.162500 0.000000 0.000000
 1.165000 0.000000 0.000000
 1.167500 0.000000 0.000000
 1.170000 0.000000 0.000000
 1.172500 0.000000 0.000000
 1.175000 0.000000 0.000000
 1.177500 0.000000 0.000000
 1.180000 0.000000 0.000000
 1.182500 0.000000 0.000000
 1.185000 0.000000 0.000000
 1.187500 0.000000 0.000000
 1.190000 0.000000 0.000000
 1.192500 0.000000 0.000000
 1.195000 0.000000 0.000000
 1.197500 0.000000 0.000000
 1.200000 0.000000 0.000000
 1.202500 0.000000 0.000000
 1.205000 0.000000 0.000000
 1.207500 0.000000 0.000000
 1.210000 0.000000 0.000000
 1.212500 0.000000 0.000000
 1.215000 0.000000 0.000000
 1.217500 0.000000 0.000000
 1.220000 0.000000 0.000000
 1.222500 0.000000 0.000000
 1.225000 0.000000 0.000000
 1.227500 0.000000 0.000000
 1.230000 0.000000 0.000000
 1.232500 0.000000 0.000000
 1.235000 0.000000 0.000000
 1.237500 0.000000 0.000000
 1.240000 0.000000 0.000000
 1.242500 0.000000 0.000000
 1.245000 0.000000 0.000000
 1.247500 0.000000 0.000000
 1.250000 0.000000 0.000000
 1.252500 0.000000 0.000000
 1.255000 0.000000 0.000000
 1.257500 0.000000 0.000000
 1.260000 0.000000 0.000000
 1.262500 0.000000 0.000000
 1.265000 0.000000 0.000000
 1.267500 0.000000 0.000000
 1.270000 0.000000 0.000000
 1.272500 0.000000 0.000000
 1.275000 0.000000 0.000000
 1.277500 0.000000 0.000000
 1.280000 0.000000 0.000000
 1.282500 0.000000 0.000000
 1.285000 0.000000 0.000000
 1.287500 0.000000 0.000000
 1.290000 0.000000 0.000000
 1.292500 0.000000 0.000000
 1.295000 0.000000 0.000000
 1.297500 0.000000 0.000000
 1.300000 0.000000 0.000000
 1.302500 0.000000 0.000000
 1.305000 0.000000 0.000000
 1.307500 0.000000 0.000000
 1.310000 0.000000 0.000000
 1.312500 0.000000 0.000000
 1.315000 0.000000 0.000000
 1.317500 0.000000 0.000000
 1.320000 0.000000 0.000000
 1.322500 0.000000 0.000000
 1.325000 0.000000 0.000000
 1.327500 0.000000 0.000000
 1.330000 0.000000 0.000000
 1.332500 0.000000 0.000000
 1.335000 0.000000 0.000000
 1.337500 0.000000 0.000000
 1.340000 0.000000 0.000000
 1.342500 0.000000 0.000000
 1.345000 0.000000 0.000000
 1.347500 0.000000 0.000000
 1.350000 0.000000 0.000000
 1.352500 0.000000 0.000000
 1.355000 0.000000 0.000000
 1.357500 0.000000 0.000000
 1.360000 0.000000 0.000000
 1.362500 0.000000 0.000000
 1.365000 0.000000 0.000000
 1.367500 0.000000 0.000000
 1.370000 0.000000 0.000000
 1.372500 0.000000 0.000000
 1.375000 0.000000 0.000000
 1.377500 0.000000 0.000000
 1.380000 0.000000 0.000000
 1.382500 0.000000 0.000000
 1.385000 0.000000 0.000000
 1.387500 0.000000 0.000000
 1.390000 0.000000 0.000000
 1.392500 0.000000 0.000000
 1.395000 0.000000 0.000000
 1.397500 0.000000 0.000000
 1.400000 0.000000 0.000000
 1.402500 0.000000 0.000000
 1.405000 0.000000 0.000000
 1.407500 0.000000 0.000000
 1.410000 0.000000 0.000000
 1.412500 0.000000 0.000000
 1.415000 0.000000 0.000000
 1.417500 0.000000 0.000000
 1.420000 0.000000 0.000000
 1.422500 0.000000 0.000000
 1.425000 0.000000 0.000000
 1.427500 0.000000 0.000000
 1.430000 0.000000 0.000000
 1.432500 0.000000 0.000000
 1.435000 0.000000 0.000000
 1.437500 0.000000 0.000000
 1.440000 0.000000 0.000000
 1.442500 0.000000 0.000000
 1.445000 0.000000 0.000000
 1.447500 0.000000 0.000000
 1.450000 0.000000 0.000000
 1.452500 0.000000 0.000000
 1.455000 0.000000 0.000000
 1.457500 0.000000 0.000000
 1.460000 0.000000 0.000000
 1.462500 0.000000 0.000000
 1.465000 0.000000 0.000000
 1.467500 0.000000 0.000000
 1.470000 0.000000 0.000000
 1.472500 0.000000 0.000000
 1.475000 0.000000 0.000000
 1.477500 0.000000 0.000000
 1.480000 0.000000 0.000000
 1.482500 0.000000 0.000000
 1.485000 0.000000 0.000000
 1.487500 0.000000 0.000000
 1.490000 0.000000 0.000000
 1.492500 0.000000 0.000000
 1.495000 0.000000 0.000000
 1.497500 0.000000 0.000000
 1.500000 0.000000 0.000000
 1.502500 0.000000 0.000000
 1.505000 0.000000 0.000000
 1.507500 0.000000 0.000000
 1.510000 0.000000 0.000000
 1.512500 0.000000 0.000000
 1.515000 0.000000 0.000000
 1.517500 0.000000 0.000000
 1.520000 0.000000 0.000000
 1.522500 0.000000 0.000000
 1.525000 0.000000 0.000000
 1.527500 0.000000 0.000000
 1.530000 0.000000 0.000000
 1.532500 0.000000 0.000000
 1.535000 0.000000 0.000000
 1.537500 0.000000 0.000000
 1.540000 0.000000 0.000000
 1.542500 0.000000 0.000000
 1.545000 0.000000 0.000000
 1.547500 0.000000 0.000000
 1.550000 0.000000 0.000000
 1.552500 0.000000 0.000000
 1.555000 0.000000 0.000000
 1.557500 0.000000 0.000000
 1.560000 0.000000 0.000000
 1.562500 0.000000 0.000000
 1.565000 0.000000 0.000000
 1.567500 0.000000 0.000000
 1.570000 0.000000 0.000000
 1.572500 0.000000 0.000000
 1.575000 0.000000 0.000000
 1.577500 0.000000 0.000000
 1.580000 0.000000 0.000000
 1.582500 0.000000 0.000000
 1.585000 0.000000 0.000000
 1.587500 0.000000 0.000000
 1.590000 0.000000 0.000000
 1.592500 0.000000 0.000000
 1.595000 0.000000 0.000000
 1.597500 0.000000 0.000000
 1.600000 0.000000 0.000000
 1.602500 0.000000 0.000000
 1.605000 0.000000 0.000000
 1.607500 0.000000 0.000000
 1.610000 0.000000 0.000000
 1.612500 0.000000 0.000000
 1.615000 0.000000 0.000000
 1.617500 0.000000 0.000000
 1.620000 0.000000 0.000000
 1.622500 0.000000 0.000000
 1.625000 0.000000 0.000000
 1.627500 0.000000 0.000000
 1.630000 0.000000 0.000000
 1.632500 0.000000 0.000000
 1.635000 0.000000 0.000000
 1.637500 0.000000 0.000000
 1.640000 0.000000 0.000000
 1.642500 0.000000 0.000000
 1.645000 0.000000 0.000000
 1.647500 0.000000 0.000000
 1.650000 0.000000 0.000000
 1.652500 0.000000 0.000000
 1.655000 0.000000 0.000000
 1.657500 0.000000 0.000000
 1.660000 0.000000 0.000000
 1.662500 0.000000 0.000000
 1.665000 0.000000 0.000000
 1.667500 0.000000 0.000000
 1.670000 0.000000 0.000000
 1.672500 0.000000 0.000000
 1.675000 0.000000 0.000000
 1.677500 0.000000 0.000000
 1.680000 0.000000 0.000000
 1.682500 0.000000 0.000000
 1.685000 0.000000 0.000000
 1.687500 0.000000 0.000000
 1.690000 0.000000 0.000000
 1.692500 0.000000 0.000000
 1.695000 0.000000 0.000000
 1.697500 0.000000 0.000000
 1.700000 0.000000 0.000000
 1.702500 0.000000 0.000000
 1.705000 0.000000 0.000000
 1.707500 0.000000 0.000000
 1.710000 0.000000 0.000000
 1.712500 0.000000 0.000000
 1.715000 0.000000 0.000000
 1.717500 0.000000 0.000000
 1.720000 0.000000 0.000000
 1.722500 0.000000 0.000000
 1.725000 0.000000 0.000000
 1.727500 0.000000 0.000000
 1.730000 0.000000 0.000000
 1.732500 0.000000 0.000000
 1.735000 0.000000 0.000000
 1.737500 0.000000 0.000000
 1.740000 0.000000 0.000000
 1.742500 0.000000 0.000000
 1.745000 0.000000 0.000000
 1.747500 0.000000 0.000000
 1.750000 0.000000 0.000000
 1.752500 0.000000 0.000000
 1.755000 0.000000 0.000000
 1.757500 0.000000 0.000000
 1.760000 0.000000 0.000000
 1.762500 0.000000 0.000000
 1.765000 0.000000 0.000000
 1.767500 0.000000 0.000000
 1.770000 0.000000 0.000000
 1.772500 0.000000 0.000000
 1.775000 0.000000 0.000000
 1.777500 0.000000 0.000000
 1.780000 0.000000 0.000000
 1.782500 0.000000 0.000000
 1.785000 0.000000 0.000000
 1.787500 0.000000 0.000000
 1.790000 0.000000 0.000000
 1.792500 0.000000 0.000000
 1.795000 0.000000 0.000000
 1.797500 0.000000 0.000000
 1.800000 0.000000 0.000000
 1.802500 0.000000 0.000000
 1.805000 0.000000 0.000000
 1.807500 0.000000 0.000000
 1.810000 0.000000 0.000000
 1.812500 0.000000 0.000000
 1.815000 0.000000 0.000000
 1.817500 0.000000 0.000000
 1.820000 0.000000 0.000000
 1.822500 0.000000 0.000000
 1.825000 0.000000 0.000000
 1.827500 0.000000 0.000000
 1.830000 0.000000 0.000000
 1.832500 0.000000 0.000000
 1.835000 0.000000 0.000000
 1.837500 0.000000 0.000000
 1.840000 0.000000 0.000000
 1.842500 0.000000 0.000000
 1.845000 0.000000 0.000000
 1.847500 0.000000 0.000000
 1.850000 0.000000 0.000000
 1.852500 0.000000 0.000000
 1.855000 0.000000 0.000000
 1.857500 0.000000 0.000000
 1.860000 0.000000 0.000000
 1.862500 0.000000 0.000000
 1.865000 0.000000 0.000000
 1.867500 0.000000 0.000000
 1.870000 0.000000 0.000000
 1.872500 0.000000 0.000000
 1.875000 0.000000 0.000000
 1.877500 0.000000 0.000000
 1.880000 0.000000 0.000000
 1.882500 0.000000 0.000000
 1.885000 0.000000 0.000000
 1.887500 0.000000 0.000000
 1.890000 0.000000 0.000000
 1.892500 0.000000 0.000000
 1.895000 0.000000 0.000000
 1.897500 0.000000 0.000000
 1.900000 0.000000 0.000000
 1.902500 0.000000 0.000000
 1.905000 0.000000 0.000000
 1.907500 0.000000 0.000000
 1.910000 0.000000 0.000000
 1.912500 0.000000 0.000000
 1.915000 0.000000 0.000000
 1.917500 0.000000 0.000000
 1.920000 0.000000 0.000000
 1.922500 0.000000 0.000000
 1.925000 0.000000 0.000000
 1.927500 0.000000 0.000000
 1.930000 0.000000 0.000000
 1.932500 0.000000 0.000000
 1.935000 0.000000 0.000000
 1.937500 0.000000 0.000000
 1.940000 0.000000 0.000000
 1.942500 0.000000 0.000000
 1.945000 0.000000 0.000000
 1.947500 0.000000 0.000000
 1.950000 0.000000 0.000000
 1.952500 0.000000 0.000000
 1.955000 0.000000 0.000000
 1.957500 0.000000 0.000000
 1.960000 0.000000 0.000000
 1.962500 0.000000 0.000000
 1.965000 0.000000 0.000000
 1.967500 0.000000 0.000000
 1.970000 0.000000 0.000000
 1.972500 0.000000 0.000000
 1.975000 0.000000 0.000000
 1.977500 0.000000 0.000000
 1.980000 0.000000 0.000000
 1.982500 0.000000 0.000000
 1.985000 0.000000 0.000000
 1.987500 0.000000 0.000000
 1.990000 0.000000 0.000000
 1.992500 0.000000 0.000000
 1.995000 0.000000 0.000000
 1.997500 0.000000 0.000000
 2.000000 0.000000 0.000000
